Estacion,Lat,Lon,meses:1,3,6,9,12,24,36,48
E000V00003,-69.478,-17.595,-0.527499973773956,0.29109999537468,0.71969997882843,0.812200009822845,0.706300020217896,0.30120000243187,0.198500007390976,-0.542200028896332
E000V00002,-69.554,-18.197,-0.326700001955032,1.4617999792099,0.942600011825562,1.14079999923706,1.10259997844696,0.628400027751923,0.12610000371933,0.0690999999642372
E000180005,-70.34,-18.356,0.556800007820129,0.808399975299835,0.697700023651123,0.481499999761581,0.246999993920326,0.782100021839142,1.04260003566742,1.03390002250671
E000V00001,-69.857,-19.011,0.510900020599365,0.511300027370453,0.481499999761581,0.18469999730587,0,0.331800013780594,0.730099976062775,0.873399972915649
E000V00006,-68.638,-19.276,0.933099985122681,1.44969999790192,1.31500005722046,1.2882000207901,1.46819996833801,1.51450002193451,1.20360004901886,0.784699976444244
E000V00005,-69.427,-19.313,0.203700006008148,0.810199975967407,0.649600028991699,0.48429998755455,0.44760000705719,0.432200014591217,0.595099985599518,0.811900019645691
E000V00007,-69.767,-19.996,1.29289996623993,1.15869998931885,1.02409994602203,0.775600016117096,0.423900008201599,0.871399998664856,0.877600014209747,0.657500028610229
E000V00004,-70.117,-20.25,1.20949995517731,1.1275999546051,0.799899995326996,0.690900027751923,0.581399977207184,0.740599989891052,0.800300002098083,0.874100029468536
E000V00008,-69.342,-20.501,0.918099999427795,0.991800010204315,1.04779994487762,0.721199989318848,0.572000026702881,0.530200004577637,0.890999972820282,1.04320001602173
E000200006,-70.181,-20.549,1.73329997062683,1.58210003376007,1.33089995384216,1.08329999446869,0.994899988174438,0.913299977779388,0.939899981021881,1.04509997367859
E000V00011,-68.255,-21.224,-0.163200005888939,-0.200900003314018,0.360799998044968,0.54559999704361,0.703700006008148,1.05840003490448,0.909799993038177,0.828499972820282
E000V00013,-70.2,-22.091,1.3429000377655,1.19760000705719,0.985899984836578,0.841300010681152,0.833400011062622,0.894599974155426,1.01719999313354,1.39989995956421
E000V00014,-69.666,-22.35,1.55690002441406,1.50950002670288,1.18239998817444,1.02289998531342,1.06340003013611,0.985199987888336,0.965499997138977,1.12880003452301
E000220002,-68.892,-22.498,2.11619997024536,1.79849994182587,1.30840003490448,1.05449998378754,0.898299992084503,1.16690003871918,1.04149997234344,0.974200010299683
E000V00009,-69.32,-22.892,1.6599999666214,1.73629999160767,1.26499998569489,1.19309997558594,0.918500006198883,1.09080004692078,1.10909998416901,1.11380004882812
E000V00012,-68.213,-22.932,0.660600006580353,1.22710001468658,1.5686000585556,1.65139997005463,1.4074000120163,1.07690000534058,1.12320005893707,1.06490004062653
E000230001,-70.445,-23.454,1.48549997806549,1.43739998340607,1.20480000972748,1.17219996452332,1.22619998455048,1.55680000782013,1.48329997062683,1.45190000534058
E000V00166,-67.44,-23.6,1.18190002441406,0.881200015544891,0.947000026702881,0.975499987602234,0.975499987602234,0.805599987506866,1.0543999671936,1.12629997730255
E000V00165,-68.57,-23.94,3.17709994316101,2.45880007743835,1.62590003013611,1.34519994258881,1.14699995517731,1.4264999628067,1.19500005245209,1.22809994220734
E000V00164,-69.69,-24.51,2.1586000919342,2.1117000579834,1.79690003395081,1.75209999084473,1.37919998168945,1.56959998607635,1.2985999584198,1.72720003128052
E000V00167,-69.3,-25,2.49970006942749,2.3701000213623,2.06170010566711,1.74129998683929,1.74070000648499,1.41219997406006,1.37039995193481,1.47520005702972
E000V00010,-70.484,-25.411,1.69690001010895,1.69609999656677,1.5489000082016,1.4679000377655,1.39209997653961,1.56659996509552,1.50940001010895,1.58019995689392
E000V00168,-69.27,-25.7,2.09770011901855,2.09369993209839,1.72290003299713,0.918500006198883,1.08350002765656,0.031199999153614,0.491299986839294,0.738399982452393
E000V00169,-68.99,-26.25,1.40009999275208,1.25720000267029,0.950800001621246,-0.270099997520447,0.514299988746643,-0.554000020027161,-0.068000003695488,-0.0474999994039536
E000V00016,-70.611,-26.332,2.08719992637634,1.97660005092621,1.7577999830246,1.63559997081757,1.67760002613068,2.25570011138916,1.65190005302429,1.77890002727509
E000V00017,-70.046,-26.391,1.45089995861053,1.47749996185303,1.28810000419617,1.22160005569458,1.28480005264282,1.48269999027252,1.51569998264313,1.77810001373291
E000V00170,-69.33,-27.07,1.07679998874664,1.4679000377655,1.307000041008,0.938000023365021,1.37269997596741,0.365099996328354,-0.0659999996423721,-0.320600003004074
E000270008,-70.781,-27.254,1.83609998226166,1.8186000585556,1.33650004863739,1.0081000328064,1.22679996490479,2.06080007553101,1.66260004043579,2.11100006103516
E000270009,-70.353,-27.359,1.55840003490448,1.54719996452332,1.35679996013641,1.21560001373291,1.4025000333786,1.84710001945496,1.57809996604919,1.9264999628067
E000V00171,-69.81,-27.98,0.948599994182587,1.37220001220703,1.37880003452301,0.220599994063377,1.00839996337891,0.149000003933907,-0.19760000705719,0.164100006222725
E000V00019,-71.225,-28.463,0.859099984169006,0.813899993896484,0.604600012302399,0.168200001120567,0.420899987220764,2.69190001487732,1.86619997024536,1.87950003147125
E000V00018,-70.449,-28.768,0.4341000020504,0.247099995613098,0.220599994063377,0.535099983215332,1.17229998111725,1.53989994525909,1.23539996147156,1.82089996337891
E000V00015,-70,-28.976,0.962400019168854,1.48679995536804,1.27269995212555,0.839100003242493,0.986000001430511,0.115800000727177,-0.82039999961853,-1.22850000858307
E000V00021,-71.116,-29.372,0.73470002412796,0.737299978733063,0.629499971866608,0.416999995708466,0.686200022697449,1.82270002365112,1.38549995422363,1.99000000953674
E000290004,-71.207,-29.914,0.488000005483627,0.433499991893768,0.334500014781952,0.103200003504753,0.38060000538826,1.93680000305176,1.49360001087189,1.97580003738403
E000V00022,-70.721,-30.031,0.872699975967407,1.27929997444153,1.68069994449615,1.58770000934601,1.54779994487762,0.871900022029877,0.125799998641014,-0.327499985694885
E000V00020,-71.082,-30.234,0.195199996232986,0.0373999997973442,-0.143999993801117,-0.164900004863739,0.153400003910065,1.39370000362396,1.1061999797821,2.01629996299744
E000V00172,-71.72,-30.38,0.191699996590614,0.17739999294281,0.0351999998092651,-0.13850000500679,-0.060199998319149,1.05190002918243,0.391200006008148,0.539399981498718
E000V00027,-70.937,-30.746,0.0122999995946884,-0.244299992918968,-0.3783999979496,-0.525600016117096,-0.28150001168251,1.14310002326965,0.970300018787384,1.60169994831085
E000V00028,-71.256,-30.838,0.144199997186661,0.0329000018537045,-0.0929000005125999,-0.265899986028671,-0.0741000026464462,1.40090000629425,0.882499992847443,1.13349997997284
E000V00026,-70.999,-31.188,-0.428799986839294,-0.398299992084503,-0.38060000538826,-0.500100016593933,-0.254999995231628,0.96399998664856,0.999400019645691,1.15170001983643
E000V00024,-71.413,-31.39,0.163000002503395,0.267199993133545,0.1908999979496,-0.0399000011384487,0.0926999971270561,1.31289994716644,1.2338000535965,1.3257999420166
E000V00023,-71.152,-31.633,-0.442600011825562,-0.508199989795685,-0.41389998793602,-0.375800013542175,-0.266299992799759,0.630100011825562,1.01400005817413,1.2063000202179
E000V00025,-70.97,-31.783,0.296099990606308,0.177300006151199,0.268700003623962,0.880299985408783,0.873399972915649,1.45050001144409,2.33899998664856,1.96200001239777
E000320019,-70.707,-32.076,0.215100005269051,0.259400010108948,0.53219997882843,-0.168400004506111,0.234400004148483,0.24549999833107,0.338200002908707,0.757000029087067
E000V00035,-70.926,-32.251,-0.597800016403198,-0.514500021934509,-0.288700014352798,-0.216299995779991,-0.168400004506111,0.380699992179871,0.856500029563904,0.781000018119812
E000V00174,-70.464,-32.343,0.80349999666214,0.976300001144409,0.922999978065491,0.767799973487854,0.941100001335144,1.20449995994568,1.14600002765656,1.32710003852844
E000V00033,-70.819,-32.362,0.27250000834465,0.423799991607666,0.845200002193451,-0.906899988651276,-0.393700003623962,-0.456699997186661,0.232800006866455,1.06149995326996
E000V00034,-71.441,-32.505,-0.214399993419647,-0.166800007224083,-0.161100000143051,-0.153300002217293,-0.150199994444847,0.627799987792969,0.751200020313263,0.558000028133392
E000V00175,-71.014,-32.54,-0.513300001621246,-0.587199985980988,-0.270900011062622,-0.105800002813339,0.00109999999403954,0.46000000834465,1.10959994792938,0.978600025177002
E000V00041,-70.725,-32.594,0.24379999935627,0.249200001358986,0.625599980354309,-0.802500009536743,0.0357999987900257,0.468199998140335,0.105400003492832,0.819199979305267
E000V00176,-70.368,-32.618,0.313300013542175,-0.034400001168251,-0.323500007390976,-0.222800001502037,0.0759000033140182,0.85699999332428,0.562200009822845,1.30110001564026
E000V00040,-70.809,-32.757,0.32480001449585,0.507799983024597,0.294699996709824,-0.783500015735626,0.476799994707108,0.931999981403351,1.07529997825623,1.81439995765686
E000V00031,-71.526,-32.789,-0.523500025272369,-0.52700001001358,-0.5314000248909,-0.415199995040894,-0.48870000243187,0.236800000071526,0.44539999961853,0.253500014543533
E000V00037,-71.173,-32.79,-0.664900004863739,-0.696200013160706,-0.649200022220612,-0.708000004291534,-0.691600024700165,0.24549999833107,0.477699995040894,0.312299996614456
E000320028,-71.227,-32.828,-0.664900004863739,-0.696200013160706,-0.649200022220612,-0.708000004291534,-0.691600024700165,0.24549999833107,0.477699995040894,0.312299996614456
E000V00032,-70.382,-32.89,0.870700001716614,1.40890002250671,0.986299991607666,0.369199991226196,1.06519997119904,0.925000011920929,1.68299996852875,1.28509998321533
E000V00036,-71.207,-32.893,-0.663500010967255,-0.633800029754639,-0.525300025939941,-0.485599994659424,-0.550400018692017,0.234099999070168,0.501800000667572,0.369700014591217
E000V00030,-71.517,-32.917,-0.391999989748001,-0.373100012540817,-0.346700012683868,-0.217999994754791,-0.262199997901917,0.34689998626709,0.626200020313263,0.533599972724915
E000V00042,-71.261,-32.994,-0.663500010967255,-0.633800029754639,-0.525300025939941,-0.485599994659424,-0.550400018692017,0.234099999070168,0.501800000667572,0.369700014591217
E000330002,-71.648,-33.023,-0.0996000021696091,-0.172600001096725,-0.242799997329712,-0.158800005912781,-0.16779999434948,0.550499975681305,0.794099986553192,0.721499979496002
E000330007,-71.556,-33.065,-0.391999989748001,-0.373100012540817,-0.346700012683868,-0.217999994754791,-0.262199997901917,0.34689998626709,0.626200020313263,0.533599972724915
E000V00029,-71.4,-33.083,-0.391999989748001,-0.373100012540817,-0.346700012683868,-0.217999994754791,-0.262199997901917,0.34689998626709,0.626200020313263,0.533599972724915
E000V00051,-70.834,-33.121,0.193399995565414,0.128499999642372,0.24889999628067,-0.713299989700317,-0.268099993467331,-0.215700000524521,0.796800017356873,0.75330001115799
E000V00050,-70.66,-33.147,-0.620400011539459,-0.612600028514862,-0.253699988126755,-0.610599994659424,-0.437400013208389,-0.00989999994635582,0.597299993038177,0.517099976539612
E000V00177,-71.46,-33.23,-0.51800000667572,-0.411199986934662,-0.269400000572205,-0.129800006747246,-0.155399993062019,0.515200018882751,0.773699998855591,0.796199977397919
E000V00178,-71.155,-33.287,-0.776199996471405,-0.757700026035309,-0.604900002479553,-0.686100006103516,-0.778900027275085,0.310699999332428,0.845600008964539,0.948800027370453
E000V00046,-70.502,-33.353,0.684599995613098,1.19389998912811,0.796199977397919,0.457599997520447,0.881500005722046,1.49059998989105,1.40939998626709,1.26110005378723
E000330021,-70.787,-33.378,0.183300003409386,-0.322899997234344,-0.195899993181229,-0.6492999792099,-0.432399988174438,-0.34850001335144,0.294400006532669,0.551199972629547
E000V00043,-70.733,-33.42,0.183300003409386,-0.322899997234344,-0.195899993181229,-0.6492999792099,-0.432399988174438,-0.34850001335144,0.294400006532669,0.551199972629547
E000V00055,-71.026,-33.439,-1.21039998531342,-1.22360002994537,-0.977400004863739,-1.23909997940063,-1.23420000076294,-0.111699998378754,0.301800012588501,0.152999997138977
E000V00038,-71.624,-33.439,-0.410299986600876,-0.338499993085861,-0.225899994373322,-0.148699998855591,-0.177200004458427,0.303900003433228,0.486600011587143,0.44879999756813
E000330020,-70.683,-33.445,0.183300003409386,-0.322899997234344,-0.195899993181229,-0.6492999792099,-0.432399988174438,-0.34850001335144,0.294400006532669,0.551199972629547
E000330019,-70.549,-33.455,0.162300005555153,0.210500001907349,-0.246700003743172,-0.742699980735779,-0.716000020503998,-0.24779999256134,0.45440000295639,0.251199990510941
E000V00044,-70.7,-33.467,0.183300003409386,-0.322899997234344,-0.195899993181229,-0.6492999792099,-0.432399988174438,-0.34850001335144,0.294400006532669,0.551199972629547
E000V00047,-70.766,-33.517,0.183300003409386,-0.322899997234344,-0.195899993181229,-0.6492999792099,-0.432399988174438,-0.34850001335144,0.294400006532669,0.551199972629547
E000V00039,-71.596,-33.543,-0.410299986600876,-0.338499993085861,-0.225899994373322,-0.148699998855591,-0.177200004458427,0.303900003433228,0.486600011587143,0.44879999756813
E000V00045,-70.548,-33.545,0.162300005555153,0.210500001907349,-0.246700003743172,-0.742699980735779,-0.716000020503998,-0.24779999256134,0.45440000295639,0.251199990510941
E000V00058,-70.902,-33.608,-1.21039998531342,-1.22360002994537,-0.977400004863739,-1.23909997940063,-1.23420000076294,-0.111699998378754,0.301800012588501,0.152999997138977
E000V00048,-70.567,-33.617,0.162300005555153,0.210500001907349,-0.246700003743172,-0.742699980735779,-0.716000020503998,-0.24779999256134,0.45440000295639,0.251199990510941
E000330031,-78.833,-33.636,0.120985679328442,0.2608422935009,0.527487754821777,0.481243580579758,0.623856723308563,1.0619592666626,1.13109314441681,1.04421603679657
E000330030,-71.613,-33.656,-0.762899994850159,-0.789600014686584,-0.620000004768372,-0.512600004673004,-0.668299973011017,-0.200399994850159,0.0577000007033348,-0.0825000032782555
E000V00049,-70.089,-33.676,-0.578299999237061,0.271100014448166,0.353700011968613,0.437000006437302,0.375200003385544,0.764900028705597,1.28139996528625,1.73780000209808
E000V00057,-71.101,-33.692,-1.07860004901886,-0.942200005054474,-0.599500000476837,-0.851199984550476,-0.909799993038177,-0.0154999997466803,0.324699997901917,0.0737999975681305
E000V00052,-70.707,-33.707,-0.675599992275238,-0.513300001621246,0.0131999999284744,-0.293700009584427,-0.235699996352196,0.0750000029802322,0.481400012969971,0.428099989891052
E000V00053,-70.639,-33.862,-0.675599992275238,-0.513300001621246,0.0131999999284744,-0.293700009584427,-0.235699996352196,0.0750000029802322,0.481400012969971,0.428099989891052
E000V00179,-70.22,-33.878,-0.333600014448166,-0.139699995517731,-0.0719999969005585,0.216800004243851,0.773899972438812,0.242799997329712,2.38229990005493,1.82109999656677
E000V00056,-71.394,-33.941,-0.863600015640259,-1.07309997081757,-0.826900005340576,-0.599399983882904,-0.829500019550323,-0.184499993920326,0.110200002789497,-0.111699998378754
E000V00068,-71.825,-33.959,-0.818700015544891,-0.931599974632263,-0.745199978351593,-0.616900026798248,-0.737999975681305,0.0952000021934509,0.389999985694885,0.0869999974966049
E000V00064,-70.717,-33.983,-0.840499997138977,-0.606500029563904,-0.0408999994397163,-0.107100002467632,-0.13740000128746,0.209499999880791,0.507700026035309,0.529999971389771
E000V00054,-70.995,-34.029,-0.962599992752075,-1.00360000133514,-0.767199993133545,-0.709100008010864,-0.785199999809265,-0.0913999974727631,0.1841000020504,0.0375000014901161
E000V00059,-70.772,-34.169,-0.188199996948242,-0.125699996948242,0.168099999427795,-0.310499995946884,-0.301099985837936,0.125,0.210099995136261,0.772800028324127
E000V00180,-70.402,-34.203,0.361699998378754,0.446399986743927,1.05099999904633,0.917100012302399,0.961399972438812,1.00100004673004,1.21529996395111,1.96340000629425
E000V00061,-70.997,-34.215,-0.867699980735779,-0.813899993896484,-0.477600008249283,-0.472900003194809,-0.504899978637695,0.0737999975681305,0.323500007390976,0.341399997472763
E000V00062,-71.3,-34.217,-0.754999995231628,-0.655900001525879,-0.405800014734268,-0.332199990749359,-0.42849999666214,0.143299996852875,0.376399993896484,0.292499989271164
E000V00060,-70.948,-34.261,-0.867699980735779,-0.813899993896484,-0.477600008249283,-0.472900003194809,-0.504899978637695,0.0737999975681305,0.323500007390976,0.341399997472763
E000V00066,-70.812,-34.279,-0.188199996948242,-0.125699996948242,0.168099999427795,-0.310499995946884,-0.301099985837936,0.125,0.210099995136261,0.772800028324127
E000V00065,-70.834,-34.322,-0.188199996948242,-0.125699996948242,0.168099999427795,-0.310499995946884,-0.301099985837936,0.125,0.210099995136261,0.772800028324127
E000V00067,-72.019,-34.394,0.168599992990494,0.142000004649162,-0.0811000019311905,-0.542699992656708,-0.630999982357025,0.537299990653992,1.23249995708466,0.869199991226196
E000V00063,-70.21,-34.411,0.469599992036819,0.582099974155426,0.185100004076958,-0.0822999998927116,0.581900000572205,0.985400021076202,0.434899985790253,0.359400004148483
E000V00071,-71.463,-34.485,-0.711499989032745,-0.577099978923798,-0.339599996805191,-0.196299999952316,-0.273900002241135,0.0754999965429306,0.332399994134903,0.226300001144409
E000V00069,-71.898,-34.645,0.237399995326996,0.088699996471405,-0.0992999970912933,-0.723100006580353,-0.952400028705597,0.195199996232986,0.945900022983551,0.827899992465973
E000V00072,-71.4,-34.691,-0.0438000001013279,-0.280400007963181,0.0538999997079372,-0.0274999998509884,-0.576600015163422,0.403400003910065,0.717700004577637,0.558300018310547
E000V00070,-71.63,-34.714,-0.440299987792969,-0.654799997806549,-0.246299996972084,-0.450700014829636,-0.829800009727478,0.0500000007450581,0.452800005674362,0.306499987840652
E000340044,-71.02,-34.721,-0.475899994373322,-0.24779999256134,0.0206000003963709,0.274699985980988,0.31920000910759,0.612900018692017,0.78439998626709,0.927999973297119
E000V00181,-70.52,-34.781,0.734799981117249,1.19620001316071,0.907400012016296,-0.428600013256073,-0.186700001358986,-0.39410001039505,-0.457300007343292,-0.502399981021881
E000V00086,-72.026,-34.855,0.237399995326996,0.088699996471405,-0.0992999970912933,-0.723100006580353,-0.952400028705597,0.195199996232986,0.945900022983551,0.827899992465973
E000V00084,-71.125,-34.96,0.371899992227554,0.616400003433228,0.220300003886223,0.0249000005424023,0.0631000027060509,0.093699999153614,0.189099997282028,0.328999996185303
E000V00083,-71.832,-34.968,-0.115299999713898,-0.169300004839897,0.258399993181229,-0.138199999928474,-0.5692999958992,0.272100001573563,0.717000007629395,0.845399975776672
E000340031,-71.217,-34.969,-0.347499996423721,-0.190799996256828,0.241899996995926,0.317200005054474,0.144999995827675,0.712499976158142,0.927600026130676,0.975000023841858
E000V00085,-70.811,-35,0.142599999904633,0.172000005841255,0.0838999971747398,-0.347799986600876,-0.416900008916855,-0.341300010681152,0.380100011825562,1.27740001678467
E000V00076,-71.956,-35.128,0.0586999990046024,0.135900005698204,0.383100003004074,0.131300002336502,-0.273000001907349,0.394300013780594,0.944000005722046,1.2804000377655
E000V00182,-70.83,-35.398,0.105700001120567,0.558799982070923,1.21010005474091,-0.468699991703033,0.824100017547607,1.41349995136261,-0.0113000003620982,-0.761099994182587
E000V00079,-71.467,-35.419,-0.674799978733063,-0.545000016689301,-0.0359999984502792,0.0754999965429306,0.182300001382828,0.737600028514862,1.01779997348785,1.1253000497818
E000V00078,-71.7,-35.533,-0.75,-0.842299997806549,-0.301099985837936,-0.442299991846085,-0.75110000371933,0.101800002157688,0.599200010299683,1.03729999065399
E000V00074,-71.454,-35.663,-0.454299986362457,-0.143800005316734,0.227599993348122,0.54119998216629,0.77539998292923,1.07449996471405,1.31599998474121,1.62370002269745
E000V00077,-72.082,-35.672,-0.362800002098083,-0.798500001430511,-0.1942999958992,-0.353899985551834,-0.411700010299683,0.559700012207031,1.14289999008179,1.69790005683899
E000V00080,-71.062,-35.699,-1.15199995040894,-1.4695999622345,-1.31850004196167,-1.43630003929138,-1.37909996509552,-1.11520004272461,-0.795499980449677,-0.275200009346008
E000V00081,-72.511,-35.707,-1.30620002746582,-1.38240003585815,-1.47239995002747,-1.61839997768402,-1.79929995536804,-2.35630011558533,-1.82780003547668,-1.54340004920959
E000V00075,-71.631,-35.753,-0.917100012302399,-1.13349997997284,-0.733799993991852,-0.982200026512146,-1.03919994831085,-0.413700014352798,-0.159099996089935,0.0791999995708466
E000V00082,-72.587,-35.836,-1.30620002746582,-1.38240003585815,-1.47239995002747,-1.61839997768402,-1.79929995536804,-2.35630011558533,-1.82780003547668,-1.54340004920959
E000V00183,-71.05,-36.06,0.38170000910759,1.01929998397827,0.870000004768372,-0.526199996471405,-0.453500002622604,-0.0214000009000301,0.385199993848801,0.827300012111664
E000V00087,-72.783,-36.133,-0.207900002598763,-0.433600008487701,-0.155799999833107,-0.493699997663498,-0.771399974822998,-1.03439998626709,-0.313499987125397,0.213799998164177
E000V00073,-71.548,-36.257,-0.421200007200241,-0.225600004196167,0.218099996447563,0.662299990653992,0.774100005626678,0.854300022125244,0.666899979114532,0.703499972820282
E000V00091,-71.9,-36.292,-0.755100011825562,-0.744300007820129,-0.147499993443489,-0.100599996745586,0.257200002670288,0.511300027370453,1.09319996833801,1.26610004901886
E000V00090,-72.64,-36.43,-0.14300000667572,-0.104599997401237,0.275200009346008,-0.163599997758865,-0.24779999256134,0.217399999499321,0.688199996948242,0.916299998760223
E000V00088,-72.699,-36.492,-0.14300000667572,-0.104599997401237,0.275200009346008,-0.163599997758865,-0.24779999256134,0.217399999499321,0.688199996948242,0.916299998760223
E000V00092,-71.549,-36.56,-0.0485999993979931,-0.0926000028848648,0.447499990463257,0.712199985980988,0.744700014591217,0.901099979877472,1.28760004043579,1.76419997215271
E000360011,-72.037,-36.586,-0.708400011062622,-0.552500009536743,0.00910000037401915,0.2432000041008,0.676699995994568,1.11769998073578,1.66770005226135,1.5789999961853
E000V00089,-72.603,-36.625,-0.0636000037193298,-0.00460000010207295,0.559099972248077,0.751500010490417,0.753000020980835,1.72109997272491,2.15939998626709,1.93729996681213
E000V00099,-72.965,-36.672,1.11300003528595,1.32200002670288,1.74380004405975,1.59850001335144,1.54330003261566,1.84340000152588,1.71549999713898,1.45159995555878
E000V00096,-72.704,-36.697,0.618499994277954,0.838100016117096,1.5654000043869,1.25849997997284,1.05850005149841,1.53020000457764,1.57420003414154,1.44319999217987
E000V00098,-72.983,-36.733,1.11300003528595,1.32200002670288,1.74380004405975,1.59850001335144,1.54330003261566,1.84340000152588,1.71549999713898,1.45159995555878
E000360019,-73.066,-36.781,1.11300003528595,1.32200002670288,1.74380004405975,1.59850001335144,1.54330003261566,1.84340000152588,1.71549999713898,1.45159995555878
E000V00184,-71.5,-36.88,-0.311899989843369,0.143800005316734,0.809599995613098,0.257999986410141,0.265399992465973,-0.696399986743927,-0.0758000016212463,0.0883999988436699
E000V00093,-72.099,-36.977,0.00740000000223517,0.431600004434586,1.06780004501343,1.68069994449615,1.93770003318787,2.04789996147156,2.06410002708435,1.59700000286102
E000V00095,-73.14,-37.005,-0.62279999256134,-0.0632999986410141,0.13400000333786,-0.116700001060963,-0.0816999971866608,-0.569199979305267,-0.228300005197525,-0.135900005698204
E000V00106,-72.403,-37.035,-0.355100005865097,-0.0891000032424927,0.439000010490417,0.53329998254776,0.752499997615814,1.44790005683899,2.0297999382019,1.8173999786377
E000V00097,-73.155,-37.092,-0.62279999256134,-0.0632999986410141,0.13400000333786,-0.116700001060963,-0.0816999971866608,-0.569199979305267,-0.228300005197525,-0.135900005698204
E000V00105,-71.245,-37.111,0.254299998283386,1.2581000328064,1.83369994163513,1.54330003261566,1.53629994392395,0.516200006008148,1.5592999458313,1.72370004653931
E000V00094,-72.012,-37.141,-0.462799996137619,-0.28439998626709,0.0241999998688698,1.22950005531311,1.46659994125366,1.23619997501373,1.36960005760193,0.912899971008301
E000V00108,-72.946,-37.167,-0.162799999117851,0.226300001144409,0.793799996376038,0.637399971485138,0.712000012397766,0.128199994564056,0.979099988937378,1.18939995765686
E000V00107,-72.328,-37.213,-0.389400005340576,0.0982000008225441,0.817300021648407,1.21399998664856,1.4815000295639,1.74689996242523,2.05550003051758,1.68400001525879
E000V00111,-71.949,-37.293,-0.462799996137619,-0.28439998626709,0.0241999998688698,1.22950005531311,1.46659994125366,1.23619997501373,1.36960005760193,0.912899971008301
E000V00100,-73.437,-37.305,-0.756699979305267,-0.546599984169006,0.119099996984005,0.260500013828278,0.545799970626831,0.0745000019669533,0.138300001621246,-0.175300002098083
E000V00185,-71.566,-37.323,0.197699993848801,0.512600004673004,1.21290004253387,0.270099997520447,0.493499994277954,-0.333299994468689,0.685999989509583,0.872099995613098
E000370033,-72.424,-37.397,-0.147499993443489,0.160300001502037,0.636900007724762,0.78710001707077,0.78600001335144,1.04449999332428,1.33449995517731,0.957300007343292
E000V00186,-72.83,-37.418,0.0852999985218048,0.306499987840652,0.587999999523163,0.436500012874603,0.535399973392487,0.730300009250641,1.28980004787445,0.803200006484985
E000V00103,-73.33,-37.485,-0.0498999990522861,0.693400025367737,1.16890001296997,1.17589998245239,1.36049997806549,1.20299994945526,1.44729995727539,1.375
E000V00110,-71.875,-37.536,-0.361799985170364,-0.358000010251999,-0.148699998855591,0.0206000003963709,0.199499994516373,0.0339000001549721,0.861400008201599,0.400499999523163
E000V00104,-73.462,-37.627,0.810100018978119,1.22329998016357,1.5029000043869,1.55830001831055,1.67550003528595,1.76810002326965,1.74000000953674,1.46119999885559
E000V00109,-72.007,-37.685,-0.27360001206398,-0.119000002741814,-0.0816000029444695,1.20490002632141,1.41439998149872,1.3309999704361,1.84479999542236,1.103600025177
E000V00116,-72.605,-37.726,-0.285400003194809,0.274699985980988,0.57940000295639,0.758899986743927,0.874700009822845,0.946300029754639,1.14750003814697,0.438899993896484
E000V00101,-73.412,-37.892,0.865499973297119,0.68120002746582,0.481099992990494,0.795300006866455,0.967599987983704,1.08800005912781,1.15919995307922,0.838800013065338
E000V00102,-73.097,-37.95,-0.529900014400482,0.143199995160103,0.529600024223328,0.391699999570847,0.651799976825714,0.655799984931946,0.934099972248077,0.718200027942657
E000V00112,-71.435,-38.057,-0.179000005125999,0.336299985647202,0.952899992465973,0.830399990081787,0.322899997234344,0.407200008630753,1.19060003757477,1.09539997577667
E000V00114,-72.298,-38.146,-0.061999998986721,0.0425999984145164,-0.0894000008702278,0.545000016689301,0.800800025463104,0.92110002040863,1.23280000686646,0.843699991703033
E000V00117,-72.273,-38.228,-0.061999998986721,0.0425999984145164,-0.0894000008702278,0.545000016689301,0.800800025463104,0.92110002040863,1.23280000686646,0.843699991703033
E000V00113,-71.233,-38.25,0.654299974441528,0.913100004196167,1.36329996585846,1.58029997348785,1.70459997653961,1.57679998874664,1.7146999835968,1.74650001525879
E000V00188,-72.956,-38.207,-0.1233000010252,0.395900011062622,0.85970002412796,0.904600024223328,1.25150001049042,1.69050002098083,2.04699993133545,1.97060000896454
E000V00187,-71.75,-38.414,-0.0375999994575977,-0.0666999965906143,-0.00460000010207295,1.1680999994278,1.02160000801086,1.02289998531342,1.93669998645782,1.45770001411438
E000V00121,-72.399,-38.435,-0.513800024986267,-0.363599985837936,-0.104500003159046,-0.0734999999403954,0.0775000005960464,0.229000002145767,0.28999999165535,-0.115699999034405
E000V00129,-72.85,-38.446,-1.36160004138947,-1.03840005397797,-0.438499987125397,-0.497099995613098,-0.180000007152557,-0.131899997591972,0.514500021934509,-0.340400010347366
E000V00126,-72.224,-38.675,0.23819999396801,0.528299987316132,0.675100028514862,0.975000023841858,1.07210004329681,1.16240000724792,1.88259994983673,1.28750002384186
E000V00115,-71.141,-38.732,0.262800008058548,0.975399971008301,1.21010005474091,1.5764000415802,1.06099998950958,1.44120001792908,1.52479994297028,1.15180003643036
E000380013,-72.46,-38.768,-0.669000029563904,-0.255899995565414,0.0828000009059906,0.0588000006973743,0.192399993538857,0.213799998164177,0.790300011634827,-0.131500005722046
E000V00120,-71.683,-38.834,0.00490000005811453,0.0954999998211861,0.354499995708466,1.03079998493195,0.933600008487701,1.14740002155304,1.80900001525879,1.38650000095367
E000V00128,-72.787,-39.022,-0.891300022602081,-0.663900017738342,-0.0810000002384186,0.0542000010609627,0.404000014066696,0.448300004005432,1.04550004005432,0.480800002813339
E000V00127,-72.252,-39.007,0.0256999991834164,0.448900014162064,0.898899972438812,0.981000006198883,1.15260004997253,1.31970000267029,1.61479997634888,1.40009999275208
E000V00122,-72.922,-39.071,-1.20899999141693,-0.869199991226196,-0.0996999964118004,0.237299993634224,0.796400010585785,1.26240003108978,2.2632999420166,1.87839996814728
E000V00118,-72.615,-39.103,-0.442699998617172,-0.275999993085861,-0.0480999983847141,-0.0063999998383224,0.209499999880791,0.305599987506866,1.35150003433228,0.648000001907349
E000V00124,-73.133,-39.165,-1.10210001468658,-0.610400021076202,0.0781999975442886,0.210500001907349,0.691799998283386,1.17050004005432,2.04439997673035,1.53199994564056
E000V00125,-72.261,-39.196,0.432900011539459,0.582599997520447,1.07529997825623,1.15530002117157,1.31120002269745,1.34479999542236,1.72189998626709,1.3856999874115
E000V00119,-71.868,-39.262,0.170000001788139,0.238399997353554,0.929899990558624,0.764599978923798,0.302599996328354,0.120200000703335,1.20229995250702,0.897599995136261
E000V00123,-71.926,-39.289,-0.0719999969005585,-0.0406999997794628,0.155200004577637,0.620000004768372,0.570999979972839,0.347699999809265,1.31319999694824,0.924600005149841
E000V00189,-72.55,-39.373,-0.111100003123283,-0.0186999998986721,0.293000012636185,0.500400006771088,0.78930002450943,1.04050004482269,1.74349999427795,1.20060002803802
E000V00190,-73.177,-39.39,-1.24800002574921,-0.848200023174286,-0.566999971866608,-0.571699976921082,-0.139200001955032,0.264099985361099,0.888400018215179,0.125900000333786
E000V00131,-72.95,-39.632,-0.878099977970123,-0.611400008201599,-0.176899999380112,-0.0467000007629395,0.349200010299683,0.478500008583069,0.985700011253357,0.265899986028671
E000390006,-73.087,-39.657,-0.878099977970123,-0.611400008201599,-0.176899999380112,-0.0467000007629395,0.349200010299683,0.478500008583069,0.985700011253357,0.265899986028671
E000V00130,-72.501,-39.863,-0.516600012779236,-0.578999996185303,0.198500007390976,0.578700006008148,0.984200000762939,1.630499958992,2.05749988555908,1.68710005283356
E000V00191,-71.91,-39.88,0.533200025558472,0.607699990272522,0.725899994373322,1.61730003356934,1.51890003681183,1.35339999198914,1.44840002059937,0.723999977111816
E000V00132,-72.927,-40.096,-0.497399985790253,-0.376800000667572,0.00749999983236194,0.261000007390976,0.921299993991852,1.41910004615784,2.22839999198914,1.42850005626678
E000V00134,-72.415,-40.134,0.599699974060059,0.171299993991852,2.17129993438721,1.51859998703003,1.47189998626709,1.46860003471375,1.50870001316071,0.889500021934509
E000V00193,-73.647,-40.168,-1.30690002441406,-0.82260000705719,-0.13850000500679,0.0410999990999699,0.775300025939941,1.24460005760193,1.85539996623993,1.39020001888275
E000V00133,-73.024,-40.317,-0.764299988746643,-0.715699970722198,-0.428400009870529,-0.155300006270409,0.53219997882843,0.577700018882751,1.1842999458313,0.400799989700317
E000V00135,-72.979,-40.323,-0.764299988746643,-0.715699970722198,-0.428400009870529,-0.155300006270409,0.53219997882843,0.577700018882751,1.1842999458313,0.400799989700317
E000V00139,-73.308,-40.348,-0.723699986934662,-0.45100000500679,0.259099990129471,0.679799973964691,1.25349998474121,1.91199994087219,2.67330002784729,1.96270000934601
E000V00192,-72,-40.52,0.476900011301041,0.366800010204315,0.428200006484985,1.23889994621277,1.27020001411438,0.760200023651123,1.28159999847412,0.610499978065491
E000400009,-73.058,-40.614,-1.4433000087738,-1.21920001506805,-0.936699986457825,-0.73879998922348,-0.523699998855591,-0.472499996423721,0.588599979877472,0.121899999678135
E000V00194,-72.116,-40.623,0.476900011301041,0.366800010204315,0.428200006484985,1.23889994621277,1.27020001411438,0.760200023651123,1.28159999847412,0.610499978065491
E000V00136,-73.152,-40.765,-2.72370004653931,-1.09949994087219,-0.637399971485138,-0.397199988365173,0.125,0.267599999904633,1.1554000377655,0.833599984645844
E000V00138,-73.157,-40.861,-2.72370004653931,-1.09949994087219,-0.637399971485138,-0.397199988365173,0.125,0.267599999904633,1.1554000377655,0.833599984645844
E000V00195,-73.815,-40.873,-0.898899972438812,-0.104800000786781,0.839299976825714,1.37639999389648,1.80320000648499,1.82669997215271,2.23480010032654,1.7496999502182
E000V00137,-72.886,-40.957,-2.20580005645752,-1.36310005187988,-0.847199976444244,-0.795199990272522,-0.238299995660782,0.71560001373291,1.69930005073547,2.1029999256134
E000V00142,-73.377,-41.115,-1.78750002384186,-0.729900002479553,-0.334699988365173,-0.202900007367134,0.156399995088577,0.135800004005432,0.70279997587204,0.117200002074242
E000V00197,-72.339,-41.142,0.640500009059906,0.275700002908707,0.153699994087219,1.22630000114441,1.44389998912811,1.39300000667572,1.85810005664825,1.80770003795624
E000V00143,-73.009,-41.259,-0.169200003147125,-1.18210005760193,-1.09479999542236,-0.559000015258789,0.415699988603592,1.11800003051758,2.06949996948242,1.94939994812012
E000V00196,-73.809,-41.359,-2.08629989624023,-1.07309997081757,-0.507499992847443,-0.375800013542175,-0.00480000022798777,0.0300999991595745,1.04690003395081,0.368400007486343
E000410005,-73.096,-41.448,-0.492000013589859,-1.5592999458313,-1.21480000019073,-1.49759995937347,-0.882099986076355,0.692700028419495,1.24349999427795,0.370099991559982
E000V00198,-72.275,-41.579,0.636699974536896,0.535000026226044,0.788600027561188,1.05030000209808,1.07369995117188,0.628099977970123,1.130499958992,1.36570000648499
E000V00144,-73.672,-41.71,-1.03509998321533,-0.762799978256226,-0.383799999952316,-0.349700003862381,-0.202600002288818,-0.137999996542931,0.354499995708466,-0.303099989891052
E000V00140,-72.435,-41.938,0.796700000762939,0.687600016593933,1.61590003967285,0.375900000333786,0.509400010108948,-0.454100012779236,0.59960001707077,0.398499995470047
E000V00141,-71.865,-42.075,0.980400025844574,0.851599991321564,0.869000017642975,1.30040001869202,1.20210003852844,1.46010005474091,1.49399995803833,1.29019999504089
E000V00151,-72.417,-42.1,0.796700000762939,0.687600016593933,1.61590003967285,0.375900000333786,0.509400010108948,-0.454100012779236,0.59960001707077,0.398499995470047
E000V00149,-73.49,-42.157,0.318599998950958,-0.493600010871887,-0.605700016021729,-0.499799996614456,-0.544399976730347,0.259400010108948,0.459300011396408,-0.445800006389618
E000V00199,-74.078,-42.285,-0.181400001049042,-0.572700023651123,0.297600001096725,0.78329998254776,1.03810000419617,1.46050000190735,1.56169998645782,1.30560004711151
E000V00201,-72.663,-42.355,-0.226300001144409,0.572300016880035,0.0631000027060509,0.274800002574921,0.708100020885468,0.340499997138977,1.04560005664825,0.800300002098083
E000V00147,-73.568,-42.404,0.126473605632782,-0.0744107589125633,0.29812815785408,0.528849601745605,0.750867486000061,0.840420067310333,1.07227790355682,0.790476202964783
E000V00148,-73.633,-42.583,0.240600004792213,-0.472699999809265,-0.343400001525879,0.365599989891052,0.400000005960464,1.16240000724792,0.460599988698959,-0.135199993848801
E000V00146,-73.789,-42.704,-0.806599974632263,-0.512399971485138,-0.116599999368191,0.25,0.38740000128746,0.196700006723404,0.0526000000536442,-0.371399998664856
E000V00145,-72.717,-42.883,0.660199999809265,0.842199981212616,0.651099979877472,0.783200025558472,1.23679995536804,0.284099996089935,0.695100009441376,0.71340000629425
E000430002,-71.852,-43.189,-0.688300013542175,-0.535399973392487,0.921700000762939,1.07400000095367,1.09140002727509,1.57749998569489,1.26419997215271,0.969399988651276
E000V00200,-74.295,-43.208,-0.0838999971747398,0.376899987459183,1.24749994277954,1.49249994754791,1.89989995956421,1.32169997692108,1.45120000839233,1.19690001010895
E000V00202,-72.85,-43.364,0.383599996566772,0.507600009441376,0.349599987268448,0.52649998664856,0.205699995160103,0.158800005912781,0.544600009918213,0.437400013208389
E000V00150,-72.126,-43.474,0.0834999978542328,-0.00460000010207295,0.245900005102158,0.230700001120567,0.413800001144409,-0.00769999995827675,0.743300020694733,0.567600011825562
E000430004,-71.801,-43.612,-1.35839998722076,-0.935100018978119,0.301800012588501,0.60479998588562,0.626900017261505,0.568700015544891,-0.276199996471405,-0.739199995994568
E000V00153,-73.74,-43.89,-0.0389423482120037,0.00233199214562774,0.382500201463699,0.625227868556976,0.838051974773407,0.751918435096741,1.0387909412384,0.882100284099579
E000V00152,-72.387,-43.917,1.0440000295639,0.909699976444244,1.08490002155304,1.12160003185272,0.569599986076355,1.19669997692108,1.8555999994278,1.07190001010895
E000V00154,-71.847,-44.24,0.971300005912781,0.809700012207031,1.62750005722046,1.59930002689362,0.89630001783371,1.01199996471405,0.975000023841858,0.924899995326996
E000V00203,-73.097,-44.729,-0.0109000001102686,0.362899988889694,1.13129997253418,1.27119994163513,1.37370002269745,-0.528699994087219,0.746299982070923,1.00230002403259
E000450001,-72.677,-45.399,0.48870000243187,0.538699984550476,1.02240002155304,1.7581000328064,1.12039995193481,0.619899988174438,1.31439995765686,1.56169998645782
E000450004,-72.102,-45.591,0.0489000007510185,-0.100500002503395,0.395900011062622,0.794000029563904,0.0886000022292137,0.681100010871887,1.05069994926453,0.983799993991852
E000450005,-71.678,-45.918,-0.819599986076355,-0.671500027179718,0.0344999991357327,0.293599992990494,0.136099994182587,1.19019997119904,1.38370001316071,1.18009996414185
E000V00157,-71.941,-46.278,-0.488000005483627,-1.0246000289917,-0.587400019168854,-0.241799995303154,-0.302300006151199,1.0492000579834,0.734099984169006,0.546000003814697
E000V00205,-74.778,-46.355,-0.560199975967407,-0.146899998188019,0.241200000047684,1.35699999332428,2.23239994049072,1.04799997806549,2.15599989891052,2.3345000743866
E000V00204,-73.336,-46.569,1.59270000457764,1.85130000114441,2.28419995307922,1.1385999917984,1.02100002765656,1.2195999622345,1.65160000324249,1.4728000164032
E000460001,-71.685,-46.585,-1.64020001888275,-1.24849998950958,-0.409099996089935,0.101800002157688,0.19930000603199,1.10549998283386,0.998700022697449,1.11230003833771
E000470001,-72.583,-47.244,-0.40090000629425,-0.697300016880035,-1.29540002346039,-0.987600028514862,-0.522000014781952,0.29449999332428,0.413199990987778,0.108999997377396
E000V00156,-73.536,-47.8,-0.111000001430511,-0.0590000003576279,-0.446599990129471,-1.57070004940033,-1.63549995422363,-0.830399990081787,-0.19140000641346,-0.116999998688698
E000V00155,-72.56,-48.471,-0.556800007820129,-2.13770008087158,-1.8154000043869,-0.771499991416931,-0.171100005507469,1.10339999198914,1.84189999103546,1.70099997520447
E000V00206,-73.941,-48.958,0.224467560648918,0.357544869184494,0.543651044368744,0.425146222114563,0.469371676445007,0.729994356632233,1.15608143806458,0.981834352016449
E000V00207,-73.57,-51.07,0.290399998426437,0.876399993896484,0.949999988079071,0.857100009918213,0.907400012016296,1.39100003242493,2.01020002365112,1.45930004119873
E000V00158,-72.967,-51.184,1.96140003204346,0.982400000095367,0.534600019454956,0.363900005817413,0.362199991941452,1.81560003757477,1.1217999458313,1.16690003871918
E000V00159,-71.164,-52.309,1.47930002212524,0.416999995708466,0.169400006532669,0.0930999964475632,0.0983999967575073,1.01219999790192,0.844900012016296,0.388599991798401
E000V00161,-70.361,-52.432,1.47500002384186,0.947000026702881,0.747300028800964,0.615100026130676,0.247600004076958,1.50890004634857,1.11549997329712,-0.0667999982833862
E000V00160,-71.505,-52.601,1.69210004806519,0.455599993467331,0.147400006651878,0.189500004053116,0.204500004649162,0.936500012874603,0.358500003814697,0.0201999992132187
E000V00162,-69.27,-52.8,0.814199984073639,-0.400999993085861,-0.811299979686737,-0.762899994850159,-0.596599996089935,1.22560000419617,1.56120002269745,0.44760000705719
E000520006,-70.839,-53.002,0.83950001001358,-0.0132999997586012,-0.066100001335144,-0.0841000005602837,-0.158099994063377,0.739600002765656,0.674499988555908,-0.133000001311302
E000530005,-70.326,-53.254,0.00740000000223517,-0.671199977397919,-0.468899995088577,-0.408899992704391,-0.274800002574921,0.636699974536896,0.523500025272369,-0.263300001621246
E000V00208,-71.38,-53.8,-0.526400029659271,-1.72119998931885,-1.55139994621277,-0.850300014019012,-0.99370002746582,0.632600009441376,1.19830000400543,0.372000008821487
E000V00163,-68.804,-54.051,0.240600004792213,-1.10590004920959,-1.3856999874115,-1.0430999994278,-1.00590002536774,0.557699978351593,0.562300026416779,-0.0948999971151352
E000550001,-67.616,-54.932,0.32600000500679,-0.0190999992191792,0.0599999986588955,-0.12780000269413,0.717999994754791,1.62800002098083,2.27250003814697,1.39390003681183
