Estacion,Lat,Lon,meses:1,3,6,9,12,24,36,48
E000V00003,-69.478,-17.595,0.292499989271164,0.682299971580505,0.667699992656708,0.444400012493134,0.709399998188019,1.49049997329712,1.5842000246048,1.36989998817444
E000V00002,-69.554,-18.197,1.26600003242493,1.42470002174377,1.3309999704361,1.31679999828339,1.49360001087189,1.55490005016327,1.65279996395111,1.42999994754791
E000180005,-70.34,-18.356,0.873000025749207,0.744199991226196,0.5557000041008,0.727999985218048,1.11409997940063,1.73259997367859,1.55120003223419,1.2529000043869
E000V00001,-69.857,-19.011,0.835200011730194,0.816399991512299,0.67059999704361,0.725399971008301,1.01820003986359,1.52670001983643,1.3367999792099,1.00769996643066
E000V00006,-68.638,-19.276,0.089699998497963,0.0211999993771315,0.239099994301796,0.291500002145767,0.822399973869324,1.62629997730255,1.70840001106262,1.78939998149872
E000V00005,-69.427,-19.313,2.84859991073608,1.67820000648499,1.26209998130798,1.4054000377655,2.03150010108948,2.37069988250732,1.85669994354248,1.51150000095367
E000V00007,-69.767,-19.996,0.528699994087219,0.382099986076355,0.0864000022411346,0.191599994897842,0.665499985218048,1.78830003738403,1.82700002193451,1.46270000934601
E000V00004,-70.117,-20.25,1.68069994449615,1.86220002174377,1.90820002555847,1.75750005245209,1.78690004348755,1.64310002326965,1.49210000038147,1.30649995803833
E000V00008,-69.342,-20.501,1.49930000305176,1.50769996643066,1.52409994602203,1.61419999599457,1.75390005111694,1.84870004653931,1.66270005702972,1.333899974823
E000200006,-70.181,-20.549,1.22969996929169,1.31019997596741,1.52999997138977,1.708899974823,1.79610002040863,1.832200050354,1.80690002441406,1.58290004730225
E000V00011,-68.255,-21.224,-1.27900004386902,-1.00199997425079,-1.0929000377655,-0.890500009059906,-0.764699995517731,-0.103200003504753,0.129399999976158,0.44650000333786
E000V00013,-70.2,-22.091,1.32959997653961,1.53659999370575,1.73599994182587,1.88820004463196,2.11520004272461,1.93669998645782,1.73500001430511,1.56990003585815
E000V00014,-69.666,-22.35,1.22769999504089,1.20200002193451,1.3128000497818,1.41390001773834,1.54809999465942,1.49549996852875,1.44190001487732,1.34730005264282
E000220002,-68.892,-22.498,1.40859997272491,1.41540002822876,1.25899994373322,1.33749997615814,1.50460004806519,1.65320003032684,1.66999995708466,1.50100004673004
E000V00009,-69.32,-22.892,1.2882000207901,1.64189994335175,1.30560004711151,1.23099994659424,1.33410000801086,1.16559994220734,1.25849997997284,1.22150003910065
E000V00012,-68.213,-22.932,0.507000029087067,0.0285000000149012,0.940599977970123,1.14450001716614,1.38520002365112,1.57019996643066,1.65009999275208,1.53020000457764
E000230001,-70.445,-23.454,0.470600008964539,0.43639999628067,0.49329999089241,0.4307000041008,0.602400004863739,0.886600017547607,1.14450001716614,1.39409995079041
E000V00166,-67.44,-23.6,1.15190005302429,1.30630004405975,1.21249997615814,1.43470001220703,1.46379995346069,1.73520004749298,1.60249996185303,1.47560000419617
E000V00165,-68.57,-23.94,1.08259999752045,0.976000010967255,0.903599977493286,1.15009999275208,1.26549994945526,1.45949995517731,1.73129999637604,1.56679999828339
E000V00164,-69.69,-24.51,0.0331999994814396,0.237200006842613,0.265799999237061,0.0500999987125397,0.0474000014364719,0.305400013923645,0.912199974060059,1.08739995956421
E000V00167,-69.3,-25,1.56729996204376,1.6032999753952,1.42530000209808,1.30560004711151,1.38030004501343,1.53589999675751,1.73699998855591,1.68120002746582
E000V00010,-70.484,-25.411,0.412699997425079,0.34060001373291,0.264099985361099,0.0434999987483025,-0.315400004386902,-0.0952000021934509,0.533200025558472,0.80019998550415
E000V00168,-69.27,-25.7,1.38769996166229,0.897499978542328,1.332200050354,1.43079996109009,1.60280001163483,1.96700000762939,2.07879996299744,1.85730004310608
E000V00169,-68.99,-26.25,0.331999987363815,0.113499999046326,0.662800014019012,0.943899989128113,1.24530005455017,2.00359988212585,1.86819994449615,1.65680003166199
E000V00016,-70.611,-26.332,1.54250001907349,0.319099992513657,-0.0291000008583069,-0.164299994707108,-0.609099984169006,-0.256999999284744,0.750500023365021,1.26670002937317
E000V00017,-70.046,-26.391,1.11819994449615,0.89520001411438,0.679499983787537,0.621100008487701,0.491699993610382,0.639100015163422,0.847699999809265,1.05209994316101
E000V00170,-69.33,-27.07,-0.219500005245209,-1.84500002861023,-0.241600006818771,-0.115299999713898,0.159700006246567,1.269700050354,1.70959997177124,1.80939996242523
E000270008,-70.781,-27.254,0.679799973964691,0.536300003528595,0.503199994564056,0.536400020122528,0.350199997425079,0.319799989461899,0.568000018596649,1.0492000579834
E000270009,-70.353,-27.359,0.44080001115799,0.499599993228912,0.564800024032593,0.626999974250793,0.539900004863739,0.658699989318848,0.843299984931946,1.22239995002747
E000V00171,-69.81,-27.98,0.323900014162064,-0.202800005674362,0.612299978733063,0.675300002098083,0.869599997997284,1.14400005340576,1.7936999797821,1.99360001087189
E000V00019,-71.225,-28.463,-0.607999980449677,-0.561600029468536,-0.561699986457825,-0.554899990558624,-0.59469997882843,-0.476799994707108,-0.324099987745285,0.65149998664856
E000V00018,-70.449,-28.768,0.167300000786781,0.364499986171722,0.263700008392334,0.0277999993413687,-0.126800000667572,0.0135000003501773,0.331099987030029,1.20949995517731
E000V00015,-70,-28.976,0.611100018024445,-0.0458999983966351,0.371899992227554,0.463099986314774,0.610899984836578,0.695100009441376,1.34969997406006,1.60280001163483
E000V00021,-71.116,-29.372,-0.762399971485138,-0.72189998626709,-0.648000001907349,-0.6007000207901,-0.563000023365021,-0.422199994325638,-0.147699996829033,0.703299999237061
E000290004,-71.207,-29.914,-1.0673999786377,-1.08239996433258,-1.07239997386932,-1.04040002822876,-0.990199983119965,-0.824000000953674,-0.695599973201752,0.217399999499321
E000V00022,-70.721,-30.031,1.01540005207062,0.756600022315979,0.926400005817413,0.984799981117249,1.12650001049042,1.44860005378723,1.82560002803802,2.11540007591248
E000V00020,-71.082,-30.234,-1.20829999446869,-1.01859998703003,-0.804000020027161,-0.666299998760223,-0.600499987602234,-0.811999976634979,-0.774200022220612,0.131400004029274
E000V00172,-71.72,-30.38,-1.98129999637604,-1.77799999713898,-1.72669994831085,-1.67340004444122,-1.51919996738434,-1.39010000228882,-1.66489994525909,-1.19110000133514
E000V00027,-70.937,-30.746,-1.61389994621277,-1.29939997196198,-1.26059997081757,-1.20290005207062,-1.10590004920959,-1.39600002765656,-1.39649999141693,-0.672999978065491
E000V00028,-71.256,-30.838,-1.58780002593994,-1.44669997692108,-1.39869999885559,-1.37249994277954,-1.28890001773834,-1.35679996013641,-1.42639994621277,-0.752099990844727
E000V00026,-70.999,-31.188,-1.86189997196198,-1.46930003166199,-1.38929998874664,-1.25950002670288,-1.13250005245209,-1.56379997730255,-1.50160002708435,-0.916100025177002
E000V00024,-71.413,-31.39,-1.91050004959106,-1.81239998340607,-1.57910001277924,-1.4313999414444,-1.24559998512268,-1.33299994468689,-1.52550005912781,-0.945699989795685
E000V00023,-71.152,-31.633,-1.91729998588562,-1.87059998512268,-1.58720004558563,-1.37559998035431,-1.19910001754761,-1.45190000534058,-1.60189998149872,-1.0760999917984
E000V00025,-70.97,-31.783,0.618799984455109,1.05410003662109,1.0164999961853,0.584699988365173,0.406199991703033,-0.735499978065491,0.138999998569489,1.05980002880096
E000320019,-70.707,-32.076,0.764400005340576,1.86539995670319,1.60430002212524,1.43879997730255,1.83239996433258,1.332200050354,1.880499958992,1.95679998397827
E000V00035,-70.926,-32.251,-2.16980004310608,-1.67820000648499,-1.2166999578476,-1.02629995346069,-0.941399991512299,-1.58669996261597,-1.52190005779266,-1.08580005168915
E000V00174,-70.464,-32.343,2.36910009384155,1.97520005702972,2.09220004081726,2.12870001792908,2.08290004730225,1.37679994106293,1.58870005607605,1.80850005149841
E000V00033,-70.819,-32.362,1.0786999464035,1.23409998416901,0.699000000953674,0.441000014543533,0.544399976730347,0.732699990272522,0.879000008106232,0.802799999713898
E000V00034,-71.441,-32.505,-2.32540011405945,-1.95790004730225,-1.43729996681213,-1.1114000082016,-0.860700011253357,-1.35909998416901,-1.41799998283386,-0.955299973487854
E000V00175,-71.014,-32.54,-0.721000015735626,-0.316700011491776,-0.311899989843369,-0.372299998998642,-0.464899986982346,-1.28779995441437,-1.07790005207062,-0.679000020027161
E000V00041,-70.725,-32.594,1.0702999830246,1.25090003013611,0.849200010299683,0.392599999904633,0.433999985456467,-0.688000023365021,0.157700002193451,0.288199990987778
E000V00176,-70.368,-32.618,0.657700002193451,1.34959995746613,0.989799976348877,0.0603000000119209,-0.285699993371964,-0.561600029468536,-0.439500004053116,-0.302799999713898
E000V00040,-70.809,-32.757,-1.80869996547699,-1.17260003089905,-0.734799981117249,-0.805499970912933,-0.916700005531311,-1.78269994258881,-1.29130005836487,-0.749100029468536
E000V00031,-71.526,-32.789,-2.55060005187988,-2.47749996185303,-2.0460000038147,-1.79659998416901,-1.46979999542236,-1.73020005226135,-1.8581999540329,-1.48010003566742
E000V00037,-71.173,-32.79,-2.22740006446838,-2.12369990348816,-1.72440004348755,-1.46370005607605,-1.22730004787445,-1.41470003128052,-1.64250004291534,-1.33940005302429
E000320028,-71.227,-32.828,-2.22740006446838,-2.12369990348816,-1.72440004348755,-1.46370005607605,-1.22730004787445,-1.41470003128052,-1.64250004291534,-1.33940005302429
E000V00032,-70.382,-32.89,0.305599987506866,-0.094700001180172,0.168799996376038,0.231000006198883,0.474500000476837,0.378199994564056,0.625400006771088,1.0757999420166
E000V00036,-71.207,-32.893,-2.7014000415802,-2.51270008087158,-1.89250004291534,-1.58010005950928,-1.36329996585846,-1.84140002727509,-1.88160002231598,-1.54849994182587
E000V00030,-71.517,-32.917,-3.10500001907349,-2.60570001602173,-1.88549995422363,-1.56089997291565,-1.32939994335175,-2.12380003929138,-2.01309990882874,-1.50100004673004
E000V00042,-71.261,-32.994,-2.7014000415802,-2.51270008087158,-1.89250004291534,-1.58010005950928,-1.36329996585846,-1.84140002727509,-1.88160002231598,-1.54849994182587
E000330002,-71.648,-33.023,-3.22390007972717,-3.01180005073547,-2.32999992370605,-1.94809997081757,-1.55330002307892,-2.21040010452271,-2.13380002975464,-1.54379999637604
E000330007,-71.556,-33.065,-3.10500001907349,-2.60570001602173,-1.88549995422363,-1.56089997291565,-1.32939994335175,-2.12380003929138,-2.01309990882874,-1.50100004673004
E000V00029,-71.4,-33.083,-3.10500001907349,-2.60570001602173,-1.88549995422363,-1.56089997291565,-1.32939994335175,-2.12380003929138,-2.01309990882874,-1.50100004673004
E000V00051,-70.834,-33.121,-0.344599992036819,-0.593800008296967,-0.472400009632111,-0.560999989509583,-0.543600022792816,-1.09239995479584,-0.769200026988983,-0.612100005149841
E000V00050,-70.66,-33.147,-0.527800023555756,-0.79559999704361,-0.438400000333786,-0.491100013256073,-0.697200000286102,-1.9951000213623,-1.78709995746613,-1.34979999065399
E000V00177,-71.46,-33.23,-3.10470008850098,-2.92339992523193,-2.10389995574951,-1.69860005378723,-1.58440005779266,-2.38089990615845,-2.16380000114441,-1.61580002307892
E000V00178,-71.155,-33.287,-2.75119996070862,-2.91039991378784,-2.2195999622345,-1.93939995765686,-1.58399999141693,-1.87720000743866,-2.04949998855591,-1.83930003643036
E000V00046,-70.502,-33.353,0.933899998664856,1.56130003929138,1.8095999956131,1.73189997673035,1.79879999160767,1.23249995708466,1.62269997596741,1.94270002841949
E000330021,-70.787,-33.378,-0.520600020885468,-0.394800007343292,0.218799993395805,0.128299996256828,-0.317600011825562,-0.998499989509583,-0.649500012397766,-0.588500022888184
E000V00043,-70.733,-33.42,-0.520600020885468,-0.394800007343292,0.218799993395805,0.128299996256828,-0.317600011825562,-0.998499989509583,-0.649500012397766,-0.588500022888184
E000V00055,-71.026,-33.439,-1.75100004673004,-1.98839998245239,-1.61310005187988,-1.43680000305176,-1.3063999414444,-1.80680000782013,-2.02589988708496,-1.75059998035431
E000V00038,-71.624,-33.439,-3.19810009002686,-2.93029999732971,-2.15689992904663,-1.78129994869232,-1.70819997787476,-2.50119996070862,-2.08719992637634,-1.57089996337891
E000330020,-70.683,-33.445,-0.520600020885468,-0.394800007343292,0.218799993395805,0.128299996256828,-0.317600011825562,-0.998499989509583,-0.649500012397766,-0.588500022888184
E000330019,-70.549,-33.455,0.598599970340729,0.416799992322922,0.275000005960464,0.294200003147125,0.259999990463257,-0.597100019454956,-0.416799992322922,-0.608500003814697
E000V00044,-70.7,-33.467,-0.520600020885468,-0.394800007343292,0.218799993395805,0.128299996256828,-0.317600011825562,-0.998499989509583,-0.649500012397766,-0.588500022888184
E000V00047,-70.766,-33.517,-0.520600020885468,-0.394800007343292,0.218799993395805,0.128299996256828,-0.317600011825562,-0.998499989509583,-0.649500012397766,-0.588500022888184
E000V00039,-71.596,-33.543,-3.19810009002686,-2.93029999732971,-2.15689992904663,-1.78129994869232,-1.70819997787476,-2.50119996070862,-2.08719992637634,-1.57089996337891
E000V00045,-70.548,-33.545,0.598599970340729,0.416799992322922,0.275000005960464,0.294200003147125,0.259999990463257,-0.597100019454956,-0.416799992322922,-0.608500003814697
E000V00058,-70.902,-33.608,-1.75100004673004,-1.98839998245239,-1.61310005187988,-1.43680000305176,-1.3063999414444,-1.80680000782013,-2.02589988708496,-1.75059998035431
E000V00048,-70.567,-33.617,0.598599970340729,0.416799992322922,0.275000005960464,0.294200003147125,0.259999990463257,-0.597100019454956,-0.416799992322922,-0.608500003814697
E000330031,-78.833,-33.636,0.562873244285583,0.52065771818161,0.584816694259644,0.543319702148438,0.419175803661346,0.0260629374533892,0.209782943129539,0.558838784694672
E000330030,-71.613,-33.656,-2.96510004997253,-3.21140003204346,-2.59039998054504,-2.27749991416931,-2.04620003700256,-2.25869989395142,-2.10069990158081,-1.78069996833801
E000V00049,-70.089,-33.676,-0.240700006484985,-0.655600011348724,-0.758899986743927,-0.464199990034103,-0.76800000667572,-1.85629999637604,-1.36259996891022,-1.03779995441437
E000V00057,-71.101,-33.692,-2.26889991760254,-2.37770009040833,-1.77300000190735,-1.52799999713898,-1.45959997177124,-1.87940001487732,-1.89789998531342,-1.61450004577637
E000V00052,-70.707,-33.707,-0.0991000011563301,-0.0105999996885657,0.322699993848801,0.152300000190735,-0.276399999856949,-2.0032000541687,-1.71739995479584,-1.27730000019073
E000V00053,-70.639,-33.862,-0.0991000011563301,-0.0105999996885657,0.322699993848801,0.152300000190735,-0.276399999856949,-2.0032000541687,-1.71739995479584,-1.27730000019073
E000V00179,-70.22,-33.878,0.717299997806549,0.348600000143051,0.0320999994874001,-0.0742999985814095,-0.0715999975800514,0.227400004863739,-0.128099992871284,0.210099995136261
E000V00056,-71.394,-33.941,-2.12450003623962,-2.54629993438721,-2.00559997558594,-1.71889996528625,-1.65339994430542,-1.99600005149841,-2.07990002632141,-1.832200050354
E000V00068,-71.825,-33.959,-1.7253999710083,-2.56110000610352,-1.82149994373322,-1.43389999866486,-1.3206000328064,-2.16269993782043,-2.23160004615784,-1.82780003547668
E000V00064,-70.717,-33.983,-1.33120000362396,-0.57940000295639,-0.311100006103516,-0.342999994754791,-0.789099991321564,-2.59669995307922,-2.09100008010864,-1.59019994735718
E000V00054,-70.995,-34.029,-2.28889989852905,-2.34899997711182,-1.692999958992,-1.3066999912262,-1.34739995002747,-2.10660004615784,-2.03859996795654,-1.68620002269745
E000V00059,-70.772,-34.169,-0.289499998092651,-1.27180004119873,-0.557799994945526,-0.575999975204468,-1.03069996833801,-2.17810010910034,-1.92349994182587,-1.52020001411438
E000V00180,-70.402,-34.203,-0.0428999997675419,0.351599991321564,0.460399985313416,0.398999989032745,0.144299998879433,-1.44099998474121,-0.551599979400635,0.011400000192225
E000V00061,-70.997,-34.215,-2.2467999458313,-2.89140009880066,-2.02390003204346,-1.6414999961853,-1.68739998340607,-2.59540009498596,-2.25650000572205,-1.81970000267029
E000V00062,-71.3,-34.217,-2.79259991645813,-2.84789991378784,-2.09940004348755,-1.70879995822906,-1.71360003948212,-2.43039989471436,-2.1117000579834,-1.69420003890991
E000V00060,-70.948,-34.261,-2.2467999458313,-2.89140009880066,-2.02390003204346,-1.6414999961853,-1.68739998340607,-2.59540009498596,-2.25650000572205,-1.81970000267029
E000V00066,-70.812,-34.279,-0.289499998092651,-1.27180004119873,-0.557799994945526,-0.575999975204468,-1.03069996833801,-2.17810010910034,-1.92349994182587,-1.52020001411438
E000V00065,-70.834,-34.322,-0.289499998092651,-1.27180004119873,-0.557799994945526,-0.575999975204468,-1.03069996833801,-2.17810010910034,-1.92349994182587,-1.52020001411438
E000V00067,-72.019,-34.394,-1.79240000247955,-2.18479990959167,-1.27110004425049,-0.763999998569489,-0.935599982738495,-2.06760001182556,-1.81789994239807,-1.46940004825592
E000V00063,-70.21,-34.411,0.963699996471405,1.16019999980927,1.01890003681183,0.989400029182434,1.2059999704361,0.498400002717972,0.829100012779236,1.49829995632172
E000V00071,-71.463,-34.485,-2.10999989509583,-2.26250004768372,-1.67170000076294,-1.4103000164032,-1.54229998588562,-2.62019991874695,-2.18079996109009,-1.64600002765656
E000V00069,-71.898,-34.645,-1.32330000400543,-1.94249999523163,-1.22210001945496,-0.857400000095367,-1.01289999485016,-2.09209990501404,-1.76820003986359,-1.58210003376007
E000V00072,-71.4,-34.691,-1.20070004463196,-2.29450011253357,-1.32920002937317,-0.93639999628067,-0.96069997549057,-2.51510000228882,-2.09249997138977,-1.77909994125366
E000V00070,-71.63,-34.714,-1.62080001831055,-2.49009990692139,-1.39230000972748,-1.02380001544952,-1.08280003070831,-2.76620006561279,-2.36779999732971,-2.03150010108948
E000340044,-71.02,-34.721,-1.71510004997253,-1.4235999584198,-1.23239994049072,-1.15600001811981,-1.38209998607635,-2.6981999874115,-2.05110001564026,-1.42569994926453
E000V00181,-70.52,-34.781,0.919000029563904,-0.344300001859665,-0.303200006484985,-0.213499993085861,-0.197899997234344,2.18869996070862,1.60549998283386,1.23189997673035
E000V00086,-72.026,-34.855,-1.32330000400543,-1.94249999523163,-1.22210001945496,-0.857400000095367,-1.01289999485016,-2.09209990501404,-1.76820003986359,-1.58210003376007
E000V00084,-71.125,-34.96,-0.610000014305115,-2.15100002288818,-1.86380004882812,-1.85930001735687,-1.79019999504089,-2.35859990119934,-1.94760000705719,-1.42579996585846
E000V00083,-71.832,-34.968,-1.32149994373322,-2.26440000534058,-1.45120000839233,-1.04330003261566,-1.00750005245209,-2.67720007896423,-2.13220000267029,-1.81410002708435
E000340031,-71.217,-34.969,-1.25209999084473,-1.66110002994537,-1.26510000228882,-0.86870002746582,-1.15950000286102,-2.64429998397827,-2.05229997634888,-1.43819999694824
E000V00085,-70.811,-35,0.0997999981045723,-0.0825000032782555,-0.28150001168251,-0.268900007009506,-0.286700010299683,1.166100025177,0.728600025177002,0.348899990320206
E000V00076,-71.956,-35.128,-0.242400005459785,-0.398499995470047,0.293599992990494,0.470400005578995,-0.0766000002622604,-1.56679999828339,-1.21889996528625,-0.949699997901917
E000V00182,-70.83,-35.398,-0.12530218064785,1.79949998855591,1.20640003681183,0.852800011634827,0.972500026226044,1.20270001888275,0.271699994802475,0.643800020217896
E000V00079,-71.467,-35.419,-0.558200001716614,-1.34879994392395,-1.04610002040863,-0.798600018024445,-1.1735999584198,-2.17729997634888,-1.67589998245239,-1.13510000705719
E000V00078,-71.7,-35.533,0.455199986696243,-0.028999999165535,0.472600013017654,0.727299988269806,0.261400014162064,-1.46099996566772,-1.22189998626709,-1.08060002326965
E000V00074,-71.454,-35.663,-1.49240005016327,-1.31319999694824,-1.48249995708466,-1.75559997558594,-2.22670006752014,-2.47259998321533,-1.64419996738434,-1.06679999828339
E000V00077,-72.082,-35.672,0.587599992752075,0.504000008106232,0.980199992656708,1.26510000228882,0.722699999809265,-0.695599973201752,-0.355399996042252,-0.282299995422363
E000V00080,-71.062,-35.699,0.188400000333786,0.212599992752075,0.636300027370453,0.442299991846085,0.349500000476837,-0.5692999958992,-1.10539996623993,-1.05680000782013
E000V00081,-72.511,-35.707,0.229399994015694,0.0929000005125999,0.117499999701977,-0.125300005078316,-0.440699994564056,-1.10210001468658,-1.24989998340607,-1.61319994926453
E000V00075,-71.631,-35.753,0.0763999968767166,-0.202000007033348,0.253899991512299,0.328099995851517,-0.281800001859665,-2.03159999847412,-1.76110005378723,-1.6055999994278
E000V00082,-72.587,-35.836,0.229399994015694,0.0929000005125999,0.117499999701977,-0.125300005078316,-0.440699994564056,-1.10210001468658,-1.24989998340607,-1.61319994926453
E000V00183,-71.05,-36.06,0.419999986886978,1.22769999504089,1.72609996795654,1.74810004234314,2.3840000629425,1.85020005702972,2.0625,1.67030000686646
E000V00087,-72.783,-36.133,1.24979996681213,1.09319996833801,0.760399997234344,0.613600015640259,0.242799997329712,-0.285299986600876,-0.346300005912781,-0.609099984169006
E000V00073,-71.548,-36.257,0.407599985599518,0.651000022888184,0.388999998569489,0.0148999998345971,-0.176400005817413,-0.97409999370575,-0.449600011110306,0.0421999990940094
E000V00091,-71.9,-36.292,-0.174400001764297,0.00329999998211861,0.330599993467331,0.194499999284744,-0.160300001502037,-1.42209994792938,-1.14699995517731,-0.727100014686584
E000V00090,-72.64,-36.43,1.33399999141693,1.09049999713898,0.755999982357025,0.630400002002716,0.17569999396801,-0.0895000025629997,-0.178000003099442,-0.175300002098083
E000V00088,-72.699,-36.492,1.33399999141693,1.09049999713898,0.755999982357025,0.630400002002716,0.17569999396801,-0.0895000025629997,-0.178000003099442,-0.175300002098083
E000V00092,-71.549,-36.56,-0.00999999977648258,0.396499991416931,0.98360002040863,0.941900014877319,0.893800020217896,-0.33500000834465,0.234699994325638,0.595200002193451
E000360011,-72.037,-36.586,0.141499996185303,0.0640999972820282,0.306499987840652,0.289000004529953,0.0121999997645617,-0.949199974536896,-0.626299977302551,-0.0883999988436699
E000V00089,-72.603,-36.625,1.79480004310608,1.57449996471405,1.35049998760223,1.40789997577667,0.952199995517731,0.395000010728836,0.63919997215271,0.962800025939941
E000V00099,-72.965,-36.672,1.50059998035431,1.37590003013611,1.16849994659424,1.1088000535965,0.831399977207184,0.778199970722198,1.0702999830246,1.27849996089935
E000V00096,-72.704,-36.697,1.94200003147125,1.71399998664856,1.34060001373291,1.3588000535965,1.13209998607635,1.01740002632141,1.11660003662109,1.15789997577667
E000V00098,-72.983,-36.733,1.50059998035431,1.37590003013611,1.16849994659424,1.1088000535965,0.831399977207184,0.778199970722198,1.0702999830246,1.27849996089935
E000360019,-73.066,-36.781,1.50059998035431,1.37590003013611,1.16849994659424,1.1088000535965,0.831399977207184,0.778199970722198,1.0702999830246,1.27849996089935
E000V00184,-71.5,-36.88,0.394899994134903,0.660000026226044,0.315299987792969,-0.00219999998807907,-0.107400000095367,-0.494100004434586,-0.411700010299683,-0.255800008773804
E000V00093,-72.099,-36.977,0.612100005149841,0.817600011825562,0.650200009346008,0.42059999704361,0.356599986553192,0.160999998450279,0.562200009822845,1.24689996242523
E000V00095,-73.14,-37.005,0.107100002467632,0.0549999997019768,0.0601000003516674,-0.0307000000029802,-0.344099998474121,-0.648699998855591,-0.557600021362305,-0.63129997253418
E000V00106,-72.403,-37.035,0.99260002374649,0.749599993228912,0.301899999380112,0.146599993109703,-0.504899978637695,-1.11730003356934,-0.775799989700317,-0.287600010633469
E000V00097,-73.155,-37.092,0.107100002467632,0.0549999997019768,0.0601000003516674,-0.0307000000029802,-0.344099998474121,-0.648699998855591,-0.557600021362305,-0.63129997253418
E000V00105,-71.245,-37.111,-1.60599994659424,1.15960001945496,1.20249998569489,1.33529996871948,1.40369999408722,0.432599991559982,0.513800024986267,0.967000007629395
E000V00094,-72.012,-37.141,0.538500010967255,0.739600002765656,0.640699982643127,0.353300005197525,0.229699999094009,-0.182899996638298,0.30129998922348,1.22669994831085
E000V00108,-72.946,-37.167,1.38919997215271,1.34800004959106,1.05980002880096,1.1385999917984,0.70389997959137,0.453900009393692,0.574899971485138,0.508599996566772
E000V00107,-72.328,-37.213,0.945699989795685,0.685000002384186,0.66100001335144,0.770799994468689,0.446599990129471,0.23589999973774,0.435999989509583,0.939100027084351
E000V00111,-71.949,-37.293,0.538500010967255,0.739600002765656,0.640699982643127,0.353300005197525,0.229699999094009,-0.182899996638298,0.30129998922348,1.22669994831085
E000V00100,-73.437,-37.305,0.137099996209145,-0.181700006127357,-0.121699996292591,-0.287800014019012,-0.804400026798248,-0.968999981880188,-0.672699987888336,-0.450599998235703
E000V00185,-71.566,-37.323,0.0738999992609024,0.670400023460388,0.692200005054474,0.480300009250641,0.473100006580353,-0.171200007200241,-0.0204000007361174,0.184499993920326
E000370033,-72.424,-37.397,0.906700015068054,0.837599992752075,0.622699975967407,0.683499991893768,0.322299987077713,-0.0502000004053116,0.0168999992311001,0.170900002121925
E000V00186,-72.83,-37.418,0.380899995565414,-0.0485999993979931,0.088699996471405,0.521700024604797,-0.0355000011622906,-0.299100011587143,-0.277900010347366,-0.116300001740456
E000V00103,-73.33,-37.485,0.520699977874756,0.63239997625351,0.311599999666214,0.218700006604195,-0.0781000033020973,-0.00910000037401915,0.397300004959106,0.671500027179718
E000V00110,-71.875,-37.536,-0.703499972820282,0.791700005531311,0.937099993228912,0.803099989891052,1.00220000743866,0.025000000372529,0.0571999996900558,0.229100003838539
E000V00104,-73.462,-37.627,1.29260003566742,1.09599995613098,0.985700011253357,0.913600027561188,0.898400008678436,1.05710005760193,1.26629996299744,1.53390002250671
E000V00109,-72.007,-37.685,0.476900011301041,0.839999973773956,0.955600023269653,1.0654000043869,0.968500018119812,0.439999997615814,0.598299980163574,1.55320000648499
E000V00116,-72.605,-37.726,-0.863099992275238,-1.04799997806549,-0.787500023841858,-0.318399995565414,-0.675100028514862,-0.6942999958992,-0.548500001430511,-0.317799985408783
E000V00101,-73.412,-37.892,0.762600004673004,0.863399982452393,0.809300005435944,0.619000017642975,0.681900024414062,0.46399998664856,0.668500006198883,1.03139996528625
E000V00102,-73.097,-37.95,0.0156999994069338,-0.25110000371933,-0.587100028991699,-0.663600027561188,-1.0300999879837,-1.11090004444122,-0.881699979305267,-0.574699997901917
E000V00112,-71.435,-38.057,-0.0734999999403954,1.04550004005432,1.22819995880127,1.54589998722076,1.57560002803802,0.890999972820282,1.04200005531311,0.956499993801117
E000V00114,-72.298,-38.146,0.446399986743927,0.518100023269653,0.558799982070923,0.801199972629547,0.810500025749207,0.302500009536743,0.406399995088577,0.950100004673004
E000V00117,-72.273,-38.228,0.446399986743927,0.518100023269653,0.558799982070923,0.801199972629547,0.810500025749207,0.302500009536743,0.406399995088577,0.950100004673004
E000V00113,-71.233,-38.25,-0.640699982643127,-0.180800005793571,-0.298500001430511,-0.548399984836578,-0.403699994087219,-0.517400026321411,0.293000012636185,0.852500021457672
E000V00188,-72.956,-38.207,-0.275000005960464,-0.385199993848801,-0.67519998550415,-0.752900004386902,-1.2282999753952,-1.47689998149872,-0.978799998760223,-0.321900010108948
E000V00187,-71.75,-38.414,0.419699996709824,1.0735000371933,0.97869998216629,0.836899995803833,0.982900023460388,0.591199994087219,0.588100016117096,1.22440004348755
E000V00121,-72.399,-38.435,1.41460001468658,1.31260001659393,1.19889998435974,1.20000004768372,0.958599984645844,0.324299991130829,0.259799987077713,0.361799985170364
E000V00129,-72.85,-38.446,0.745899975299835,0.665499985218048,0.376700013875961,0.361099988222122,-0.0456000007688999,-1.22010004520416,-1.51489996910095,-1.04830002784729
E000V00126,-72.224,-38.675,0.862500011920929,0.720700025558472,0.996900022029877,1.46389997005463,1.47230005264282,0.883199989795685,1.18599998950958,1.49000000953674
E000V00115,-71.141,-38.732,0.519400000572205,1.31879997253418,1.87390005588531,2.29130005836487,1.66820001602173,-0.028999999165535,0.466100007295609,0.789099991321564
E000380013,-72.46,-38.768,0.851599991321564,0.701499998569489,0.268799990415573,0.287000000476837,0.270300000905991,-0.873000025749207,-0.867399990558624,-0.607699990272522
E000V00120,-71.683,-38.834,0.749499976634979,1.17690002918243,1.44679999351501,1.57819998264313,1.78639996051788,0.84170001745224,0.878499984741211,1.30019998550415
E000V00128,-72.787,-39.022,0.420700013637543,0.0535999983549118,-0.232199996709824,0.00910000037401915,-0.17509999871254,-1.3396999835968,-1.369500041008,-0.829900026321411
E000V00127,-72.252,-39.007,0.721300005912781,0.762199997901917,0.963699996471405,1.25979995727539,1.16519999504089,0.414600014686584,0.630699992179871,1.04379999637604
E000V00122,-72.922,-39.071,0.466399997472763,0.498499989509583,0.0294000003486872,0.156800001859665,-0.293900012969971,-1.26890003681183,-1.30490005016327,-0.446299999952316
E000V00118,-72.615,-39.103,0.202199995517731,0.0636999979615211,-0.103799998760223,0.289000004529953,0.168200001120567,-0.851599991321564,-0.672999978065491,-0.386700004339218
E000V00124,-73.133,-39.165,0.421400010585785,-0.0353999994695187,-0.282799988985062,-0.294400006532669,-0.362100005149841,-1.39649999141693,-1.16859996318817,-0.344500005245209
E000V00125,-72.261,-39.196,1.36380004882812,1.08350002765656,1.08589994907379,1.33039999008179,1.29519999027252,0.707300007343292,0.856899976730347,1.12300002574921
E000V00119,-71.868,-39.262,0.852100014686584,1.39160001277924,1.81400001049042,2.00460004806519,2.15199995040894,0.890399992465973,0.635999977588654,0.664200007915497
E000V00123,-71.926,-39.289,1.067999958992,1.1981999874115,1.48280000686646,1.63250005245209,1.58490002155304,0.577099978923798,0.32260000705719,0.493000000715256
E000V00189,-72.55,-39.373,0.778999984264374,0.776700019836426,0.619599997997284,1.00969994068146,0.976999998092651,0.779900014400482,0.95169997215271,1.20130002498627
E000V00190,-73.177,-39.39,-0.316900014877319,-0.0494000017642975,-0.604099988937378,-0.718400001525879,-1.11819994449615,-2.3306999206543,-2.25939989089966,-1.89740002155304
E000V00131,-72.95,-39.632,-0.386900007724762,0.00370000000111759,-0.622099995613098,-0.746500015258789,-0.98769998550415,-1.96060001850128,-1.78900003433228,-1.36129999160767
E000390006,-73.087,-39.657,-0.386900007724762,0.00370000000111759,-0.622099995613098,-0.746500015258789,-0.98769998550415,-1.96060001850128,-1.78900003433228,-1.36129999160767
E000V00130,-72.501,-39.863,0.71340000629425,0.616500020027161,0.567600011825562,0.667400002479553,0.573899984359741,-0.136199995875359,0.332199990749359,0.86489999294281
E000V00191,-71.91,-39.88,0.801100015640259,0.848100006580353,1.39429998397827,1.39010000228882,1.0456999540329,0.123400002717972,0.55460000038147,1.26150000095367
E000V00132,-72.927,-40.096,0.361299991607666,0.897199988365173,-0.153099998831749,-0.757099986076355,-0.85589998960495,-1.58819997310638,-1.19630002975464,-0.422699987888336
E000V00134,-72.415,-40.134,0.548500001430511,0.812799990177155,1.08480000495911,1.10790002346039,1.25230002403259,0.957199990749359,1.4206999540329,1.61269998550415
E000V00193,-73.647,-40.168,-0.944800019264221,0.37950000166893,0.538600027561188,0.0168999992311001,-0.453999996185303,-0.829599976539612,-0.0500999987125397,0.495099991559982
E000V00133,-73.024,-40.317,0.878400027751923,0.996800005435944,-0.482199996709824,-1.38769996166229,-1.45220005512238,-1.74080002307892,-1.40100002288818,-0.86379998922348
E000V00135,-72.979,-40.323,0.878400027751923,0.996800005435944,-0.482199996709824,-1.38769996166229,-1.45220005512238,-1.74080002307892,-1.40100002288818,-0.86379998922348
E000V00139,-73.308,-40.348,1.36049997806549,1.1191999912262,0.379900008440018,-0.337999999523163,-0.333299994468689,-0.980400025844574,-0.427100002765656,0.50629997253418
E000V00192,-72,-40.52,0.739499986171722,1.10339999198914,1.37919998168945,1.30809998512268,1.3047000169754,-0.231299996376038,0.2432000041008,1.16390001773834
E000400009,-73.058,-40.614,0.908900022506714,0.904399991035461,0.12899999320507,-0.954599976539612,-1.17789995670319,-1.4021999835968,-1.40480005741119,-1.07840001583099
E000V00194,-72.116,-40.623,0.739499986171722,1.10339999198914,1.37919998168945,1.30809998512268,1.3047000169754,-0.231299996376038,0.2432000041008,1.16390001773834
E000V00136,-73.152,-40.765,1.91149997711182,1.12650001049042,0.893899977207184,-0.544600009918213,-0.543799996376038,-0.410899996757507,-0.769999980926514,-0.276800006628036
E000V00138,-73.157,-40.861,1.91149997711182,1.12650001049042,0.893899977207184,-0.544600009918213,-0.543799996376038,-0.410899996757507,-0.769999980926514,-0.276800006628036
E000V00195,-73.815,-40.873,1.59529995918274,1.63919997215271,0.675499975681305,0.0408999994397163,-0.0274000000208616,0.189500004053116,0.559300005435944,1.09979999065399
E000V00137,-72.886,-40.957,1.83840000629425,1.39129996299744,0.933499991893768,-0.0463000014424324,0.0107000004500151,-0.151600003242493,-0.61379998922348,0.161799997091293
E000V00142,-73.377,-41.115,1.61280000209808,1.27369999885559,-0.186700001358986,-1.38370001316071,-1.3121999502182,-0.92059999704361,-1.03129994869232,-0.764500021934509
E000V00197,-72.339,-41.142,1.36249995231628,1.64209997653961,2.07599997520447,2.06380009651184,1.73000001907349,0.158099994063377,0.422500014305115,0.987500011920929
E000V00143,-73.009,-41.259,1.77199995517731,1.67840003967285,1.0106999874115,0.535899996757507,0.0903000012040138,-0.431600004434586,-0.307000011205673,0.734399974346161
E000V00196,-73.809,-41.359,2.24219989776611,1.81579995155334,-0.031199999153614,-1.3150999546051,-1.31400001049042,-0.994599997997284,-1.25650000572205,-0.975600004196167
E000410005,-73.096,-41.448,0.911099970340729,0.28999999165535,0.217099994421005,0.879400014877319,0.949999988079071,-0.14640000462532,0.0059000002220273,0.371100008487701
E000V00198,-72.275,-41.579,1.53129994869232,1.94400000572205,1.89139997959137,1.74290001392365,1.58589994907379,0.135900005698204,-0.217800006270409,0.23029999434948
E000V00144,-73.672,-41.71,1.87199997901917,1.05190002918243,-0.806100010871887,-1.67719995975494,-1.58790004253387,-1.11339998245239,-1.3206000328064,-1.2451000213623
E000V00140,-72.435,-41.938,0.582099974155426,1.29519999027252,1.57190001010895,1.64219999313354,1.34689998626709,0.398200005292892,0.245100006461143,0.0225000008940697
E000V00141,-71.865,-42.075,0.405600011348724,0.683200001716614,1.18089997768402,1.08430004119873,1.22039997577667,-0.0414000004529953,-0.301999986171722,0.354000002145767
E000V00151,-72.417,-42.1,0.582099974155426,1.29519999027252,1.57190001010895,1.64219999313354,1.34689998626709,0.398200005292892,0.245100006461143,0.0225000008940697
E000V00149,-73.49,-42.157,1.40569996833801,0.356700003147125,-0.378500014543533,0.0566999986767769,0.340499997138977,1.14610004425049,0.580299973487854,0.661700010299683
E000V00199,-74.078,-42.285,1.82500004768372,0.679199993610382,0.161799997091293,-0.0122999995946884,0.292400002479553,0.554899990558624,0.697300016880035,0.932299971580505
E000V00201,-72.663,-42.355,-1.18289995193481,0.428700000047684,0.429800003767014,0.266000002622604,0.688099980354309,0.342299997806549,0.672299981117249,0.848599970340729
E000V00147,-73.568,-42.404,1.02255952358246,0.697345197200775,0.506327390670776,0.433885425329208,0.751399993896484,0.786199986934662,2.49729990959167,0.61402952671051
E000V00148,-73.633,-42.583,1.75049996376038,1.2389999628067,1.19340002536774,0.792800009250641,0.587100028991699,0.356499999761581,0.48089998960495,1.20729994773865
E000V00146,-73.789,-42.704,2.34010004997253,1.73489999771118,-0.276800006628036,-0.458600014448166,-0.254999995231628,0.0784000009298325,-0.0263000000268221,0.00760000012814999
E000V00145,-72.717,-42.883,0.578299999237061,0.458000004291534,0.673099994659424,0.820500016212463,0.763100028038025,0.0837000012397766,0.801100015640259,1.20850002765656
E000430002,-71.852,-43.189,0.621999979019165,0.69980001449585,1.02820003032684,0.736000001430511,0.699500024318695,1.15579998493195,1.3125,1.5168000459671
E000V00200,-74.295,-43.208,1.48790001869202,0.542599976062775,0.140300005674362,0.603500008583069,1.01269996166229,0.807900011539459,1.08060002326965,1.14750003814697
E000V00202,-72.85,-43.364,1.10080003738403,1.03999996185303,1.01020002365112,1.125,0.835600018501282,0.54339998960495,0.874300003051758,0.869799971580505
E000V00150,-72.126,-43.474,1.17890000343323,1.4757000207901,1.56190001964569,1.74800002574921,1.74269998073578,0.940299987792969,0.160600006580353,0.253800004720688
E000430004,-71.801,-43.612,1.20220005512238,1.26989996433258,1.45940005779266,0.688000023365021,0.647499978542328,0.327300012111664,0.452499985694885,0.836600005626678
E000V00153,-73.74,-43.89,0.756759464740753,0.466859221458435,0.433582305908203,0.553017437458038,0.52350527048111,-0.040458332747221,0.214943096041679,0.480403453111649
E000V00152,-72.387,-43.917,1.11339998245239,1.0735000371933,1.23940002918243,1.28659999370575,1.28810000419617,-0.113899998366833,0.805800020694733,0.748199999332428
E000V00154,-71.847,-44.24,1.96399998664856,1.20490002632141,1.67569994926453,1.45060002803802,1.56319999694824,1.35230004787445,1.36930000782013,1.37080001831055
E000V00203,-73.097,-44.729,-0.244599997997284,-0.130199998617172,0.379799991846085,0.799099981784821,0.586700022220612,-0.7257000207901,0.0417000018060207,0.114399999380112
E000450001,-72.677,-45.399,1.02129995822906,1.57500004768372,1.85749995708466,1.87199997901917,1.48619997501373,0.627600014209747,0.874100029468536,1.0161999464035
E000450004,-72.102,-45.591,1.88670003414154,1.28139996528625,1.93929994106293,1.99559998512268,1.93570005893707,0.578199982643127,0.619099974632263,0.714100003242493
E000450005,-71.678,-45.918,1.79840004444122,1.09809994697571,1.10490000247955,0.592000007629395,0.436500012874603,0.0100999996066093,0.174099996685982,0.499799996614456
E000V00157,-71.941,-46.278,1.29670000076294,0.941999971866608,0.937300026416779,0.422199994325638,0.192499995231628,-0.355399996042252,-0.421299993991852,-0.193900004029274
E000V00205,-74.778,-46.355,1.80630004405975,0.441000014543533,0.548500001430511,0.572000026702881,0.277999997138977,-1.20809996128082,-0.800400018692017,0.179000005125999
E000V00204,-73.336,-46.569,0.719600021839142,1.07659995555878,1.4433000087738,1.53190004825592,1.37310004234314,0.908200025558472,0.874899983406067,1.09850001335144
E000460001,-71.685,-46.585,1.67279994487762,1.24170005321503,1.03120005130768,0.726400017738342,0.593299984931946,-0.497900009155273,-0.418799996376038,0.184599995613098
E000470001,-72.583,-47.244,0.292499989271164,1.43379998207092,1.855299949646,1.8066999912262,1.4559999704361,0.468100011348724,0.164000004529953,0.614000022411346
E000V00156,-73.536,-47.8,0.131600007414818,0.0650999993085861,0.204799994826317,0.243900001049042,-0.0427000001072884,-1.11510002613068,-1.09679996967316,-1.36640000343323
E000V00155,-72.56,-48.471,0.789099991321564,1.33080005645752,1.42209994792938,1.1813999414444,0.661300003528595,-0.89139997959137,-1.51240003108978,-0.577199995517731
E000V00206,-73.941,-48.958,0.777962803840637,0.613071501255035,0.714207530021667,0.71558004617691,0.592239320278168,0.0892508700489998,0.300873994827271,0.561494886875153
E000V00207,-73.57,-51.07,1.2907999753952,1.50269997119904,1.23919999599457,1.42449998855591,1.46490001678467,0.903800010681152,1.26699995994568,1.32340002059937
E000V00158,-72.967,-51.184,0.737200021743774,0.1216000020504,-0.616199970245361,-0.650499999523163,-0.482100009918213,-0.745999991893768,-0.00389999989420176,0.621399998664856
E000V00159,-71.164,-52.309,-0.757000029087067,-0.72790002822876,-1.54120004177094,-1.43410003185272,-1.13960003852844,-1.17809998989105,-0.566600024700165,-0.267800003290176
E000V00161,-70.361,-52.432,-0.750199973583221,-0.998799979686737,-1.60080003738403,-1.36880004405975,-1.10259997844696,-0.461899995803833,0.131899997591972,0.257699996232986
E000V00160,-71.505,-52.601,-0.227899998426437,-0.0825000032782555,-0.646399974822998,-0.527899980545044,-0.396600008010864,-0.416200011968613,0.0303000006824732,0.222499996423721
E000V00162,-69.27,-52.8,0.111900001764297,-0.810500025749207,-1.66279995441437,-1.71340000629425,-1.52649998664856,-0.0456000007688999,-0.151099994778633,0.300799995660782
E000520006,-70.839,-53.002,0.0846000015735626,-1.0132999420166,-1.49559998512268,-1.06149995326996,-0.66509997844696,-0.226500004529953,0.0209999997168779,0.154499992728233
E000530005,-70.326,-53.254,-0.235699996352196,-0.499399989843369,-0.864700019359589,-0.732999980449677,-0.311800003051758,0.269800007343292,0.139200001955032,0.372200012207031
E000V00208,-71.38,-53.8,1.47679996490479,1.07050001621246,1.03229999542236,1.10930001735687,0.946200013160706,-0.816100001335144,-0.761699974536896,-0.708100020885468
E000V00163,-68.804,-54.051,1.04929995536804,0.758300006389618,-0.0527999997138977,-0.455700010061264,-0.31470000743866,0.565400004386902,0.321900010108948,0.505999982357025
E000550001,-67.616,-54.932,1.29960000514984,1.47609996795654,1.08519995212555,1.19780004024506,1.27359998226166,0.162000000476837,0.243699997663498,0.842999994754791
