Estacion,Lat,Lon,meses:1,3,6,9,12,24,36,48
E000V00003,-69.478,-17.595,-0.114699997007847,-0.509500026702881,-0.195800006389618,-0.314099997282028,1.208899974823,1.19690001010895,1.65040004253387,1.86520004272461
E000V00002,-69.554,-18.197,0.480599999427795,-0.294699996709824,-0.157199993729591,-0.116700001060963,0.634299993515015,1.12070000171661,1.40579998493195,1.60399997234344
E000180005,-70.34,-18.356,0.428700000047684,-0.0284000001847744,-0.189500004053116,-0.306600004434586,0.0952000021934509,0.536199986934662,1.31149995326996,1.34650003910065
E000V00001,-69.857,-19.011,0.656599998474121,0.436599999666214,0.333299994468689,0.279100000858307,0.550999999046326,0.739400029182434,1.32260000705719,1.29910004138947
E000V00006,-68.638,-19.276,0.0295000001788139,0.140699997544289,0.612600028514862,0.582099974155426,0.953199982643127,0.730700016021729,1.41069996356964,1.6768000125885
E000V00005,-69.427,-19.313,0.569500029087067,0.0160000007599592,0.159899994730949,-0.0786999985575676,0.141599997878075,0.863300025463104,1.54709994792938,1.54509997367859
E000V00007,-69.767,-19.996,0.475800007581711,0.285199999809265,0.0882000029087067,0.0302000008523464,0.0197999998927116,0.189400002360344,1.2532000541687,1.50370001792908
E000V00004,-70.117,-20.25,0.654900014400482,0.852800011634827,0.830999970436096,0.85860002040863,0.978999972343445,1.39890003204346,1.48389995098114,1.50510001182556
E000V00008,-69.342,-20.501,1.73000001907349,0.829999983310699,0.751600027084351,0.860099971294403,1.02489995956421,1.3206000328064,1.62609994411469,1.62600004673004
E000200006,-70.181,-20.549,-0.412499994039536,0.0109000001102686,0.292100012302399,0.354200005531311,0.518599987030029,1.07149994373322,1.36790001392365,1.55449998378754
E000V00011,-68.255,-21.224,0.918900012969971,-0.940699994564056,-0.6807000041008,-0.457500010728836,0.0632999986410141,-0.554799973964691,-0.256999999284744,-0.0979999974370003
E000V00013,-70.2,-22.091,0.584999978542328,0.802500009536743,0.917900025844574,1.01660001277924,1.19710004329681,1.51779997348785,1.76909995079041,1.75479996204376
E000V00014,-69.666,-22.35,0.15090000629425,0.347200006246567,0.494500011205673,0.676900029182434,0.846199989318848,1.12310004234314,1.29040002822876,1.37409996986389
E000220002,-68.892,-22.498,0.474500000476837,0.630999982357025,0.64819997549057,0.813199996948242,0.978799998760223,1.19959998130798,1.44449996948242,1.61650002002716
E000V00009,-69.32,-22.892,-0.203899994492531,0.0310999993234873,0.2483000010252,0.64190000295639,0.968299984931946,1.16470003128052,1.17079997062683,1.34060001373291
E000V00012,-68.213,-22.932,0.711000025272369,0.480599999427795,0.384299993515015,0.580299973487854,0.730199992656708,0.936900019645691,1.20309996604919,1.39989995956421
E000230001,-70.445,-23.454,-1.26859998703003,-1.09590005874634,-1.09010004997253,-0.806599974632263,-0.628000020980835,-0.277900010347366,0.203199997544289,0.550999999046326
E000V00166,-67.44,-23.6,0.524500012397766,0.116400003433228,0.365500003099442,0.431800007820129,0.524100005626678,0.97460001707077,1.30169999599457,1.41680002212524
E000V00165,-68.57,-23.94,-0.35929998755455,-0.21340000629425,-0.167400002479553,-0.0750999972224236,0.138899996876717,0.655099987983704,0.899699985980988,1.37699997425079
E000V00164,-69.69,-24.51,-2.24300003051758,-1.98559999465942,-1.91349995136261,-1.65409994125366,-1.30359995365143,-0.900499999523163,-0.660300016403198,-0.0807000026106834
E000V00167,-69.3,-25,-0.603399991989136,-0.326400011777878,0.0414999984204769,0.274500012397766,0.466500014066696,0.884199976921082,1.13220000267029,1.42120003700256
E000V00010,-70.484,-25.411,-0.0381999984383583,-0.0842999964952469,0.282200008630753,0.568400025367737,0.781899988651276,0.379400014877319,0.125400006771088,0.492700010538101
E000V00168,-69.27,-25.7,0.437599986791611,0.682299971580505,0.539799988269806,0.761500000953674,0.935999989509583,1.37390005588531,1.74399995803833,2.04979991912842
E000V00169,-68.99,-26.25,1.06210005283356,0.196899995207787,-0.204300001263618,0.216900005936623,0.372500002384186,0.870400011539459,1.52359998226166,1.71140003204346
E000V00016,-70.611,-26.332,-0.795899987220764,-0.503700017929077,0.0118000004440546,0.469199985265732,0.961300015449524,0.744599997997284,0.353100001811981,0.982400000095367
E000V00017,-70.046,-26.391,0.102700002491474,0.268999993801117,0.360000014305115,0.566699981689453,0.737200021743774,0.685699999332428,0.649600028991699,0.814599990844727
E000V00170,-69.33,-27.07,0.919900000095367,-0.150299996137619,-0.060199998319149,0.888899981975555,1.02240002155304,0.646000027656555,1.46630001068115,1.85199999809265
E000270008,-70.781,-27.254,-0.239199995994568,-0.136099994182587,-0.0746000036597252,0.0160000007599592,0.169599995017052,0.41609999537468,0.343600004911423,0.485599994659424
E000270009,-70.353,-27.359,-0.09740000218153,-0.115299999713898,-0.0353999994695187,0.131999999284744,0.249699994921684,0.391699999570847,0.482899993658066,0.653699994087219
E000V00171,-69.81,-27.98,0.503799974918365,-1.17159998416901,-1.04900002479553,-0.120600000023842,-0.0808999985456467,0.428999990224838,0.6875,1.53890001773834
E000V00019,-71.225,-28.463,2.54710006713867,2.38639998435974,1.51909995079041,1.26150000095367,1.08169996738434,0.351700007915497,0.173500001430511,0.126000002026558
E000V00018,-70.449,-28.768,1.39740002155304,0.893999993801117,-0.53439998626709,-0.603999972343445,-0.712100028991699,-0.498499989509583,-0.321999996900558,-0.0313999988138676
E000V00015,-70,-28.976,-0.0654999986290932,-0.885999977588654,-0.591799974441528,0.00559999980032444,0.0789000019431114,0.426699995994568,0.530399978160858,1.30050003528595
E000V00021,-71.116,-29.372,1.50969994068146,1.39789998531342,0.703299999237061,0.319999992847443,0.111000001430511,-0.324000000953674,-0.323900014162064,-0.213799998164177
E000290004,-71.207,-29.914,0.635299980640411,0.635299980640411,0.164800003170967,-0.18979999423027,-0.420100003480911,-0.921700000762939,-0.919399976730347,-0.979099988937378
E000V00022,-70.721,-30.031,0.673099994659424,-0.263200014829636,-0.429100006818771,0.0461999997496605,0.061599999666214,0.754499971866608,1.1279000043869,1.55390000343323
E000V00020,-71.082,-30.234,0.311199992895126,0.179900005459785,-0.326999992132187,-0.654299974441528,-0.97409999370575,-1.18599998950958,-1.19729995727539,-1.31210005283356
E000V00172,-71.72,-30.38,0.930999994277954,1.02799999713898,0.309500008821487,-0.116800002753735,-0.4307000041008,-1.43029999732971,-1.30229997634888,-1.88160002231598
E000V00027,-70.937,-30.746,0.106299996376038,0.00389999989420176,-0.725000023841858,-1.22239995002747,-1.6201000213623,-1.81889998912811,-1.93299996852875,-2.10489988327026
E000V00028,-71.256,-30.838,0.486799985170364,0.600399971008301,0.135800004005432,-0.30120000243187,-0.638899981975555,-1.29579997062683,-1.43980002403259,-1.80480003356934
E000V00026,-70.999,-31.188,-0.113499999046326,-0.237200006842613,-0.995100021362305,-1.478600025177,-1.83720004558563,-1.91279995441437,-2.05940008163452,-2.20199990272522
E000V00024,-71.413,-31.39,0.829900026321411,0.842400014400482,0.148800000548363,-0.394600003957748,-0.751200020313263,-1.40369999408722,-1.43149995803833,-1.95190000534058
E000V00023,-71.152,-31.633,-0.0740000009536743,0.29559999704361,-0.215700000524521,-0.643599987030029,-1.00150001049042,-1.50399994850159,-1.59089994430542,-2.01399993896484
E000V00025,-70.97,-31.783,-0.823300004005432,-0.00230000005103648,-0.610899984836578,-0.157600000500679,-0.688899993896484,-0.318300008773804,-1.20990002155304,-0.505400002002716
E000320019,-70.707,-32.076,-0.458099991083145,-0.61080002784729,-1.67429995536804,-0.720099985599518,-1.02699995040894,0.625500023365021,0.401399999856949,1.32410001754761
E000V00035,-70.926,-32.251,-0.193499997258186,-0.497900009155273,-1.03620004653931,-1.40789997577667,-1.66820001602173,-1.65110003948212,-1.85710000991821,-2.07340002059937
E000V00174,-70.464,-32.343,-1.06649994850159,-0.412699997425079,-0.968500018119812,-0.0568000003695488,-0.0885000005364418,1.41649997234344,0.957099974155426,1.45410001277924
E000V00033,-70.819,-32.362,-0.331900000572205,-0.822499990463257,-0.0716999992728233,0.316000014543533,0.185699999332428,0.666000008583069,0.760399997234344,1.22899997234344
E000V00034,-71.441,-32.505,-0.493699997663498,-0.178299993276596,-0.645099997520447,-1.00989997386932,-1.27160000801086,-1.55200004577637,-1.53439998626709,-1.87839996814728
E000V00175,-71.014,-32.54,-0.0935999974608421,-0.813799977302551,-1.9433000087738,-1.83659994602203,-1.93410003185272,-1.4481999874115,-1.68379998207092,-1.77820003032684
E000V00041,-70.725,-32.594,-0.748300015926361,-1.56289994716644,-0.945999979972839,-0.011400000192225,-0.32940000295639,0.243000000715256,-0.801999986171722,0.0991000011563301
E000V00176,-70.368,-32.618,-1.48339998722076,-2.41989994049072,-2.69420003890991,-2.10419988632202,-2.27859997749329,-1.72819995880127,-2.07080006599426,-1.60909998416901
E000V00040,-70.809,-32.757,0.314599990844727,-1.08749997615814,-1.74370002746582,-1.09080004692078,-1.18470001220703,-1.56050002574921,-2.13059997558594,-1.6686999797821
E000V00031,-71.526,-32.789,-1.04180002212524,-0.743900001049042,-0.939300000667572,-1.28629994392395,-1.53170001506805,-2.00209999084473,-1.87969994544983,-2.32459998130798
E000V00037,-71.173,-32.79,-0.749300003051758,-0.616400003433228,-0.783399999141693,-1.09630000591278,-1.31920003890991,-1.63909995555878,-1.54410004615784,-1.97259998321533
E000320028,-71.227,-32.828,-0.749300003051758,-0.616400003433228,-0.783399999141693,-1.09630000591278,-1.31920003890991,-1.63909995555878,-1.54410004615784,-1.97259998321533
E000V00032,-70.382,-32.89,0.144800007343292,0.233700007200241,-0.141399994492531,-0.419699996709824,-0.41839998960495,0.151500001549721,0.0627999976277351,0.526000022888184
E000V00036,-71.207,-32.893,-1.1768000125885,-1.02330005168915,-1.05649995803833,-1.37870001792908,-1.64279997348785,-1.88909995555878,-2.00550007820129,-2.32620000839233
E000V00030,-71.517,-32.917,-0.604399979114532,-0.529500007629395,-0.797999978065491,-1.11090004444122,-1.40559995174408,-1.84560000896454,-2.12330007553101,-2.45479989051819
E000V00042,-71.261,-32.994,-1.1768000125885,-1.02330005168915,-1.05649995803833,-1.37870001792908,-1.64279997348785,-1.88909995555878,-2.00550007820129,-2.32620000839233
E000330002,-71.648,-33.023,-0.282400012016296,-0.0662999972701073,-0.363000005483627,-0.854900002479553,-1.31260001659393,-2.08489990234375,-2.24169993400574,-2.66149997711182
E000330007,-71.556,-33.065,-0.604399979114532,-0.529500007629395,-0.797999978065491,-1.11090004444122,-1.40559995174408,-1.84560000896454,-2.12330007553101,-2.45479989051819
E000V00029,-71.4,-33.083,-0.604399979114532,-0.529500007629395,-0.797999978065491,-1.11090004444122,-1.40559995174408,-1.84560000896454,-2.12330007553101,-2.45479989051819
E000V00051,-70.834,-33.121,-0.0370999984443188,-0.93010002374649,-0.828000009059906,-0.791899979114532,-0.954200029373169,-0.944500029087067,-1.19710004329681,-1.07249999046326
E000V00050,-70.66,-33.147,-0.652300000190735,-0.847800016403198,-1.25279998779297,-1.28750002384186,-1.32210004329681,-1.02190005779266,-1.77779996395111,-1.99080002307892
E000V00177,-71.46,-33.23,-0.804899990558624,-0.794700026512146,-0.621100008487701,-0.863399982452393,-1.25479996204376,-1.83510005474091,-2.2739999294281,-2.5871000289917
E000V00178,-71.155,-33.287,-0.883099973201752,-0.468800008296967,-0.391799986362457,-0.780099987983704,-1.12390005588531,-1.88039994239807,-1.97049999237061,-2.44460010528564
E000V00046,-70.502,-33.353,0.103699997067451,0.48539999127388,0.066200003027916,-0.439300000667572,-0.53659999370575,1.09549999237061,0.617299973964691,1.2742999792099
E000330021,-70.787,-33.378,-0.651600003242493,-1.00100004673004,-0.786099970340729,-0.958199977874756,-1.17840003967285,-0.83840000629425,-1.11360001564026,-1.09790003299713
E000V00043,-70.733,-33.42,-0.651600003242493,-1.00100004673004,-0.786099970340729,-0.958199977874756,-1.17840003967285,-0.83840000629425,-1.11360001564026,-1.09790003299713
E000V00055,-71.026,-33.439,-0.949599981307983,-0.742299973964691,-0.830600023269653,-1.15869998931885,-1.38650000095367,-1.6389000415802,-1.79449999332428,-2.24469995498657
E000V00038,-71.624,-33.439,-0.886300027370453,-0.836000025272369,-0.466600000858307,-0.754000008106232,-1.16180002689362,-1.76699995994568,-2.29399991035461,-2.39549994468689
E000330020,-70.683,-33.445,-0.651600003242493,-1.00100004673004,-0.786099970340729,-0.958199977874756,-1.17840003967285,-0.83840000629425,-1.11360001564026,-1.09790003299713
E000330019,-70.549,-33.455,-0.380199998617172,-0.214399993419647,-0.973999977111816,-0.816699981689453,-0.858900010585785,-0.375,-0.914399981498718,-0.723599970340729
E000V00044,-70.7,-33.467,-0.651600003242493,-1.00100004673004,-0.786099970340729,-0.958199977874756,-1.17840003967285,-0.83840000629425,-1.11360001564026,-1.09790003299713
E000V00047,-70.766,-33.517,-0.651600003242493,-1.00100004673004,-0.786099970340729,-0.958199977874756,-1.17840003967285,-0.83840000629425,-1.11360001564026,-1.09790003299713
E000V00039,-71.596,-33.543,-0.886300027370453,-0.836000025272369,-0.466600000858307,-0.754000008106232,-1.16180002689362,-1.76699995994568,-2.29399991035461,-2.39549994468689
E000V00045,-70.548,-33.545,-0.380199998617172,-0.214399993419647,-0.973999977111816,-0.816699981689453,-0.858900010585785,-0.375,-0.914399981498718,-0.723599970340729
E000V00058,-70.902,-33.608,-0.949599981307983,-0.742299973964691,-0.830600023269653,-1.15869998931885,-1.38650000095367,-1.6389000415802,-1.79449999332428,-2.24469995498657
E000V00048,-70.567,-33.617,-0.380199998617172,-0.214399993419647,-0.973999977111816,-0.816699981689453,-0.858900010585785,-0.375,-0.914399981498718,-0.723599970340729
E000330031,-78.833,-33.636,-0.0864050462841988,-0.0976835638284683,-0.0166740547865629,-0.152898371219635,-0.0750740617513657,0.273684144020081,0.00159139768220484,0.082330696284771
E000330030,-71.613,-33.656,-1.24140000343323,-0.878400027751923,-0.412699997425079,-0.737800002098083,-1.08790004253387,-1.8617000579834,-1.99609994888306,-2.26419997215271
E000V00049,-70.089,-33.676,-0.901899993419647,-1.23000001907349,-0.637199997901917,-0.959999978542328,-0.716199994087219,-0.994099974632263,-1.74020004272461,-1.8309999704361
E000V00057,-71.101,-33.692,-1.25929999351501,-1.125,-0.975799977779388,-1.15339994430542,-1.36979997158051,-1.6657999753952,-1.84309995174408,-2.14359998703003
E000V00052,-70.707,-33.707,-0.330199986696243,-0.473100006580353,-1.3938000202179,-1.43669998645782,-1.49339997768402,-0.95169997215271,-1.92949998378754,-2.15149998664856
E000V00053,-70.639,-33.862,-0.330199986696243,-0.473100006580353,-1.3938000202179,-1.43669998645782,-1.49339997768402,-0.95169997215271,-1.92949998378754,-2.15149998664856
E000V00179,-70.22,-33.878,-1.60520005226135,-0.125900000333786,-0.907700002193451,-1.22520005702972,-1.38380002975464,-0.94379997253418,-0.500899970531464,-0.720899999141693
E000V00056,-71.394,-33.941,-1.48500001430511,-1.18649995326996,-0.801800012588501,-1.01339995861053,-1.3186000585556,-1.7820999622345,-1.9041999578476,-2.2966001033783
E000V00068,-71.825,-33.959,-1.15559995174408,-0.740000009536743,-0.359400004148483,-0.598800003528595,-0.981299996376038,-1.50600004196167,-1.85420000553131,-2.35820007324219
E000V00064,-70.717,-33.983,-0.851999998092651,-0.957499980926514,-1.11909997463226,-1.09360003471375,-1.22660005092621,-1.0349999666214,-2.18910002708435,-2.35870003700256
E000V00054,-70.995,-34.029,-1.33550000190735,-1.30970001220703,-0.769599974155426,-0.973999977111816,-1.30460000038147,-1.50839996337891,-1.93410003185272,-2.2121000289917
E000V00059,-70.772,-34.169,-0.606199979782104,-1.02950000762939,-0.322400003671646,-0.463099986314774,-0.698199987411499,-0.830900013446808,-1.67910003662109,-2.03749990463257
E000V00180,-70.402,-34.203,0.49779999256134,-0.0982000008225441,-1.08920001983643,-1.22950005531311,-1.28719997406006,-0.548200011253357,-1.58959996700287,-1.1117000579834
E000V00061,-70.997,-34.215,-1.27590000629425,-1.28949999809265,-0.770900011062622,-0.919600009918213,-1.20539999008179,-1.57019996643066,-2.20989990234375,-2.42149996757507
E000V00062,-71.3,-34.217,-1.4400999546051,-1.36510002613068,-0.930999994277954,-1.167799949646,-1.53740000724792,-1.8561999797821,-2.33060002326965,-2.45989990234375
E000V00060,-70.948,-34.261,-1.27590000629425,-1.28949999809265,-0.770900011062622,-0.919600009918213,-1.20539999008179,-1.57019996643066,-2.20989990234375,-2.42149996757507
E000V00066,-70.812,-34.279,-0.606199979782104,-1.02950000762939,-0.322400003671646,-0.463099986314774,-0.698199987411499,-0.830900013446808,-1.67910003662109,-2.03749990463257
E000V00065,-70.834,-34.322,-0.606199979782104,-1.02950000762939,-0.322400003671646,-0.463099986314774,-0.698199987411499,-0.830900013446808,-1.67910003662109,-2.03749990463257
E000V00067,-72.019,-34.394,-0.193399995565414,-0.227599993348122,0.183200001716614,0.386799991130829,0.335799992084503,-0.391699999570847,-1.1550999879837,-1.50629997253418
E000V00063,-70.21,-34.411,-0.0524000003933907,0.501800000667572,-0.138300001621246,-0.462300002574921,-0.503600001335144,0.598999977111816,0.091899998486042,0.749800026416779
E000V00071,-71.463,-34.485,-1.54499995708466,-1.44959998130798,-1.10549998283386,-1.09660005569458,-1.2195999622345,-1.50069999694824,-2.25920009613037,-2.35030007362366
E000V00069,-71.898,-34.645,-0.200000002980232,-0.338899999856949,0.374099999666214,0.523999989032745,0.411199986934662,-0.465999990701675,-1.16760003566742,-1.43289995193481
E000V00072,-71.4,-34.691,-1.3095999956131,-0.932600021362305,-0.461199998855591,-0.346300005912781,-0.796999990940094,-1.15380001068115,-2.08590006828308,-2.27300000190735
E000V00070,-71.63,-34.714,-1.09630000591278,-0.291900008916855,0.404300004243851,0.539799988269806,0.0193000007420778,-0.61599999666214,-1.73399996757507,-2.0599000453949
E000340044,-71.02,-34.721,-1.31369996070862,-1.09819996356964,-0.711399972438812,-0.806599974632263,-1.02349996566772,-1.39049994945526,-2.40370011329651,-2.40840005874634
E000V00181,-70.52,-34.781,-0.0672999992966652,0.330300003290176,0.217500001192093,0.390799999237061,0.317499995231628,0.0608000010251999,1.78799998760223,1.41009998321533
E000V00086,-72.026,-34.855,-0.200000002980232,-0.338899999856949,0.374099999666214,0.523999989032745,0.411199986934662,-0.465999990701675,-1.16760003566742,-1.43289995193481
E000V00084,-71.125,-34.96,-0.988399982452393,-1.03579998016357,-0.50220000743866,-0.649100005626678,-0.779699981212616,-1.44280004501343,-1.8992999792099,-2.00830006599426
E000V00083,-71.832,-34.968,-0.87169998884201,-0.0362000018358231,0.792800009250641,0.873099982738495,0.368600010871887,-0.42620000243187,-1.55889999866486,-1.79509997367859
E000340031,-71.217,-34.969,-1.20869994163513,-1.2668000459671,-0.580900013446808,-0.638000011444092,-0.892199993133545,-1.15390002727509,-2.31240010261536,-2.29019999504089
E000V00085,-70.811,-35,-0.630599975585938,-0.159299999475479,-0.596400022506714,-0.83840000629425,-1.0300999879837,-0.882499992847443,0.475699990987778,0.100400000810623
E000V00076,-71.956,-35.128,-0.0998999997973442,-0.0678000003099442,0.322400003671646,0.477899998426437,0.374199986457825,0.232500001788139,-0.787000000476837,-1.03910005092621
E000V00182,-70.83,-35.398,0.62279999256134,0.639699995517731,-0.180782645940781,0.300999999046326,0.167600005865097,1.20780003070831,1.19439995288849,0.612900018692017
E000V00079,-71.467,-35.419,-1.17180001735687,-1.03659999370575,-0.83380001783371,-1.04229998588562,-1.29939997196198,-1.40649998188019,-2.29029989242554,-2.16770005226135
E000V00078,-71.7,-35.533,-0.836099982261658,-0.187199994921684,0.280000001192093,0.0256999991834164,-0.538100004196167,-0.0355000011622906,-1.17499995231628,-1.3811000585556
E000V00074,-71.454,-35.663,-1.97049999237061,-1.69369995594025,-1.35909998416901,-1.18180000782013,-1.2195999622345,-1.72269999980927,-2.52410006523132,-2.1175000667572
E000V00077,-72.082,-35.672,-0.874599993228912,-0.453099995851517,0.0724000036716461,-0.0254999995231628,-0.302500009536743,0.547800004482269,-0.567600011825562,-0.563099980354309
E000V00080,-71.062,-35.699,-0.519699990749359,-0.294099986553192,0.310999989509583,-0.479699999094009,-0.569500029087067,0.146599993109703,-0.602500021457672,-0.993799984455109
E000V00081,-72.511,-35.707,0.0756999999284744,0.160799995064735,0.393700003623962,0.300900012254715,0.139599993824959,-0.0357999987900257,-0.598599970340729,-0.863900005817413
E000V00075,-71.631,-35.753,-0.753499984741211,-0.699999988079071,-0.558499991893768,-0.872900009155273,-1.2940000295639,-0.755999982357025,-2.06200003623962,-2.06850004196167
E000V00082,-72.587,-35.836,0.0756999999284744,0.160799995064735,0.393700003623962,0.300900012254715,0.139599993824959,-0.0357999987900257,-0.598599970340729,-0.863900005817413
E000V00183,-71.05,-36.06,-0.565100014209747,0.553900003433228,-0.347200006246567,-0.58380001783371,-0.342599987983704,0.96780002117157,1.22809994220734,1.63359999656677
E000V00087,-72.783,-36.133,-0.715499997138977,-0.77240002155304,-0.119000002741814,-0.124600000679493,-0.314900010824203,-0.000699999975040555,-0.350600004196167,-0.453999996185303
E000V00073,-71.548,-36.257,-1.57120001316071,-1.28359997272491,-0.259200006723404,-0.563899993896484,-0.646000027656555,-0.427799999713898,-0.937300026416779,-0.66949999332428
E000V00091,-71.9,-36.292,-1.15600001811981,-0.58899998664856,-0.36710000038147,-0.757600009441376,-1.13399994373322,-0.836099982261658,-1.77740001678467,-1.73199999332428
E000V00090,-72.64,-36.43,-0.732800006866455,-0.732200026512146,-0.183799996972084,-0.197999998927116,-0.335799992084503,-0.0560999996960163,-0.274199992418289,-0.377799987792969
E000V00088,-72.699,-36.492,-0.732800006866455,-0.732200026512146,-0.183799996972084,-0.197999998927116,-0.335799992084503,-0.0560999996960163,-0.274199992418289,-0.377799987792969
E000V00092,-71.549,-36.56,-1.21119999885559,-0.361600011587143,0.759700000286102,0.751200020313263,0.562699973583221,0.979399979114532,0.137700006365776,0.478799998760223
E000360011,-72.037,-36.586,-0.799899995326996,-0.260600000619888,-0.0952000021934509,-0.719299972057343,-1.12199997901917,-0.66509997844696,-1.33800005912781,-1.22329998016357
E000V00089,-72.603,-36.625,-1.5188000202179,-0.664399981498718,0.172199994325638,-0.227099999785423,-0.877499997615814,0.0217000003904104,-0.350800007581711,-0.31020000576973
E000V00099,-72.965,-36.672,-0.121799997985363,0.0260000005364418,0.431600004434586,0.384499996900558,0.253699988126755,0.616999983787537,0.527100026607513,0.751699984073639
E000V00096,-72.704,-36.697,-0.0869999974966049,0.219300001859665,0.706499993801117,0.54610002040863,0.443599998950958,0.969299972057343,0.78930002450943,0.866800010204315
E000V00098,-72.983,-36.733,-0.121799997985363,0.0260000005364418,0.431600004434586,0.384499996900558,0.253699988126755,0.616999983787537,0.527100026607513,0.751699984073639
E000360019,-73.066,-36.781,-0.121799997985363,0.0260000005364418,0.431600004434586,0.384499996900558,0.253699988126755,0.616999983787537,0.527100026607513,0.751699984073639
E000V00184,-71.5,-36.88,-1.06299996376038,-0.470600008964539,0.32150000333786,-0.653599977493286,-0.751800000667572,-0.365000009536743,-0.656599998474121,-0.67739999294281
E000V00093,-72.099,-36.977,-0.584100008010864,0.179499998688698,0.368699997663498,0.416000008583069,0.474999994039536,0.515100002288818,0.312599986791611,0.505999982357025
E000V00095,-73.14,-37.005,-1.5547000169754,-1.20360004901886,-1.0492000579834,-0.976700007915497,-1.04680001735687,-1.05840003490448,-1.39460003376007,-1.26010000705719
E000V00106,-72.403,-37.035,-1.59469997882843,-1.31459999084473,-0.966000020503998,-1.10440003871918,-1.66840004920959,-1.44140005111694,-2.17840003967285,-2.08940005302429
E000V00097,-73.155,-37.092,-1.5547000169754,-1.20360004901886,-1.0492000579834,-0.976700007915497,-1.04680001735687,-1.05840003490448,-1.39460003376007,-1.26010000705719
E000V00105,-71.245,-37.111,-0.272799998521805,-0.14300000667572,-0.620199978351593,-1.23629999160767,-1.36280000209808,-0.0419000014662743,-0.574400007724762,-0.421299993991852
E000V00094,-72.012,-37.141,-0.543699979782104,-0.454499989748001,-0.270700007677078,-0.211099997162819,-0.169599995017052,0.118400000035763,-0.235499992966652,0.151099994778633
E000V00108,-72.946,-37.167,-0.493800014257431,-0.187000006437302,0.277300000190735,0.0662999972701073,-0.260399997234344,0.324400007724762,0.162799999117851,0.140900000929832
E000V00107,-72.328,-37.213,-0.983900010585785,0.313899993896484,0.493000000715256,0.141800001263618,-0.194000005722046,0.200699999928474,0.00179999996908009,0.0812999978661537
E000V00111,-71.949,-37.293,-0.543699979782104,-0.454499989748001,-0.270700007677078,-0.211099997162819,-0.169599995017052,0.118400000035763,-0.235499992966652,0.151099994778633
E000V00100,-73.437,-37.305,-0.341399997472763,-0.0690999999642372,-0.577300012111664,-0.64190000295639,-0.788500010967255,-0.81580001115799,-1.16050004959106,-1.04760003089905
E000V00185,-71.566,-37.323,-0.802799999713898,-0.390300005674362,-1.28519999980927,-1.45539999008179,-1.48740005493164,-0.547399997711182,-0.915700018405914,-0.892099976539612
E000370033,-72.424,-37.397,-1.57980000972748,-1.02269995212555,-0.762199997901917,-0.789099991321564,-1.02820003032684,-0.505599975585938,-0.702600002288818,-0.653999984264374
E000V00186,-72.83,-37.418,-0.377600014209747,-0.391400009393692,-0.503000020980835,-1.00709998607635,-1.3967000246048,-0.93419998884201,-1.12129998207092,-1.22819995880127
E000V00103,-73.33,-37.485,-0.488000005483627,-0.247600004076958,-0.178700000047684,0.129999995231628,-0.0310999993234873,-0.0729999989271164,-0.18019999563694,0.0996000021696091
E000V00110,-71.875,-37.536,-0.78659999370575,-0.26129999756813,0.0494999997317791,-0.1858000010252,-0.333099991083145,0.344799995422363,-0.0344999991357327,-0.0920000001788139
E000V00104,-73.462,-37.627,0.234500005841255,0.398499995470047,0.470499992370605,0.53710001707077,0.517499983310699,0.734200000762939,0.82940000295639,1.08169996738434
E000V00109,-72.007,-37.685,-0.405099987983704,-0.45770001411438,-0.33500000834465,-0.341399997472763,-0.284500002861023,0.528800010681152,0.269800007343292,0.408899992704391
E000V00116,-72.605,-37.726,-1.30069994926453,-1.22019994258881,-1.55400002002716,-1.56579995155334,-1.68219995498657,-1.52989995479584,-1.62730002403259,-1.5945999622345
E000V00101,-73.412,-37.892,0.833899974822998,0.999300003051758,1.04009997844696,0.883700013160706,0.769400000572205,0.796899974346161,0.652700006961823,0.855199992656708
E000V00102,-73.097,-37.95,-0.666700005531311,-0.921999990940094,-1.15180003643036,-1.17850005626678,-1.28949999809265,-1.56529998779297,-1.83609998226166,-1.74730002880096
E000V00112,-71.435,-38.057,0.596199989318848,0.065200001001358,-0.511099994182587,-0.898500025272369,-0.930000007152557,0.486099988222122,0.212500005960464,0.272799998521805
E000V00114,-72.298,-38.146,0.587100028991699,0.97790002822876,0.0974999964237213,0.105400003492832,0.157499998807907,0.610700011253357,0.392899990081787,0.515500009059906
E000V00117,-72.273,-38.228,0.587100028991699,0.97790002822876,0.0974999964237213,0.105400003492832,0.157499998807907,0.610700011253357,0.392899990081787,0.515500009059906
E000V00113,-71.233,-38.25,0.299800008535385,0.152099996805191,-1.22239995002747,-1.01890003681183,-1.24979996681213,-1.17050004005432,-1.22839999198914,-0.52590000629425
E000V00188,-72.956,-38.207,-1.47990000247955,-1.41770005226135,-1.87160003185272,-1.59210002422333,-1.86870002746582,-1.74310004711151,-2.21370005607605,-2.02040004730225
E000V00187,-71.75,-38.414,-1.02880001068115,0.294800013303757,-0.739199995994568,-0.81360000371933,-0.684800028800964,0.10419999808073,0.024100000038743,0.0737999975681305
E000V00121,-72.399,-38.435,0.149900004267693,0.787500023841858,1.07659995555878,1.01830005645752,0.936800003051758,1.17279994487762,0.760699987411499,0.618600010871887
E000V00129,-72.85,-38.446,-1.57850003242493,-1.1114000082016,-0.949100017547607,-0.577600002288818,-0.710099995136261,-0.387499988079071,-1.45659995079041,-1.75119996070862
E000V00126,-72.224,-38.675,0.221399992704391,1.6385999917984,0.641600012779236,0.653299987316132,0.681500017642975,1.45480000972748,1.08870005607605,1.34669995307922
E000V00115,-71.141,-38.732,1.13150000572205,0.967100024223328,0.404500007629395,0.362899988889694,0.436599999666214,1.75010001659393,0.32490000128746,0.65420001745224
E000380013,-72.46,-38.768,-1.396399974823,-0.0979999974370003,0.544900000095367,0.428000003099442,-0.146799996495247,0.050500001758337,-0.873300015926361,-0.919200003147125
E000V00120,-71.683,-38.834,-1.08510005474091,0.0604000017046928,-0.740599989891052,-1.22109997272491,-1.22459995746613,0.234200000762939,0.00380000006407499,0.0720999985933304
E000V00128,-72.787,-39.022,-1.21920001506805,-0.382099986076355,-0.230199992656708,0.065700002014637,-0.337599992752075,-0.336199998855591,-1.39559996128082,-1.66859996318817
E000V00127,-72.252,-39.007,0.233600005507469,1.44860005378723,0.165900006890297,0.466800004243851,0.548399984836578,1.18439996242523,0.647499978542328,0.794399976730347
E000V00122,-72.922,-39.071,-0.608200013637543,0.0964000001549721,0.396100014448166,0.651600003242493,0.570500016212463,0.395900011062622,-0.637499988079071,-1.1224000453949
E000V00118,-72.615,-39.103,-1.29460000991821,0.249799996614456,0.652499973773956,0.545199990272522,0.0987000018358231,0.156499996781349,-0.73989999294281,-0.648299992084503
E000V00124,-73.133,-39.165,0.101300001144409,0.948499977588654,1.01979994773865,1.29069995880127,0.884999990463257,0.323300004005432,-0.769400000572205,-0.98879998922348
E000V00125,-72.261,-39.196,0.872200012207031,1.37909996509552,0.381099998950958,0.499199986457825,0.593699991703033,1.0813000202179,0.7814000248909,0.853999972343445
E000V00119,-71.868,-39.262,0.758000016212463,1.36909997463226,-0.465400010347366,-0.912199974060059,-0.906199991703033,0.909500002861023,0.283399999141693,0.0292000006884336
E000V00123,-71.926,-39.289,0.061099998652935,0.728900015354156,-0.367799997329712,-0.911199986934662,-0.950399994850159,0.496100008487701,-0.145699992775917,-0.195099994540215
E000V00189,-72.55,-39.373,-0.0209999997168779,1.3779000043869,1.26559996604919,1.1875,1.06359994411469,1.23360002040863,1.1055999994278,1.18610000610352
E000V00190,-73.177,-39.39,1.02579998970032,0.985400021076202,1.14189994335175,1.09510004520416,0.857999980449677,0.100000001490116,-1.42480003833771,-1.7632999420166
E000V00131,-72.95,-39.632,-0.0263999998569489,0.423000007867813,0.541100025177002,0.621599972248077,0.309799998998642,-0.325199991464615,-1.46270000934601,-1.73759996891022
E000390006,-73.087,-39.657,-0.0263999998569489,0.423000007867813,0.541100025177002,0.621599972248077,0.309799998998642,-0.325199991464615,-1.46270000934601,-1.73759996891022
E000V00130,-72.501,-39.863,-0.514500021934509,-1.12059998512268,-0.559000015258789,-0.777999997138977,-0.566799998283386,-0.0485000014305115,-0.345800012350082,-0.184599995613098
E000V00191,-71.91,-39.88,0.764900028705597,0.576799988746643,-0.579500019550323,-1.06519997119904,-0.887799978256226,0.32370001077652,-0.329100012779236,-0.0185000002384186
E000V00132,-72.927,-40.096,-0.246700003743172,0.0772000029683113,0.0731000006198883,-0.237200006842613,-0.111800000071526,-0.644699990749359,-1.59640002250671,-1.52849996089935
E000V00134,-72.415,-40.134,0.535899996757507,0.0869000032544136,0.288599997758865,0.11879999935627,0.275200009346008,0.837999999523163,0.740899980068207,1.1768000125885
E000V00193,-73.647,-40.168,0.689300000667572,0.229000002145767,0.481400012969971,0.456999987363815,0.320699989795685,0.0866999998688698,-0.560000002384186,-0.127900004386902
E000V00133,-73.024,-40.317,-1.06679999828339,-0.886399984359741,-0.836199998855591,-1.55480003356934,-0.805199980735779,-1.56110000610352,-2.08489990234375,-2.08879995346069
E000V00135,-72.979,-40.323,-1.06679999828339,-0.886399984359741,-0.836199998855591,-1.55480003356934,-0.805199980735779,-1.56110000610352,-2.08489990234375,-2.08879995346069
E000V00139,-73.308,-40.348,-0.555999994277954,-0.25670000910759,0.187000006437302,0.259600013494492,0.657500028610229,0.135900005698204,-0.469599992036819,-0.264899998903275
E000V00192,-72,-40.52,0.0706999972462654,0.801800012588501,-0.294400006532669,-1.32969999313354,-1.292799949646,0.14640000462532,-0.981000006198883,-0.520500004291534
E000400009,-73.058,-40.614,-1.25689995288849,-1.72769999504089,-1.25329995155334,-2.42219996452332,-1.68630003929138,-1.60959994792938,-2.06550002098083,-2.10450005531311
E000V00194,-72.116,-40.623,0.0706999972462654,0.801800012588501,-0.294400006532669,-1.32969999313354,-1.292799949646,0.14640000462532,-0.981000006198883,-0.520500004291534
E000V00136,-73.152,-40.765,-1.81910002231598,-1.82099997997284,-1.38419997692108,-0.691200017929077,-1.00510001182556,-1.21480000019073,-1.21130001544952,-1.61010003089905
E000V00138,-73.157,-40.861,-1.81910002231598,-1.82099997997284,-1.38419997692108,-0.691200017929077,-1.00510001182556,-1.21480000019073,-1.21130001544952,-1.61010003089905
E000V00195,-73.815,-40.873,-0.653800010681152,-0.461600005626678,-0.172399997711182,0.331499993801117,0.42739999294281,0.210999995470047,0.209600001573563,0.392500013113022
E000V00137,-72.886,-40.957,-1.11660003662109,-1.27349996566772,-0.731000006198883,-1.17999994754791,-0.624199986457825,-0.644999980926514,-0.737200021743774,-1.05089998245239
E000V00142,-73.377,-41.115,-1.62590003013611,-1.93929994106293,-1.93470001220703,-1.04330003261566,-0.997300028800964,-1.59340000152588,-1.4699000120163,-1.66639995574951
E000V00197,-72.339,-41.142,-0.796700000762939,0.0710000023245811,-0.98580002784729,-1.58430004119873,-1.72660005092621,0.434700012207031,-0.910199999809265,-0.614000022411346
E000V00143,-73.009,-41.259,-1.69019997119904,-1.66299998760223,-1.20940005779266,-1.37440001964569,-1.2824000120163,-0.533699989318848,-0.965799987316132,-0.750599980354309
E000V00196,-73.809,-41.359,-0.910099983215332,-0.722800016403198,-0.675599992275238,-0.260699987411499,-0.453500002622604,-1.20449995994568,-1.25279998779297,-1.76170003414154
E000410005,-73.096,-41.448,-0.751399993896484,-0.863099992275238,-0.24549999833107,-0.127900004386902,0.0876000002026558,0.757799983024597,-0.181600004434586,0.139899998903275
E000V00198,-72.275,-41.579,-1.27079999446869,-0.560999989509583,-0.749000012874603,-1.41919994354248,-1.34189999103546,0.171499997377396,-0.774200022220612,-0.845200002193451
E000V00144,-73.672,-41.71,-0.263099998235703,0.0379999987781048,-0.708100020885468,-0.272899985313416,-0.406399995088577,-1.39680004119873,-1.27600002288818,-1.62460005283356
E000V00140,-72.435,-41.938,1.01639997959137,0.107500001788139,0.104900002479553,-1.10510003566742,-0.863699972629547,0.606299996376038,0.249200001358986,-0.0082999998703599
E000V00141,-71.865,-42.075,-0.523500025272369,0.375699996948242,-0.618300020694733,-1.50100004673004,-1.5706000328064,-0.542100012302399,-1.13220000267029,-1.26250004768372
E000V00151,-72.417,-42.1,1.01639997959137,0.107500001788139,0.104900002479553,-1.10510003566742,-0.863699972629547,0.606299996376038,0.249200001358986,-0.0082999998703599
E000V00149,-73.49,-42.157,-0.433600008487701,0.865000009536743,0.695299983024597,0.782999992370605,-0.261700004339218,-0.0755999982357025,0.866800010204315,0.545000016689301
E000V00199,-74.078,-42.285,0.430400013923645,0.671299993991852,1.042799949646,0.95550000667572,0.82150000333786,0.556100010871887,0.851000010967255,0.754800021648407
E000V00201,-72.663,-42.355,0.414900004863739,-1.29489994049072,-0.877499997615814,-1.9724999666214,-1.817999958992,-1.35280001163483,-1.04200005531311,-0.324099987745285
E000V00147,-73.568,-42.404,0.244550958275795,0.388037264347076,0.0937198325991631,0.0243026316165924,-0.0845378637313843,0.269726574420929,0.103921301662922,0.11435478925705
E000V00148,-73.633,-42.583,1.18959999084473,1.10539996623993,1.27559995651245,1.61259996891022,1.10860002040863,1.14030003547668,1.21220004558563,0.810999989509583
E000V00146,-73.789,-42.704,0.887799978256226,1.3264000415802,1.12259995937347,1.55809998512268,0.439399987459183,0.362100005149841,0.598100006580353,0.288399994373322
E000V00145,-72.717,-42.883,0.869799971580505,0.756399989128113,-0.20440000295639,-0.675400018692017,-0.488200008869171,0.305599987506866,-0.0232999995350838,0.421099990606308
E000430002,-71.852,-43.189,0.598599970340729,1.00080001354218,0.399100005626678,0.846800029277802,1.34669995307922,1.31169998645782,1.46889996528625,1.43439996242523
E000V00200,-74.295,-43.208,1.1382999420166,0.738600015640259,-0.00340000004507601,-0.682099997997284,0.0397999994456768,0.521700024604797,0.649999976158142,0.808899998664856
E000V00202,-72.85,-43.364,-0.0500999987125397,0.000600000028498471,-1.23360002040863,-1.64719998836517,-1.35689997673035,-0.0608999989926815,-0.218500003218651,0.210600003600121
E000V00150,-72.126,-43.474,1.04770004749298,-0.711300015449524,-1.78729999065399,-2.87919998168945,-2.82940006256104,-0.682099997997284,-1.33410000801086,-1.27839994430542
E000430004,-71.801,-43.612,0.151600003242493,0.202500000596046,-0.671500027179718,-0.209600001573563,0.19539999961853,0.515200018882751,0.285899996757507,0.128099992871284
E000V00153,-73.74,-43.89,0.52119767665863,0.352971196174622,-0.150945782661438,-0.345416456460953,-0.184170603752136,0.333071649074554,-0.055594690144062,0.0396341644227505
E000V00152,-72.387,-43.917,0.527499973773956,0.218700006604195,-1.04019999504089,-1.17040002346039,-1.08089995384216,0.195099994540215,-0.806100010871887,-0.0185000002384186
E000V00154,-71.847,-44.24,0.827300012111664,1.26909995079041,-1.47090005874634,-1.42340004444122,-1.34800004959106,0.10249999910593,0.267100006341934,0.464599996805191
E000V00203,-73.097,-44.729,0.19200000166893,-0.183200001716614,-1.67410004138947,-2.49790000915527,-1.89699995517731,-0.616299986839294,-1.40799999237061,-1.04639995098114
E000450001,-72.677,-45.399,1.23409998416901,1.17530000209808,0.5692999958992,-0.130199998617172,-0.0590999983251095,1.082200050354,0.408399999141693,0.67849999666214
E000450004,-72.102,-45.591,0.0375999994575977,0.918299973011017,0.0987000018358231,-0.207599997520447,-0.900699973106384,0.826300024986267,-0.0776999965310097,0.022299999371171
E000450005,-71.678,-45.918,-0.675599992275238,-0.202299997210503,-0.222800001502037,-0.411100000143051,-1.43729996681213,-0.778900027275085,-0.955999970436096,-0.782400012016296
E000V00157,-71.941,-46.278,-0.975099980831146,-0.133699998259544,0.140699997544289,-0.0564000010490417,-1.19280004501343,-0.714900016784668,-1.10609996318817,-1.19490003585815
E000V00205,-74.778,-46.355,-0.985300004482269,-1.12300002574921,-1.33280003070831,-1.43949997425079,-1.03369998931885,-0.281199991703033,-1.51719999313354,-1.2228000164032
E000V00204,-73.336,-46.569,0.648100018501282,0.265500009059906,0.223800003528595,-0.196400001645088,-0.100500002503395,0.93419998884201,0.552100002765656,0.722199976444244
E000460001,-71.685,-46.585,-1.27820003032684,-0.922800004482269,-0.694000005722046,-0.680599987506866,-1.55050003528595,-0.774800002574921,-1.35959994792938,-1.30060005187988
E000470001,-72.583,-47.244,-2.15019989013672,-0.59960001707077,-0.500999987125397,-0.793699979782104,-0.782800018787384,0.384999990463257,-0.194999992847443,-0.0811000019311905
E000V00156,-73.536,-47.8,-1.71189999580383,-0.886799991130829,-0.734499990940094,-1.07860004901886,-1.11849999427795,-0.545700013637543,-1.21370005607605,-1.10220003128052
E000V00155,-72.56,-48.471,0.0167999994009733,0.266600012779236,0.613900005817413,0.596599996089935,0.463899999856949,0.772599995136261,-0.570999979972839,-1.14600002765656
E000V00206,-73.941,-48.958,0.140291437506676,0.433002144098282,0.0774790048599243,-0.140012085437775,-0.0857508927583694,0.445177227258682,0.0553742982447147,0.224279835820198
E000V00207,-73.57,-51.07,0.296499997377396,0.334300011396408,0.685699999332428,0.678900003433228,0.952300012111664,1.45070004463196,1.32819998264313,1.2474000453949
E000V00158,-72.967,-51.184,-1.99689996242523,-1.06330001354218,-0.92519998550415,-1.2315000295639,-1.47010004520416,-1.59560000896454,-1.84570002555847,-0.899999976158142
E000V00159,-71.164,-52.309,-2.68610000610352,-1.68219995498657,-0.789499998092651,-0.769599974155426,-1.23660004138947,-1.92639994621277,-1.93190002441406,-1.39779996871948
E000V00161,-70.361,-52.432,-3.30399990081787,-2.79119992256165,-1.99800002574921,-1.47619998455048,-1.619500041008,-2.14219999313354,-1.74109995365143,-1.20089995861053
E000V00160,-71.505,-52.601,-2.61150002479553,-1.82739996910095,-1.00800001621246,-1.15020000934601,-1.54999995231628,-1.64649999141693,-1.57990002632141,-1.06149995326996
E000V00162,-69.27,-52.8,-2.1793999671936,-1.59350001811981,-0.701300024986267,-0.404500007629395,-0.856899976730347,-2.0518000125885,-1.24919998645782,-0.841799974441528
E000520006,-70.839,-53.002,-2.90910005569458,-2.34050011634827,-1.89400005340576,-1.76279997825623,-2.04649996757507,-2.0813000202179,-1.52680003643036,-1.14549994468689
E000530005,-70.326,-53.254,-2.64750003814697,-1.65859997272491,-1.88750004768372,-1.80980002880096,-1.92490005493164,-1.75,-1.08480000495911,-0.960600018501282
E000V00208,-71.38,-53.8,-1.00800001621246,0.223399996757507,0.620199978351593,0.222399994730949,0.0015999999595806,0.811200022697449,-0.457500010728836,-0.524999976158142
E000V00163,-68.804,-54.051,-2.92190003395081,-0.922500014305115,0.0575999990105629,0.129700005054474,-0.139200001955032,-0.479499995708466,0.117799997329712,0.182199999690056
E000550001,-67.616,-54.932,0.594200015068054,2.11470007896423,0.478300005197525,0.325800001621246,0.41609999537468,0.916100025177002,0.359400004148483,0.439300000667572
