Estacion,Lat,Lon,meses:1,3,6,9,12,24,36,48
E000V00003,-69.478,-17.595,1.88530004024506,1.50680005550385,1.48450005054474,1.32729995250702,1.19790005683899,1.43509995937347,1.53770005702972,1.79820001125336
E000V00002,-69.554,-18.197,1.22880005836487,0.864099979400635,1.30289995670319,1.25720000267029,1.31350004673004,1.75390005111694,1.70260000228882,1.67309999465942
E000180005,-70.34,-18.356,1.45679998397827,1.40880000591278,1.13970005512238,0.914699971675873,0.782800018787384,1.75759994983673,1.69149994850159,1.24479997158051
E000V00001,-69.857,-19.011,2.41280007362366,1.56970000267029,1.24890005588531,1.02789998054504,0.973299980163574,1.65059995651245,1.49590003490448,1.08700001239777
E000V00006,-68.638,-19.276,1.13510000705719,0.900300025939941,0.571799993515015,0.569999992847443,0.438100010156631,1.34570002555847,1.60790002346039,1.81789994239807
E000V00005,-69.427,-19.313,0.779999971389771,0.732100009918213,1.33669996261597,1.1282000541687,1.2364000082016,2.14520001411438,1.94659996032715,1.55830001831055
E000V00007,-69.767,-19.996,0.738499999046326,0.873199999332428,0.666599988937378,0.37950000166893,0.230599999427795,1.6110999584198,1.88289999961853,1.39429998397827
E000V00004,-70.117,-20.25,0.830699980258942,1.26760005950928,1.47880005836487,1.65040004253387,1.65260004997253,1.65719997882843,1.58739995956421,1.33770000934601
E000V00008,-69.342,-20.501,1.33560001850128,1.05770003795624,1.30999994277954,1.42760002613068,1.49609994888306,1.82130002975464,1.69439995288849,1.36020004749298
E000200006,-70.181,-20.549,1.24639999866486,1.27100002765656,1.27419996261597,1.38900005817413,1.54980003833771,1.76030004024506,1.86349999904633,1.63460004329681
E000V00011,-68.255,-21.224,1.34039998054504,-0.115900002419949,-0.591600000858307,-0.866100013256073,-0.791700005531311,-0.303900003433228,-0.0676999986171722,0.278899997472763
E000V00013,-70.2,-22.091,1.8150999546051,1.3309999704361,1.35829997062683,1.519700050354,1.7069000005722,1.93610000610352,1.82539999485016,1.63380002975464
E000V00014,-69.666,-22.35,1.46860003471375,1.25240004062653,1.23469996452332,1.27339994907379,1.36349999904633,1.49539995193481,1.52610003948212,1.41639995574951
E000220002,-68.892,-22.498,1.82369995117188,1.51080000400543,1.45220005512238,1.36849999427795,1.36280000209808,1.619500041008,1.77740001678467,1.51339995861053
E000V00009,-69.32,-22.892,2.291100025177,1.58770000934601,1.50769996643066,1.52009999752045,1.33329999446869,1.20210003852844,1.35829997062683,1.25740003585815
E000V00012,-68.213,-22.932,1.12380003929138,0.800499975681305,0.592100024223328,0.845000028610229,1.02610003948212,1.32760000228882,1.48280000686646,1.50510001182556
E000230001,-70.445,-23.454,0.0472999997437,-0.182600006461143,0.033100001513958,0.172999992966652,0.239999994635582,0.63919997215271,0.944100022315979,1.17400002479553
E000V00166,-67.44,-23.6,0.2483000010252,0.618499994277954,0.933499991893768,1.04820001125336,1.15729999542236,1.55869996547699,1.61409997940063,1.4695999622345
E000V00165,-68.57,-23.94,1.11979997158051,1.06659996509552,1.04410004615784,0.992999970912933,1.04700005054474,1.24689996242523,1.79030001163483,1.56229996681213
E000V00164,-69.69,-24.51,0.425799995660782,-0.0544999986886978,-0.00800000037997961,0.152300000190735,0.0272000003606081,0.0649000033736229,0.610899984836578,0.870700001716614
E000V00167,-69.3,-25,1.07169997692108,1.05490005016327,1.35290002822876,1.39699995517731,1.28369998931885,1.41999995708466,1.70220005512238,1.70319998264313
E000V00010,-70.484,-25.411,0.89300000667572,0.161200001835823,0.17339999973774,0.250999987125397,0.122900001704693,-0.192699998617172,0.374399989843369,0.683099985122681
E000V00168,-69.27,-25.7,1.42149996757507,1.49940001964569,1.46449995040894,1.44169998168945,1.50119996070862,1.85080003738403,2.13450002670288,1.96360003948212
E000V00169,-68.99,-26.25,0.98309999704361,1.17009997367859,0.704900026321411,0.764800012111664,0.967899978160858,1.77789998054504,1.91879999637604,1.72809994220734
E000V00016,-70.611,-26.332,1.56239998340607,1.45519995689392,1.21089994907379,0.735700011253357,0.541299998760223,-0.0412000007927418,0.830099999904633,1.28180003166199
E000V00017,-70.046,-26.391,1.07959997653961,0.705900013446808,0.814999997615814,0.727500021457672,0.691900014877319,0.606899976730347,0.829800009727478,0.992900013923645
E000V00170,-69.33,-27.07,0.794799983501434,0.702600002288818,-0.779600024223328,-0.208299994468689,-0.0252999998629093,1.12440001964569,1.72650003433228,1.88150000572205
E000270008,-70.781,-27.254,0.681299984455109,0.856800019741058,0.702700018882751,0.624800026416779,0.65310001373291,0.437299996614456,0.576399981975555,0.853999972343445
E000270009,-70.353,-27.359,0.558099985122681,0.40149998664856,0.415499985218048,0.472099989652634,0.544300019741058,0.598699986934662,0.778400003910065,1.03799998760223
E000V00171,-69.81,-27.98,-0.0597000010311604,0.355100005865097,0.228400006890297,0.540300011634827,0.647700011730194,0.879800021648407,1.78059995174408,2.03139996528625
E000V00019,-71.225,-28.463,-0.590300023555756,-0.429500013589859,-0.5314000248909,-0.538699984550476,-0.559899985790253,-0.560400009155273,-0.464899986982346,-0.0141000002622604
E000V00018,-70.449,-28.768,-0.684099972248077,-0.65310001373291,-0.380299985408783,-0.199399992823601,-0.250099986791611,-0.0892999991774559,0.172700002789497,0.758800029754639
E000V00015,-70,-28.976,0.746200025081635,0.872600018978119,0.482199996709824,0.527199983596802,0.532100021839142,0.601599991321564,1.30900001525879,1.73529994487762
E000V00021,-71.116,-29.372,-0.808700025081635,-0.732900023460388,-0.744499981403351,-0.719200015068054,-0.702000021934509,-0.577000021934509,-0.367700010538101,0.133300006389618
E000290004,-71.207,-29.914,-1.00829994678497,-0.953800022602081,-1.02799999713898,-1.07039999961853,-1.08920001983643,-0.962700009346008,-0.9132000207901,-0.420199990272522
E000V00022,-70.721,-30.031,0.397599995136261,1.27769994735718,1.05589997768402,1.02660000324249,1.05460000038147,1.33589994907379,1.77230000495911,2.2386999130249
E000V00020,-71.082,-30.234,-1.24530005455017,-1.23590004444122,-1.23590004444122,-1.14030003547668,-1.0809999704361,-0.986400008201599,-1.02740001678467,-0.640200018882751
E000V00172,-71.72,-30.38,-1.95299994945526,-1.78139996528625,-1.91910004615784,-1.9054000377655,-1.89890003204346,-1.48399996757507,-1.89919996261597,-1.63759994506836
E000V00027,-70.937,-30.746,-1.70350003242493,-1.62329995632172,-1.67780005931854,-1.67309999465942,-1.65559995174408,-1.64820003509521,-1.67209994792938,-1.41089999675751
E000V00028,-71.256,-30.838,-1.61310005187988,-1.46449995040894,-1.56040000915527,-1.55770003795624,-1.59159994125366,-1.50960004329681,-1.67830002307892,-1.3944000005722
E000V00026,-70.999,-31.188,-2.15319991111755,-2.03990006446838,-2.06940007209778,-1.93640005588531,-1.80229997634888,-1.74489998817444,-1.7820999622345,-1.48070001602173
E000V00024,-71.413,-31.39,-2.11649990081787,-1.93809998035431,-1.9941999912262,-1.90160000324249,-1.82340002059937,-1.45749998092651,-1.81070005893707,-1.4811999797821
E000V00023,-71.152,-31.633,-2.00819993019104,-1.86740005016327,-1.99469995498657,-1.90240001678467,-1.77499997615814,-1.54579997062683,-1.87639999389648,-1.60130000114441
E000V00025,-70.97,-31.783,-2.08759999275208,-1.8882999420166,0.0258000008761883,0.544700026512146,0.191599994897842,-0.939599990844727,-0.305200010538101,0.37389999628067
E000320019,-70.707,-32.076,-1.70949995517731,-0.289200007915497,2.0106999874115,2.10579991340637,1.72619998455048,1.12160003185272,1.83560001850128,1.85350000858307
E000V00035,-70.926,-32.251,-2.1933000087738,-1.97399997711182,-2.14730000495911,-1.75139999389648,-1.5275000333786,-1.58819997310638,-1.81470000743866,-1.45319998264313
E000V00174,-70.464,-32.343,0.376199990510941,1.1414999961853,2.16680002212524,2.34220004081726,2.25200009346008,1.37619996070862,1.77760004997253,1.90950000286102
E000V00033,-70.819,-32.362,-1.15520000457764,0.241300001740456,0.614700019359589,0.825500011444092,0.638899981975555,0.735099971294403,1.05970001220703,0.79009997844696
E000V00034,-71.441,-32.505,-1.96379995346069,-2.05800008773804,-2.2606999874115,-1.99600005149841,-1.682000041008,-1.37870001792908,-1.72759997844696,-1.41079998016357
E000V00175,-71.014,-32.54,-1.89090001583099,-1.74370002746582,-1.35860002040863,-0.940100014209747,-0.830799996852875,-1.1389000415802,-1.34440004825592,-1.00689995288849
E000V00041,-70.725,-32.594,-1.99890005588531,-0.580200016498566,0.656599998474121,0.735899984836578,0.503899991512299,-0.67519998550415,0.153999999165535,0.25330001115799
E000V00176,-70.368,-32.618,-1.90620005130768,-1.51180005073547,-0.420399993658066,0.229800000786781,-0.350100010633469,-0.982800006866455,-0.60699999332428,-0.600600004196167
E000V00040,-70.809,-32.757,-0.467099994421005,-0.167199999094009,-1.34609997272491,-0.873300015926361,-0.784699976444244,-1.52349996566772,-1.14359998703003,-0.682699978351593
E000V00031,-71.526,-32.789,-2.08699989318848,-2.22049999237061,-2.57209992408752,-2.38599991798401,-2.19930005073547,-1.71549999713898,-2.15409994125366,-1.88359999656677
E000V00037,-71.173,-32.79,-1.94210004806519,-1.79120004177094,-2.15330004692078,-1.97070002555847,-1.77069997787476,-1.37699997425079,-1.83089995384216,-1.6878000497818
E000320028,-71.227,-32.828,-1.94210004806519,-1.79120004177094,-2.15330004692078,-1.97070002555847,-1.77069997787476,-1.37699997425079,-1.83089995384216,-1.6878000497818
E000V00032,-70.382,-32.89,0.00669999979436398,1.0786999464035,1.10490000247955,0.631500005722046,0.685800015926361,0.476300001144409,0.877900004386902,1.10380005836487
E000V00036,-71.207,-32.893,-2.2664999961853,-2.09570002555847,-2.58949995040894,-2.28430008888245,-2.00740003585815,-1.84449994564056,-2.15339994430542,-1.90310001373291
E000V00030,-71.517,-32.917,-2.09419989585876,-2.30250000953674,-2.73280000686646,-2.42009997367859,-2.15170001983643,-2.12360000610352,-2.3908998966217,-1.98489999771118
E000V00042,-71.261,-32.994,-2.2664999961853,-2.09570002555847,-2.58949995040894,-2.28430008888245,-2.00740003585815,-1.84449994564056,-2.15339994430542,-1.90310001373291
E000330002,-71.648,-33.023,-2.70099997520447,-2.74769997596741,-3.16969990730286,-2.92409992218018,-2.708899974823,-2.35710000991821,-2.60969996452332,-2.15190005302429
E000330007,-71.556,-33.065,-2.09419989585876,-2.30250000953674,-2.73280000686646,-2.42009997367859,-2.15170001983643,-2.12360000610352,-2.3908998966217,-1.98489999771118
E000V00029,-71.4,-33.083,-2.09419989585876,-2.30250000953674,-2.73280000686646,-2.42009997367859,-2.15170001983643,-2.12360000610352,-2.3908998966217,-1.98489999771118
E000V00051,-70.834,-33.121,-1.53729999065399,-1.16390001773834,-0.814300000667572,-0.668500006198883,-0.629400014877319,-0.96670001745224,-0.899100005626678,-0.789200007915497
E000V00050,-70.66,-33.147,-1.08700001239777,-0.953599989414215,-0.856199979782104,-0.600499987602234,-0.506900012493134,-1.5706000328064,-1.89129996299744,-1.59010004997253
E000V00177,-71.46,-33.23,-2.14429998397827,-2.43939995765686,-2.87100005149841,-2.63299989700317,-2.29189991950989,-2.40619993209839,-2.57509994506836,-2.12339997291565
E000V00178,-71.155,-33.287,-2.32229995727539,-2.16989994049072,-2.76629996299744,-2.57710003852844,-2.35269999504089,-1.9835000038147,-2.38369989395142,-2.31649994850159
E000V00046,-70.502,-33.353,0.202199995517731,1.60870003700256,1.57079994678497,2.26530003547668,2.21830010414124,1.35899996757507,1.82889997959137,1.83120000362396
E000330021,-70.787,-33.378,-1.61220002174377,-1.18410003185272,-1.00440001487732,-0.45320001244545,-0.323100000619888,-0.706099987030029,-0.861500024795532,-0.826399981975555
E000V00043,-70.733,-33.42,-1.61220002174377,-1.18410003185272,-1.00440001487732,-0.45320001244545,-0.323100000619888,-0.706099987030029,-0.861500024795532,-0.826399981975555
E000V00055,-71.026,-33.439,-1.8668999671936,-1.79240000247955,-1.98020005226135,-1.83659994602203,-1.68649995326996,-1.64719998836517,-2.16580009460449,-2.14120006561279
E000V00038,-71.624,-33.439,-2.33570003509521,-2.45370006561279,-2.87339997291565,-2.66210007667542,-2.31469988822937,-2.55049991607666,-2.46269989013672,-1.99360001087189
E000330020,-70.683,-33.445,-1.61220002174377,-1.18410003185272,-1.00440001487732,-0.45320001244545,-0.323100000619888,-0.706099987030029,-0.861500024795532,-0.826399981975555
E000330019,-70.549,-33.455,-0.999199986457825,0.0351000018417835,0.159700006246567,0.197999998927116,0.288800001144409,-0.504100024700165,-0.36379998922348,-0.644400000572205
E000V00044,-70.7,-33.467,-1.61220002174377,-1.18410003185272,-1.00440001487732,-0.45320001244545,-0.323100000619888,-0.706099987030029,-0.861500024795532,-0.826399981975555
E000V00047,-70.766,-33.517,-1.61220002174377,-1.18410003185272,-1.00440001487732,-0.45320001244545,-0.323100000619888,-0.706099987030029,-0.861500024795532,-0.826399981975555
E000V00039,-71.596,-33.543,-2.33570003509521,-2.45370006561279,-2.87339997291565,-2.66210007667542,-2.31469988822937,-2.55049991607666,-2.46269989013672,-1.99360001087189
E000V00045,-70.548,-33.545,-0.999199986457825,0.0351000018417835,0.159700006246567,0.197999998927116,0.288800001144409,-0.504100024700165,-0.36379998922348,-0.644400000572205
E000V00058,-70.902,-33.608,-1.8668999671936,-1.79240000247955,-1.98020005226135,-1.83659994602203,-1.68649995326996,-1.64719998836517,-2.16580009460449,-2.14120006561279
E000V00048,-70.567,-33.617,-0.999199986457825,0.0351000018417835,0.159700006246567,0.197999998927116,0.288800001144409,-0.504100024700165,-0.36379998922348,-0.644400000572205
E000330031,-78.833,-33.636,0.0624763965606689,0.107886835932732,0.407155096530914,0.480895072221756,0.531996667385101,0.128929629921913,0.152867585420609,0.410830706357956
E000330030,-71.613,-33.656,-2.25359988212585,-2.40689992904663,-2.90890002250671,-2.78139996528625,-2.54830002784729,-2.25780010223389,-2.38579988479614,-2.10549998283386
E000V00049,-70.089,-33.676,-0.110600002110004,-0.731599986553192,-0.965200006961823,-1.05739998817444,-0.651600003242493,-1.49440002441406,-1.83270001411438,-1.34519994258881
E000V00057,-71.101,-33.692,-1.74339997768402,-1.79429996013641,-2.2558000087738,-2.00659990310669,-1.7800999879837,-1.76020002365112,-2.08759999275208,-1.93990004062653
E000V00052,-70.707,-33.707,-1.31270003318787,-1.24849998950958,-0.909799993038177,-0.349200010299683,-0.187399998307228,-1.55060005187988,-2.01349997520447,-1.61979997158051
E000V00053,-70.639,-33.862,-1.31270003318787,-1.24849998950958,-0.909799993038177,-0.349200010299683,-0.187399998307228,-1.55060005187988,-2.01349997520447,-1.61979997158051
E000V00179,-70.22,-33.878,-1.63950002193451,-0.219400003552437,0.0313999988138676,0.0423999987542629,-0.0297999996691942,0.344700008630753,-0.0483999997377396,0.187399998307228
E000V00056,-71.394,-33.941,-2.01110005378723,-2.25979995727539,-2.54180002212524,-2.39490008354187,-2.0518000125885,-1.9083000421524,-2.31089997291565,-2.12249994277954
E000V00068,-71.825,-33.959,-1.94809997081757,-2.23639988899231,-2.45289993286133,-2.31049990653992,-1.87580001354218,-1.95840001106262,-2.4828999042511,-2.23219990730286
E000V00064,-70.717,-33.983,-1.30410003662109,-1.07379996776581,-1.08850002288818,-0.807600021362305,-0.577199995517731,-2.07039999961853,-2.36730003356934,-1.89730000495911
E000V00054,-70.995,-34.029,-2.17449998855591,-1.96340000629425,-2.31550002098083,-2.06629991531372,-1.66139996051788,-1.97409999370575,-2.24279999732971,-1.99199998378754
E000V00059,-70.772,-34.169,-0.897000014781952,-0.658100008964539,-0.927900016307831,-0.875500023365021,-0.675000011920929,-1.58440005779266,-2.04410004615784,-1.84640002250671
E000V00180,-70.402,-34.203,-0.166400000452995,0.570900022983551,0.308600008487701,0.36259999871254,0.507499992847443,-0.970899999141693,-0.69650000333786,-0.137500002980232
E000V00061,-70.997,-34.215,-1.77740001678467,-1.80519998073578,-2.27020001411438,-2.21309995651245,-1.84700000286102,-2.40030002593994,-2.5058000087738,-2.11820006370544
E000V00062,-71.3,-34.217,-2.29159998893738,-2.37050008773804,-2.74659991264343,-2.51510000228882,-2.08680009841919,-2.40759992599487,-2.4242000579834,-2.04189991950989
E000V00060,-70.948,-34.261,-1.77740001678467,-1.80519998073578,-2.27020001411438,-2.21309995651245,-1.84700000286102,-2.40030002593994,-2.5058000087738,-2.11820006370544
E000V00066,-70.812,-34.279,-0.897000014781952,-0.658100008964539,-0.927900016307831,-0.875500023365021,-0.675000011920929,-1.58440005779266,-2.04410004615784,-1.84640002250671
E000V00065,-70.834,-34.322,-0.897000014781952,-0.658100008964539,-0.927900016307831,-0.875500023365021,-0.675000011920929,-1.58440005779266,-2.04410004615784,-1.84640002250671
E000V00067,-72.019,-34.394,-0.1875,-0.958199977874756,-1.88719999790192,-1.66750001907349,-1.10029995441437,-1.7117999792099,-1.98189997673035,-1.93850004673004
E000V00063,-70.21,-34.411,0.683200001716614,0.940199971199036,1.32720005512238,1.53090000152588,1.46539998054504,0.638599991798401,1.17009997367859,1.50010001659393
E000V00071,-71.463,-34.485,-1.43110001087189,-1.63580000400543,-1.96010005474091,-1.9297000169754,-1.61549997329712,-2.42370009422302,-2.42140007019043,-1.92910003662109
E000V00069,-71.898,-34.645,-0.728200018405914,-1.47759997844696,-1.96930003166199,-1.73000001907349,-1.26279997825623,-1.82389998435974,-1.96229994297028,-2.07690000534058
E000V00072,-71.4,-34.691,-1.42780005931854,-1.54190003871918,-1.96089994907379,-1.87109994888306,-1.22839999198914,-2.24079990386963,-2.38339996337891,-2.15429997444153
E000V00070,-71.63,-34.714,-1.35199999809265,-1.07439994812012,-1.74199998378754,-1.791100025177,-1.12230002880096,-2.27080011367798,-2.54690003395081,-2.34260010719299
E000340044,-71.02,-34.721,-1.53579998016357,-1.63469994068146,-1.92700004577637,-1.7063000202179,-1.47940003871918,-2.58369994163513,-2.42219996452332,-1.79540002346039
E000V00181,-70.52,-34.781,0.479499995708466,0.647199988365173,-0.097800001502037,-0.067100003361702,-0.0452999994158745,2.24460005760193,1.70910000801086,1.31529998779297
E000V00086,-72.026,-34.855,-0.728200018405914,-1.47759997844696,-1.96930003166199,-1.73000001907349,-1.26279997825623,-1.82389998435974,-1.96229994297028,-2.07690000534058
E000V00084,-71.125,-34.96,-0.925000011920929,-1.33560001850128,-1.52610003948212,-1.79739999771118,-1.72370004653931,-2.06180000305176,-2.18779993057251,-1.65289998054504
E000V00083,-71.832,-34.968,-1.25909996032715,-0.915899991989136,-1.60450005531311,-1.75740003585815,-1.14970004558563,-2.29040002822876,-2.37579989433289,-2.1408998966217
E000340031,-71.217,-34.969,-1.16170001029968,-1.46619999408722,-1.58570003509521,-1.67170000076294,-1.12549996376038,-2.50370001792908,-2.37470006942749,-1.78310000896454
E000V00085,-70.811,-35,-0.679400026798248,0.421999990940094,-0.111800000071526,-0.270799994468689,-0.213200002908707,1.39859998226166,0.778299987316132,0.312900006771088
E000V00076,-71.956,-35.128,-0.265500009059906,-0.924899995326996,-0.910600006580353,-0.324299991130829,0.0549000017344952,-1.28380000591278,-1.43309998512268,-1.25859999656677
E000V00182,-70.83,-35.398,-0.221699997782707,0.664600014686584,1.29439997673035,1.54719996452332,1.58430004119873,1.44490003585815,0.54449999332428,0.836499989032745
E000V00079,-71.467,-35.419,-1.43480002880096,-1.70840001106262,-1.4378000497818,-1.50859999656677,-1.00279998779297,-2.2228000164032,-2.00990009307861,-1.41400003433228
E000V00078,-71.7,-35.533,-1.3808000087738,-1.2224999666214,-0.538900017738342,-0.065700002014637,0.475600004196167,-1.14909994602203,-1.43789994716644,-1.31439995765686
E000V00074,-71.454,-35.663,-1.18149995803833,-1.35259997844696,-1.38989996910095,-1.50360000133514,-1.50150001049042,-2.64359998703003,-1.91129994392395,-1.23839998245239
E000V00077,-72.082,-35.672,-0.851599991321564,-0.622600018978119,0.109999999403954,0.70959997177124,1.13329994678497,-0.496199995279312,-0.519599974155426,-0.444499999284744
E000V00080,-71.062,-35.699,-0.282799988985062,1.15230000019073,0.0183000005781651,0.570900022983551,0.71399998664856,-0.358300000429153,-0.923200011253357,-1.06519997119904
E000V00081,-72.511,-35.707,-0.48989999294281,-0.670199990272522,-0.328900009393692,-0.0917999967932701,-0.163499996066093,-0.900799989700317,-1.15390002727509,-1.43400001525879
E000V00075,-71.631,-35.753,-1.09519994258881,-1.12679994106293,-0.654399991035461,-0.241699993610382,0.172399997711182,-1.89049994945526,-1.94229996204376,-1.75329995155334
E000V00082,-72.587,-35.836,-0.48989999294281,-0.670199990272522,-0.328900009393692,-0.0917999967932701,-0.163499996066093,-0.900799989700317,-1.15390002727509,-1.43400001525879
E000V00183,-71.05,-36.06,1.28779995441437,0.542200028896332,1.17340004444122,1.82700002193451,1.90659999847412,1.94739997386932,2.23830008506775,1.55169999599457
E000V00087,-72.783,-36.133,-0.867500007152557,-0.956799983978271,0.0724000036716461,0.457599997520447,0.386700004339218,-0.270999997854233,-0.400999993085861,-0.588599979877472
E000V00073,-71.548,-36.257,-0.295100003480911,-0.604300022125244,0.317200005054474,0.180099993944168,-0.0163000002503395,-0.928200006484985,-0.604600012302399,-0.093800000846386
E000V00091,-71.9,-36.292,-0.83899998664856,-1.43990004062653,-1.17999994754791,-0.240199998021126,-0.0961999967694283,-1.47360002994537,-1.52069997787476,-0.904500007629395
E000V00090,-72.64,-36.43,-0.830900013446808,-1.18190002441406,-0.0615000016987324,0.37610000371933,0.333299994468689,-0.153600007295609,-0.274699985980988,-0.312299996614456
E000V00088,-72.699,-36.492,-0.830900013446808,-1.18190002441406,-0.0615000016987324,0.37610000371933,0.333299994468689,-0.153600007295609,-0.274699985980988,-0.312299996614456
E000V00092,-71.549,-36.56,-0.747900009155273,-0.0740000009536743,0.25780001282692,0.941600024700165,0.941100001335144,-0.181999996304512,0.225700005888939,0.599900007247925
E000360011,-72.037,-36.586,-1.23849999904633,-1.3746999502182,-0.764299988746643,-0.179900005459785,0.025900000706315,-1.02279996871948,-0.996100008487701,-0.333499997854233
E000V00089,-72.603,-36.625,-1.66530001163483,-1.88580000400543,0.0252000000327826,0.813899993896484,0.903900027275085,0.219400003552437,0.0898000001907349,0.575699985027313
E000V00099,-72.965,-36.672,-0.161799997091293,-0.354699999094009,0.578999996185303,0.884599983692169,0.907299995422363,0.666299998760223,0.864000022411346,1.14760005474091
E000V00096,-72.704,-36.697,-0.156299993395805,-0.277200013399124,0.875,1.14479994773865,1.15160000324249,0.93860000371933,0.912299990653992,1.04589998722076
E000V00098,-72.983,-36.733,-0.161799997091293,-0.354699999094009,0.578999996185303,0.884599983692169,0.907299995422363,0.666299998760223,0.864000022411346,1.14760005474091
E000360019,-73.066,-36.781,-0.161799997091293,-0.354699999094009,0.578999996185303,0.884599983692169,0.907299995422363,0.666299998760223,0.864000022411346,1.14760005474091
E000V00184,-71.5,-36.88,-1.15840005874634,-0.425999999046326,0.476900011301041,0.317099988460541,0.178900003433228,-0.361699998378754,-0.491899996995926,-0.179000005125999
E000V00093,-72.099,-36.977,0.616900026798248,0.395000010728836,0.722400009632111,0.750400006771088,0.606700003147125,0.172499999403954,0.412000000476837,1.12030005455017
E000V00095,-73.14,-37.005,-1.09469997882843,-1.36059999465942,-0.76010000705719,-0.42509999871254,-0.280900001525879,-0.782400012016296,-0.695299983024597,-0.650600016117096
E000V00106,-72.403,-37.035,-1.57430005073547,-1.87090003490448,-1.291100025177,-0.499599993228912,-0.285299986600876,-1.36349999904633,-1.36310005187988,-0.705200016498566
E000V00097,-73.155,-37.092,-1.09469997882843,-1.36059999465942,-0.76010000705719,-0.42509999871254,-0.280900001525879,-0.782400012016296,-0.695299983024597,-0.650600016117096
E000V00105,-71.245,-37.111,-1.08410000801086,-0.164599999785423,1.04719996452332,1.15110003948212,1.26059997081757,0.501399993896484,0.336800009012222,1.05480003356934
E000V00094,-72.012,-37.141,0.292600005865097,0.257099986076355,0.784500002861023,0.754800021648407,0.519999980926514,-0.166800007224083,0.262699991464615,1.11829996109009
E000V00108,-72.946,-37.167,-1.04579997062683,-0.964999973773956,0.271299988031387,0.655700027942657,0.791700005531311,0.490000009536743,0.310600012540817,0.553099989891052
E000V00107,-72.328,-37.213,-0.555999994277954,-0.823400020599365,0.0626000016927719,0.276899993419647,0.64139997959137,0.141000002622604,0.139500007033348,0.752499997615814
E000V00111,-71.949,-37.293,0.292600005865097,0.257099986076355,0.784500002861023,0.754800021648407,0.519999980926514,-0.166800007224083,0.262699991464615,1.11829996109009
E000V00100,-73.437,-37.305,-0.930400013923645,-1.21909999847412,-0.843500018119812,-0.593299984931946,-0.509500026702881,-1.06149995326996,-1.0139000415802,-0.530600011348724
E000V00185,-71.566,-37.323,-0.219899997115135,0.17059999704361,0.810999989509583,0.910000026226044,0.799000024795532,0.206499993801117,0.0406000018119812,0.44539999961853
E000370033,-72.424,-37.397,-0.941600024700165,-1.20309996604919,-0.33390000462532,0.0377999991178513,0.364300012588501,-0.124099999666214,-0.230800002813339,0.067100003361702
E000V00186,-72.83,-37.418,-1.2305999994278,-1.51470005512238,-1.10409998893738,-0.67110002040863,-0.112400002777576,-0.455399990081787,-0.678699970245361,-0.358799993991852
E000V00103,-73.33,-37.485,-0.59170001745224,-0.717999994754791,-0.167999997735023,0.0331999994814396,0.0529999993741512,-0.165399998426437,0.135900005698204,0.551699995994568
E000V00110,-71.875,-37.536,-0.513800024986267,-0.270999997854233,0.974699974060059,1.08539998531342,0.950500011444092,0.326499998569489,0.0992999970912933,0.43079999089241
E000V00104,-73.462,-37.627,0.781199991703033,0.731599986553192,0.824899971485138,0.922100007534027,0.884700000286102,0.91049998998642,1.14890003204346,1.41279995441437
E000V00109,-72.007,-37.685,0.183799996972084,0.482199996709824,1.14629995822906,1.06879997253418,1.119500041008,0.619000017642975,0.671299993991852,1.5440000295639
E000V00116,-72.605,-37.726,-1.25450003147125,-1.70640003681183,-1.72169995307922,-1.37249994277954,-0.743099987506866,-0.909600019454956,-0.851199984550476,-0.464300006628036
E000V00101,-73.412,-37.892,0.59960001707077,0.652100026607513,0.766200006008148,0.826499998569489,0.751800000667572,0.497599989175797,0.676999986171722,0.931500017642975
E000V00102,-73.097,-37.95,-1.09409999847412,-1.44589996337891,-0.985099971294403,-0.864700019359589,-0.804700016975403,-1.22399997711182,-1.16159999370575,-0.732299983501434
E000V00112,-71.435,-38.057,0.0751999989151955,0.508099973201752,0.884500026702881,1.27950000762939,1.49629998207092,1.04910004138947,0.888000011444092,1.02390003204346
E000V00114,-72.298,-38.146,-0.352200001478195,0.365599989891052,0.576799988746643,0.587800025939941,0.797299981117249,0.436800003051758,0.485000014305115,0.856400012969971
E000V00117,-72.273,-38.228,-0.352200001478195,0.365599989891052,0.576799988746643,0.587800025939941,0.797299981117249,0.436800003051758,0.485000014305115,0.856400012969971
E000V00113,-71.233,-38.25,-0.982699990272522,-0.494199991226196,-0.822000026702881,-0.56139999628067,-0.522000014781952,-0.835399985313416,-0.0513999983668327,0.64410001039505
E000V00188,-72.956,-38.207,-1.77900004386902,-1.5842000246048,-1.2036999464035,-1.02550005912781,-0.935100018978119,-1.65330004692078,-1.33459997177124,-0.623199999332428
E000V00187,-71.75,-38.414,0.702400028705597,0.868399977684021,1.20050001144409,1.1172000169754,0.936200022697449,0.702899992465973,0.61599999666214,1.24660003185272
E000V00121,-72.399,-38.435,0.370299994945526,0.779699981212616,1.07089996337891,1.11179995536804,1.28429996967316,0.550999999046326,0.348199993371964,0.404700011014938
E000V00129,-72.85,-38.446,-0.828499972820282,-0.952499985694885,-0.341899991035461,-0.0996000021696091,0.222399994730949,-1.25380003452301,-1.78299999237061,-1.2548999786377
E000V00126,-72.224,-38.675,-0.200000002980232,0.679199993610382,0.989400029182434,0.974399983882904,1.4210000038147,0.993799984455109,1.21029996871948,1.52129995822906
E000V00115,-71.141,-38.732,0.122500002384186,0.831700026988983,1.14999997615814,1.58490002155304,1.97179996967316,0.140799999237061,0.42849999666214,0.779799997806549
E000380013,-72.46,-38.768,-1.07659995555878,-0.927100002765656,-0.235400006175041,-0.187000006437302,0.143900007009506,-1.08580005168915,-1.19050002098083,-0.873600006103516
E000V00120,-71.683,-38.834,-0.0219000000506639,0.370700001716614,1.2117999792099,1.39789998531342,1.4452999830246,0.995899975299835,0.793500006198883,1.24660003185272
E000V00128,-72.787,-39.022,-1.00090003013611,-1.10409998893738,-0.621800005435944,-0.556800007820129,-0.251500010490417,-1.45389997959137,-1.86989998817444,-1.17439997196198
E000V00127,-72.252,-39.007,0.118900001049042,0.675000011920929,0.752300024032593,0.934599995613098,1.22039997577667,0.4932000041008,0.622699975967407,1.13750004768372
E000V00122,-72.922,-39.071,-0.5382000207901,-0.643199980258942,-0.163200005888939,-0.0217000003904104,-0.0346000008285046,-1.08870005607605,-1.67840003967285,-0.635900020599365
E000V00118,-72.615,-39.103,-1.04610002040863,-1.07679998874664,-0.656000018119812,-0.55510002374649,0.00260000000707805,-1.04910004138947,-0.924600005149841,-0.635800004005432
E000V00124,-73.133,-39.165,-0.683099985122681,-0.79119998216629,-0.37169998884201,-0.292899996042252,-0.385300010442734,-1.47150003910065,-1.69729995727539,-0.716300010681152
E000V00125,-72.261,-39.196,0.734799981117249,0.938399970531464,1.23590004444122,1.08510005474091,1.29610002040863,0.792200028896332,0.823899984359741,1.13979995250702
E000V00119,-71.868,-39.262,1.13039994239807,0.956900000572205,1.44589996337891,1.78729999065399,1.92110002040863,1.10590004920959,0.506200015544891,0.712999999523163
E000V00123,-71.926,-39.289,-0.10080000013113,0.0703999996185303,1.1923999786377,1.3588000535965,1.47920000553131,0.631699979305267,0.307000011205673,0.618499994277954
E000V00189,-72.55,-39.373,-0.721199989318848,-0.368900001049042,0.440299987792969,0.510200023651123,0.858399987220764,0.834800004959106,0.896799981594086,1.18110001087189
E000V00190,-73.177,-39.39,-0.0741000026464462,-0.182300001382828,0.0873000025749207,-0.118199996650219,-0.431400001049042,-2.04360008239746,-2.33829998970032,-2.06800007820129
E000V00131,-72.95,-39.632,-0.580399990081787,-0.726899981498718,-0.388799995183945,-0.291799992322922,-0.696699976921082,-1.82690000534058,-2.11100006103516,-1.644700050354
E000390006,-73.087,-39.657,-0.580399990081787,-0.726899981498718,-0.388799995183945,-0.291799992322922,-0.696699976921082,-1.82690000534058,-2.11100006103516,-1.644700050354
E000V00130,-72.501,-39.863,0.0195000004023314,-0.360799998044968,0.219799995422363,0.407499998807907,0.538299977779388,0.149700000882149,0.0816999971866608,0.717599987983704
E000V00191,-71.91,-39.88,1.32630002498627,0.903199970722198,0.995800018310547,1.24730002880096,1.27289998531342,0.309700012207031,0.459600001573563,1.2451000213623
E000V00132,-72.927,-40.096,-0.261900007724762,-0.764900028705597,-0.0672999992966652,0.216100007295609,-0.764500021934509,-1.61310005187988,-1.52149999141693,-0.650600016117096
E000V00134,-72.415,-40.134,0.870199978351593,0.664499998092651,0.814199984073639,1.17050004005432,1.18289995193481,0.806400001049042,1.1826000213623,1.707200050354
E000V00193,-73.647,-40.168,0.701399981975555,0.0608000010251999,-0.168699994683266,0.410100013017654,0.090999998152256,-0.833999991416931,-0.277099996805191,0.379099994897842
E000V00133,-73.024,-40.317,-0.385800004005432,-1.30649995803833,-0.579800009727478,-0.347900003194809,-1.61080002784729,-1.9128999710083,-1.7474000453949,-1.10119998455048
E000V00135,-72.979,-40.323,-0.385800004005432,-1.30649995803833,-0.579800009727478,-0.347900003194809,-1.61080002784729,-1.9128999710083,-1.7474000453949,-1.10119998455048
E000V00139,-73.308,-40.348,0.582599997520447,-0.103900000452995,0.769500017166138,0.735000014305115,-0.15090000629425,-0.828499972820282,-0.636500000953674,0.404799997806549
E000V00192,-72,-40.52,0.493600010871887,1.36590003967285,1.48539996147156,1.49890005588531,1.4213000535965,0.229699999094009,0.460799992084503,1.28880000114441
E000400009,-73.058,-40.614,-0.858500003814697,-0.727199971675873,-0.0474000014364719,0.272199988365173,-0.955200016498566,-1.38119995594025,-1.50590002536774,-1.13329994678497
E000V00194,-72.116,-40.623,0.493600010871887,1.36590003967285,1.48539996147156,1.49890005588531,1.4213000535965,0.229699999094009,0.460799992084503,1.28880000114441
E000V00136,-73.152,-40.765,-1.07959997653961,-1.80130004882812,-0.658100008964539,0.0274999998509884,-1.03509998321533,-0.954200029373169,-1.31400001049042,-0.625999987125397
E000V00138,-73.157,-40.861,-1.07959997653961,-1.80130004882812,-0.658100008964539,0.0274999998509884,-1.03509998321533,-0.954200029373169,-1.31400001049042,-0.625999987125397
E000V00195,-73.815,-40.873,-0.124099999666214,-0.389400005340576,0.595000028610229,0.643299996852875,0.0467000007629395,0.00300000002607703,0.236300006508827,1.03980004787445
E000V00137,-72.886,-40.957,-0.355500012636185,-1.01219999790192,0.264099985361099,0.854900002479553,-0.347900003194809,-0.526899993419647,-0.844600021839142,-0.248600006103516
E000V00142,-73.377,-41.115,-1.11240005493164,-1.83899998664856,-0.738499999046326,-0.266600012779236,-1.86969995498657,-1.4349000453949,-1.49989998340607,-1.02769994735718
E000V00197,-72.339,-41.142,-0.516799986362457,0.379900008440018,1.82379996776581,1.97850000858307,2.13820004463196,0.514999985694885,0.56879997253418,1.43610000610352
E000V00143,-73.009,-41.259,0.0286999996751547,-0.258500009775162,1.1574000120163,1.3478000164032,0.502300024032593,-0.246800005435944,-0.122000001370907,0.554300010204315
E000V00196,-73.809,-41.359,-0.940299987792969,-1.52730000019073,-0.225099995732307,0.0102000003680587,-1.53559994697571,-1.42530000209808,-1.76660001277924,-1.2532000541687
E000410005,-73.096,-41.448,0.169400006532669,0.0015999999595806,0.766600012779236,0.656199991703033,0.782700002193451,0.104500003159046,0.0974999964237213,0.115599997341633
E000V00198,-72.275,-41.579,0.391699999570847,0.787699997425079,1.85239994525909,1.73979997634888,1.61370003223419,0.317799985408783,-0.0166999995708466,0.534799993038177
E000V00144,-73.672,-41.71,-0.788100004196167,-1.4128999710083,0.171000003814697,0.104599997401237,-1.89279997348785,-1.41419994831085,-1.66939997673035,-1.39919996261597
E000V00140,-72.435,-41.938,1.85479998588562,1.64800000190735,1.58140003681183,1.60199999809265,1.80560004711151,1.11510002613068,0.565299987792969,0.862399995326996
E000V00141,-71.865,-42.075,-0.389699995517731,-0.311199992895126,0.381000012159348,0.936900019645691,0.959999978542328,-0.0238000005483627,-0.359800010919571,0.288100004196167
E000V00151,-72.417,-42.1,1.85479998588562,1.64800000190735,1.58140003681183,1.60199999809265,1.80560004711151,1.11510002613068,0.565299987792969,0.862399995326996
E000V00149,-73.49,-42.157,-1.99670004844666,-1.31719994544983,-0.118900001049042,-0.297399997711182,-0.608500003814697,0.74669998884201,0.558600008487701,0.33050000667572
E000V00199,-74.078,-42.285,0.325100004673004,0.903999984264374,1.19729995727539,0.694100022315979,0.119699999690056,0.654799997806549,0.560599982738495,1.00629997253418
E000V00201,-72.663,-42.355,1.45570003986359,-0.0430000014603138,-0.385500013828278,0.0803000032901764,0.0217000003904104,0.0108000002801418,0.623799979686737,0.948199987411499
E000V00147,-73.568,-42.404,0.37720000743866,0.256199985742569,0.776995837688446,0.680174291133881,0.374038875102997,0.705600023269653,1.81309998035431,2.92009997367859
E000V00148,-73.633,-42.583,-0.257400006055832,0.144299998879433,0.976899981498718,1.16050004959106,0.615499973297119,0.655600011348724,0.411399990320206,0.804400026798248
E000V00146,-73.789,-42.704,-1.50179994106293,0.228699997067451,1.56920003890991,1.01150000095367,-0.463899999856949,0.229200005531311,-0.162200003862381,0.0579000003635883
E000V00145,-72.717,-42.883,1.03690004348755,1.27690005302429,0.745000004768372,0.792100012302399,1.04240000247955,0.417499989271164,0.823499977588654,1.25950002670288
E000430002,-71.852,-43.189,0.227200001478195,0.335200011730194,0.498199999332428,0.778500020503998,0.643800020217896,0.929799973964691,0.986999988555908,1.38160002231598
E000V00200,-74.295,-43.208,1.50859999656677,1.60269999504089,1.70009994506836,1.2474000453949,1.01110005378723,1.01409995555878,1.07720005512238,1.37699997425079
E000V00202,-72.85,-43.364,0.370200008153915,0.860300004482269,1.19579994678497,1.08689999580383,1.10609996318817,0.466100007295609,0.808300018310547,0.812900006771088
E000V00150,-72.126,-43.474,1.01150000095367,0.69870001077652,1.5621999502182,1.73759996891022,1.80939996242523,0.72460001707077,0.329600006341934,0.527300000190735
E000430004,-71.801,-43.612,0.00170000002253801,-0.157900005578995,0.532100021839142,0.943400025367737,0.525200009346008,0.064800001680851,-0.1283999979496,0.584500014781952
E000V00153,-73.74,-43.89,0.274638324975967,0.533796191215515,0.933290362358093,0.771610856056213,0.671568691730499,0.189362123608589,0.204042166471481,0.564975917339325
E000V00152,-72.387,-43.917,0.677500009536743,0.928600013256073,1.56400001049042,1.35839998722076,1.43700003623962,0.17960000038147,0.904600024223328,0.994099974632263
E000V00154,-71.847,-44.24,-0.366100013256073,0.0251000002026558,1.32749998569489,1.51769995689392,1.43180000782013,1.31840002536774,1.17289996147156,1.18710005283356
E000V00203,-73.097,-44.729,0.563099980354309,1.47699999809265,0.95389997959137,0.877600014209747,1.0958000421524,0.281699985265732,0.32370001077652,0.647800028324127
E000450001,-72.677,-45.399,0.287200003862381,0.884700000286102,1.64209997653961,1.79429996013641,1.88580000400543,0.708400011062622,0.915600001811981,1.17349994182587
E000450004,-72.102,-45.591,-2.38849997520447,-1.53629994392395,1.04869997501373,1.58229994773865,1.75730001926422,0.395000010728836,0.314599990844727,0.20550000667572
E000450005,-71.678,-45.918,-2.43889999389648,-1.97990000247955,-0.157600000500679,0.243300005793571,0.0165999997407198,-0.409599989652634,-0.328599989414215,-0.20610000193119
E000V00157,-71.941,-46.278,-2.4284999370575,-2.0436999797821,-0.270099997520447,0.117399998009205,-0.0209999997168779,-0.659500002861023,-0.728900015354156,-0.674700021743774
E000V00205,-74.778,-46.355,0.823099970817566,1.71730005741119,1.86189997196198,1.20050001144409,0.921599984169006,-0.716099977493286,-0.7882000207901,0.273099988698959
E000V00204,-73.336,-46.569,0.402099996805191,0.575999975204468,1.01259994506836,1.33529996871948,1.51250004768372,0.836399972438812,0.748300015926361,0.986199975013733
E000460001,-71.685,-46.585,-2.55229997634888,-2.12719988822937,-0.273699998855591,0.136600002646446,-0.0165999997407198,-0.748300015926361,-0.800499975681305,-0.454299986362457
E000470001,-72.583,-47.244,-1.12940001487732,-1.72880005836487,0.417499989271164,1.31949996948242,1.28390002250671,0.201700001955032,0.190599992871284,0.225899994373322
E000V00156,-73.536,-47.8,0.778400003910065,0.0825999975204468,0.283100008964539,0.403200000524521,0.245700001716614,-0.626200020313263,-0.631699979305267,-1.11730003356934
E000V00155,-72.56,-48.471,-0.547900021076202,-1.50279998779297,0.256000012159348,0.970899999141693,0.753099977970123,-0.86760002374649,-1.55560004711151,-1.10370004177094
E000V00206,-73.941,-48.958,0.40228945016861,0.731893420219421,1.02761697769165,0.864767909049988,0.869744598865509,0.265720129013062,0.353527873754501,0.526340305805206
E000V00207,-73.57,-51.07,0.862299978733063,0.626800000667572,1.59850001335144,1.15120005607605,1.24249994754791,0.975300014019012,1.12969994544983,1.20500004291534
E000V00158,-72.967,-51.184,-1.39970004558563,-1.11839997768402,-0.46340000629425,-0.825399994850159,-1.00979995727539,-1.41719996929169,-0.14300000667572,0.0122999995946884
E000V00159,-71.164,-52.309,-2.14000010490417,-2.19400000572205,-1.80289995670319,-1.86049997806549,-1.84379994869232,-1.69459998607635,-0.815100014209747,-0.779100000858307
E000V00161,-70.361,-52.432,-1.85060000419617,-1.59720003604889,-1.48580002784729,-1.68809998035431,-1.61619997024536,-0.979900002479553,-0.172999992966652,-0.331000000238419
E000V00160,-71.505,-52.601,-1.82140004634857,-1.81050002574921,-1.307000041008,-1.15970003604889,-1.07369995117188,-0.943199992179871,-0.247500002384186,-0.231600001454353
E000V00162,-69.27,-52.8,-2.10500001907349,-2.17170000076294,-1.6434999704361,-1.83819997310638,-2.10290002822876,-1.13220000267029,-0.291999995708466,-0.41499999165535
E000520006,-70.839,-53.002,-2.24460005760193,-2.11249995231628,-1.78260004520416,-2.02480006217957,-1.61539995670319,-0.767799973487854,-0.252700001001358,-0.337500005960464
E000530005,-70.326,-53.254,-1.76800000667572,-1.44790005683899,-0.941699981689453,-1.0547000169754,-0.988499999046326,-0.18860000371933,-0.0160000007599592,-0.0315000005066395
E000V00208,-71.38,-53.8,-0.38170000910759,-0.0283000003546476,1.16170001029968,0.973399996757507,1.05369997024536,-0.39640000462532,-0.616800010204315,-0.789099991321564
E000V00163,-68.804,-54.051,-0.533100008964539,-0.344999998807907,0.214300006628036,0.0976999998092651,-0.370299994945526,0.164299994707108,0.456299990415573,0.116099998354912
E000550001,-67.616,-54.932,0.669700026512146,0.575900018215179,1.12929999828339,0.831499993801117,1.00160002708435,0.274800002574921,0.326900005340576,0.614300012588501
