Estacion,Lat,Lon,meses:1,3,6,9,12,24,36,48
E000V00003,-69.478,-17.595,1.38380002975464,-0.819500029087067,-1.06780004501343,-0.947099983692169,-0.751500010490417,0.72409999370575,1.11800003051758,1.59109997749329
E000V00002,-69.554,-18.197,0.839800000190735,0.383599996566772,0.0570000000298023,-0.104400001466274,0.0489000007510185,0.928399980068207,1.45210003852844,1.60950005054474
E000180005,-70.34,-18.356,0.794099986553192,0.449699997901917,0.358000010251999,0.178599998354912,0.029899999499321,0.440499991178513,1.00940001010895,1.30139994621277
E000V00001,-69.857,-19.011,1.43120002746582,0.917699992656708,0.919900000095367,0.742500007152557,0.671999990940094,0.837300002574921,1.26209998130798,1.42499995231628
E000V00006,-68.638,-19.276,0.545799970626831,0.151500001549721,0.0961999967694283,0.303400009870529,0.423299998044968,0.678200006484985,1.04729998111725,1.50870001316071
E000V00005,-69.427,-19.313,1.45410001277924,1.49619996547699,1.16659998893738,0.928200006484985,0.638100028038025,0.841199994087219,1.53079998493195,1.75730001926422
E000V00007,-69.767,-19.996,0.52810001373291,-0.00279999990016222,0.102200001478195,0.0724999979138374,0.0353999994695187,0.149900004267693,0.817300021648407,1.4074000120163
E000V00004,-70.117,-20.25,1.2121000289917,1.05260002613068,0.937600016593933,0.99669998884201,0.959699988365173,1.34119999408722,1.57219994068146,1.62059998512268
E000V00008,-69.342,-20.501,0.491299986839294,0.403400003910065,0.758300006389618,0.693300008773804,0.847299993038177,1.1603000164032,1.5304000377655,1.6554000377655
E000200006,-70.181,-20.549,0.0908999964594841,-0.197500005364418,-0.182300001382828,0.103299997746944,0.164399996399879,0.715099990367889,1.17330002784729,1.45340001583099
E000V00011,-68.255,-21.224,-1.66719996929169,-1.41390001773834,-1.16600000858307,-1.38699996471405,-1.10339999198914,-0.860700011253357,-0.69379997253418,-0.368400007486343
E000V00013,-70.2,-22.091,0.693499982357025,0.579100012779236,0.675800025463104,0.800800025463104,0.890900015830994,1.29089999198914,1.68799996376038,1.79869997501373
E000V00014,-69.666,-22.35,0.165500000119209,0.136500000953674,0.240500003099442,0.372299998998642,0.482499986886978,0.884800016880035,1.16219997406006,1.29240000247955
E000220002,-68.892,-22.498,1.00960004329681,0.811200022697449,0.694100022315979,0.700100004673004,0.778199970722198,1.09850001335144,1.35749995708466,1.59809994697571
E000V00009,-69.32,-22.892,0.370900005102158,0.436699986457825,0.173600003123283,0.216399997472763,0.423400014638901,1.0657000541687,1.09329998493195,1.2467999458313
E000V00012,-68.213,-22.932,0.542999982833862,0.0430999994277954,0.0566999986767769,0.169599995017052,0.347900003194809,0.685599982738495,1.07739996910095,1.29610002040863
E000230001,-70.445,-23.454,-1.91460001468658,-1.78180003166199,-1.52699995040894,-1.46899998188019,-1.33879995346069,-0.727299988269806,-0.229100003838539,0.184400007128716
E000V00166,-67.44,-23.6,1.27620005607605,0.941200017929077,0.638199985027313,0.542900025844574,0.649800002574921,0.858900010585785,1.21000003814697,1.47730004787445
E000V00165,-68.57,-23.94,1.10249996185303,0.933799982070923,0.359600007534027,0.17679999768734,0.152799993753433,0.517599999904633,0.771899998188019,1.26370000839233
E000V00164,-69.69,-24.51,-0.873000025749207,-1.62049996852875,-2.10349988937378,-2.10439991950989,-2.02119994163513,-1.37660002708435,-1.25950002670288,-0.667699992656708
E000V00167,-69.3,-25,0.678600013256073,0.409799993038177,-0.0427000001072884,0.0271000005304813,0.17059999704361,0.723200023174286,0.948499977588654,1.23169994354248
E000V00010,-70.484,-25.411,0.288100004196167,0.347600013017654,0.124799996614456,0.22409999370575,0.405900001525879,0.484100013971329,0.11429999768734,0.308099985122681
E000V00168,-69.27,-25.7,1.34140002727509,1.15429997444153,0.928200006484985,0.95169997215271,0.877799987792969,1.37709999084473,1.79209995269775,2.14750003814697
E000V00169,-68.99,-26.25,1.25559997558594,1.32039999961853,1.10430002212524,0.366899996995926,0.450500011444092,0.8435999751091,1.61119997501373,1.92780005931854
E000V00016,-70.611,-26.332,-0.708400011062622,-0.66100001335144,-0.785099983215332,-0.35589998960495,-0.109200000762939,0.606800019741058,0.12729999423027,0.529100000858307
E000V00017,-70.046,-26.391,0.581099987030029,0.654399991035461,0.451499998569489,0.398799985647202,0.482300013303757,0.680199980735779,0.608399987220764,0.717700004577637
E000V00170,-69.33,-27.07,1.36679995059967,1.5786999464035,1.23280000686646,0.668900012969971,1.26300001144409,0.875899970531464,1.61909997463226,2.15429997444153
E000270008,-70.781,-27.254,0.0751999989151955,-0.0239000003784895,-0.143299996852875,-0.0614000000059605,-0.0297999996691942,0.316500008106232,0.264499992132187,0.344399988651276
E000270009,-70.353,-27.359,0.222699999809265,0.223800003528595,0.0269000008702278,0.017400000244379,0.0803999975323677,0.287900000810623,0.376500010490417,0.52590000629425
E000V00171,-69.81,-27.98,0.725099980831146,0.799700021743774,0.52700001001358,-0.624499976634979,0.0612999983131886,0.508400022983551,0.790899991989136,1.63619995117188
E000V00019,-71.225,-28.463,2.34960007667542,2.3882999420166,2.4918999671936,1.92250001430511,1.55719995498657,0.781799972057343,0.514999985694885,0.354699999094009
E000V00018,-70.449,-28.768,1.47300004959106,1.29949998855591,1.30490005016327,0.435099989175797,0.329800009727478,-0.0308999996632338,-0.0226000007241964,0.171800002455711
E000V00015,-70,-28.976,0.972699999809265,1.22769999504089,0.459899991750717,-0.736899971961975,0.110100001096725,0.514699995517731,0.572000026702881,1.38010001182556
E000V00021,-71.116,-29.372,1.15810000896454,1.24279999732971,1.35160005092621,1.02040004730225,0.616500020027161,-0.0555999986827374,-0.13629999756813,-0.128700003027916
E000290004,-71.207,-29.914,0.434399992227554,0.437999993562698,0.495999991893768,0.384999990463257,0.00999999977648258,-0.728299975395203,-0.778400003910065,-0.948899984359741
E000V00022,-70.721,-30.031,0.666800022125244,0.681800007820129,0.483399987220764,-0.351799994707108,0.115199998021126,0.815699994564056,1.2422000169754,1.72819995880127
E000V00020,-71.082,-30.234,-0.008500000461936,-0.00359999993816018,0.120600000023842,-0.162900000810623,-0.418799996376038,-1.1117000579834,-1.09249997138977,-1.32760000228882
E000V00172,-71.72,-30.38,0.355100005865097,0.57039999961853,0.854700028896332,0.586000025272369,0.0329000018537045,-1.27690005302429,-1.17929995059967,-1.95159995555878
E000V00027,-70.937,-30.746,-0.221499994397163,-0.332899987697601,-0.164599999785423,-0.452399998903275,-0.91729998588562,-1.7992000579834,-1.9456000328064,-2.36529994010925
E000V00028,-71.256,-30.838,0.38730001449585,0.397000014781952,0.434899985790253,0.386000007390976,-0.0786999985575676,-1.09309995174408,-1.27869999408722,-1.83910000324249
E000V00026,-70.999,-31.188,-0.167999997735023,-0.23870000243187,-0.203500002622604,-0.532700002193451,-1.12590003013611,-1.93729996681213,-2.07030010223389,-2.50119996070862
E000V00024,-71.413,-31.39,0.6807000041008,0.586300015449524,0.715799987316132,0.568599998950958,-0.122599996626377,-1.26569998264313,-1.26139998435974,-2.03419995307922
E000V00023,-71.152,-31.633,0.30009999871254,0.148399993777275,0.132100000977516,0.0295000001788139,-0.410400003194809,-1.39489996433258,-1.44420003890991,-2.07879996299744
E000V00025,-70.97,-31.783,0.444900006055832,0.356200009584427,-0.206599995493889,0.129600003361702,0.0835999995470047,0.0857999995350838,-0.789699971675873,-0.472099989652634
E000320019,-70.707,-32.076,0.412699997425079,0.546700000762939,0.512600004673004,-1.36249995231628,-0.610400021076202,0.880999982357025,0.704100012779236,1.50890004634857
E000V00035,-70.926,-32.251,-0.0357000008225441,-0.144999995827675,-0.275499999523163,-0.504899978637695,-1.03289997577667,-1.64919996261597,-1.69490003585815,-2.19770002365112
E000V00174,-70.464,-32.343,0.497500002384186,0.810500025749207,0.0744000002741814,-0.352800011634827,-0.00430000014603138,1.44369995594025,1.21060001850128,1.51979994773865
E000V00033,-70.819,-32.362,0.282499998807907,0.435699999332428,0.431300014257431,0.847199976444244,0.451900005340576,0.790799975395203,0.980099976062775,1.28779995441437
E000V00034,-71.441,-32.505,-0.828499972820282,-0.798200011253357,-0.484100013971329,-0.503400027751923,-0.950800001621246,-1.74940001964569,-1.54359996318817,-2.09050011634827
E000V00175,-71.014,-32.54,0.161200001835823,-0.0782999992370605,-0.254999995231628,-0.879499971866608,-1.31519997119904,-1.41089999675751,-1.41569995880127,-1.79260003566742
E000V00041,-70.725,-32.594,0.280099987983704,0.0540999993681908,-0.261900007724762,-0.772700011730194,-0.0166999995708466,0.335099995136261,-0.594600021839142,0.0217000003904104
E000V00176,-70.368,-32.618,-1.03629994392395,-1.44830000400543,-1.75999999046326,-2.84649991989136,-2.68059992790222,-2.2960000038147,-2.6356999874115,-2.44059991836548
E000V00040,-70.809,-32.757,0.458499997854233,0.430599987506866,0.298599988222122,-1.0275000333786,-1.00059998035431,-1.52600002288818,-1.93389999866486,-1.77699995040894
E000V00031,-71.526,-32.789,-1.66009998321533,-1.62609994411469,-1.23129999637604,-0.897000014781952,-1.33889997005463,-2.18400001525879,-1.98500001430511,-2.62779998779297
E000V00037,-71.173,-32.79,-0.949899971485138,-0.944000005722046,-0.813399970531464,-0.627499997615814,-1.04449999332428,-1.76489996910095,-1.5683000087738,-2.12540006637573
E000320028,-71.227,-32.828,-0.949899971485138,-0.944000005722046,-0.813399970531464,-0.627499997615814,-1.04449999332428,-1.76489996910095,-1.5683000087738,-2.12540006637573
E000V00032,-70.382,-32.89,0.646000027656555,0.84469997882843,0.910399973392487,-0.0465000011026859,-0.287699997425079,0.0610000006854534,0.0891000032424927,0.417400002479553
E000V00036,-71.207,-32.893,-1.41219997406006,-1.39939999580383,-1.28289997577667,-0.963199973106384,-1.32200002670288,-2.05419993400574,-2.02270007133484,-2.58430004119873
E000V00030,-71.517,-32.917,-1.14900004863739,-1.07500004768372,-0.813199996948242,-0.719099998474121,-1.05030000209808,-1.95459997653961,-2.0524001121521,-2.75029993057251
E000V00042,-71.261,-32.994,-1.41219997406006,-1.39939999580383,-1.28289997577667,-0.963199973106384,-1.32200002670288,-2.05419993400574,-2.02270007133484,-2.58430004119873
E000330002,-71.648,-33.023,-0.722199976444244,-0.713699996471405,-0.499199986457825,-0.295199990272522,-0.723200023174286,-2.08739995956421,-2.12170004844666,-2.93379998207092
E000330007,-71.556,-33.065,-1.14900004863739,-1.07500004768372,-0.813199996948242,-0.719099998474121,-1.05030000209808,-1.95459997653961,-2.0524001121521,-2.75029993057251
E000V00029,-71.4,-33.083,-1.14900004863739,-1.07500004768372,-0.813199996948242,-0.719099998474121,-1.05030000209808,-1.95459997653961,-2.0524001121521,-2.75029993057251
E000V00051,-70.834,-33.121,0.358799993991852,0.157299995422363,-0.0676999986171722,-0.340000003576279,-0.686200022697449,-0.894500017166138,-0.991500020027161,-1.11819994449615
E000V00050,-70.66,-33.147,-0.611899971961975,-0.784900009632111,-0.824999988079071,-1.03649997711182,-1.17709994316101,-1.08729994297028,-1.50199997425079,-2.08319997787476
E000V00177,-71.46,-33.23,-1.20840001106262,-1.14970004558563,-1.02869999408722,-0.722000002861023,-0.864499986171722,-1.94410002231598,-2.13919997215271,-2.89369988441467
E000V00178,-71.155,-33.287,-0.928399980068207,-1.03810000419617,-0.878199994564056,-0.195199996232986,-0.709999978542328,-1.92579996585846,-1.88090002536774,-2.54390001296997
E000V00046,-70.502,-33.353,0.735899984836578,0.37389999628067,0.941600024700165,0.11370000243187,-0.248600006103516,0.954800009727478,0.928699970245361,1.25969994068146
E000330021,-70.787,-33.378,-0.0443999990820885,-0.803099989891052,-0.972000002861023,-0.740700006484985,-1.06930005550385,-0.966199994087219,-0.874599993228912,-1.1690000295639
E000V00043,-70.733,-33.42,-0.0443999990820885,-0.803099989891052,-0.972000002861023,-0.740700006484985,-1.06930005550385,-0.966199994087219,-0.874599993228912,-1.1690000295639
E000V00055,-71.026,-33.439,-1.35220003128052,-1.35490000247955,-1.13059997558594,-0.679400026798248,-1.10350000858307,-1.6871999502182,-1.68210005760193,-2.28110003471375
E000V00038,-71.624,-33.439,-1.64300000667572,-1.47109997272491,-1.22689998149872,-0.846599996089935,-0.890900015830994,-1.88220000267029,-2.19899988174438,-2.77290010452271
E000330020,-70.683,-33.445,-0.0443999990820885,-0.803099989891052,-0.972000002861023,-0.740700006484985,-1.06930005550385,-0.966199994087219,-0.874599993228912,-1.1690000295639
E000330019,-70.549,-33.455,0.0549999997019768,-0.415600001811981,-0.51010000705719,-1.12189996242523,-0.822099983692169,-0.57039999961853,-0.935100018978119,-0.834399998188019
E000V00044,-70.7,-33.467,-0.0443999990820885,-0.803099989891052,-0.972000002861023,-0.740700006484985,-1.06930005550385,-0.966199994087219,-0.874599993228912,-1.1690000295639
E000V00047,-70.766,-33.517,-0.0443999990820885,-0.803099989891052,-0.972000002861023,-0.740700006484985,-1.06930005550385,-0.966199994087219,-0.874599993228912,-1.1690000295639
E000V00039,-71.596,-33.543,-1.64300000667572,-1.47109997272491,-1.22689998149872,-0.846599996089935,-0.890900015830994,-1.88220000267029,-2.19899988174438,-2.77290010452271
E000V00045,-70.548,-33.545,0.0549999997019768,-0.415600001811981,-0.51010000705719,-1.12189996242523,-0.822099983692169,-0.57039999961853,-0.935100018978119,-0.834399998188019
E000V00058,-70.902,-33.608,-1.35220003128052,-1.35490000247955,-1.13059997558594,-0.679400026798248,-1.10350000858307,-1.6871999502182,-1.68210005760193,-2.28110003471375
E000V00048,-70.567,-33.617,0.0549999997019768,-0.415600001811981,-0.51010000705719,-1.12189996242523,-0.822099983692169,-0.57039999961853,-0.935100018978119,-0.834399998188019
E000330031,-78.833,-33.636,-0.0369369462132454,-0.219536542892456,-0.244312420487404,-0.202752709388733,-0.251328676939011,0.0979558676481247,0.00770156551152468,-0.0571425631642342
E000330030,-71.613,-33.656,-1.69190001487732,-1.5382000207901,-1.35679996013641,-0.711099982261658,-0.850899994373322,-1.90030002593994,-1.98969995975494,-2.49440002441406
E000V00049,-70.089,-33.676,-1.85979998111725,-1.61769998073578,-1.24860000610352,-1.40610003471375,-1.21529996395111,-1.35699999332428,-1.59590005874634,-2.28250002861023
E000V00057,-71.101,-33.692,-1.59969997406006,-1.67299997806549,-1.4371999502182,-1.01740002632141,-1.19930005073547,-1.80820000171661,-1.79299998283386,-2.30110001564026
E000V00052,-70.707,-33.707,-1.14849996566772,-1.12030005455017,-0.750199973583221,-1.0378999710083,-1.32780003547668,-1.1583000421524,-1.58000004291534,-2.30539989471436
E000V00053,-70.639,-33.862,-1.14849996566772,-1.12030005455017,-0.750199973583221,-1.0378999710083,-1.32780003547668,-1.1583000421524,-1.58000004291534,-2.30539989471436
E000V00179,-70.22,-33.878,-1.17180001735687,-1.69790005683899,-1.84879994392395,-1.31700003147125,-1.39040005207062,-1.28929996490479,-0.561900019645691,-0.90829998254776
E000V00056,-71.394,-33.941,-1.76139998435974,-1.88489997386932,-1.67260003089905,-1.01689994335175,-1.15320003032684,-1.9970999956131,-1.88100004196167,-2.46609997749329
E000V00068,-71.825,-33.959,-1.51510000228882,-1.5058000087738,-1.33120000362396,-0.709699988365173,-0.76230001449585,-1.755499958992,-1.72230005264282,-2.46989989280701
E000V00064,-70.717,-33.983,-1.28359997272491,-1.31669998168945,-1.14760005474091,-1.17019999027252,-1.20809996128082,-1.2963000535965,-1.84720003604889,-2.62859988212585
E000V00054,-70.995,-34.029,-1.56630003452301,-1.62940001487732,-1.4371999502182,-1.04589998722076,-1.04100000858307,-1.71130001544952,-1.80550003051758,-2.36899995803833
E000V00059,-70.772,-34.169,-0.372999995946884,-0.784099996089935,-0.84960001707077,-0.967100024223328,-0.535799980163574,-0.961399972438812,-1.3478000164032,-2.15599989891052
E000V00180,-70.402,-34.203,0.00860000029206276,-0.344099998474121,0.0744000002741814,-0.354299992322922,-1.14730000495911,-0.685899972915649,-1.25150001049042,-1.1985000371933
E000V00061,-70.997,-34.215,-1.61329996585846,-1.63460004329681,-1.48829996585846,-1.17960000038147,-1.04999995231628,-1.72070002555847,-2.03489995002747,-2.65610003471375
E000V00062,-71.3,-34.217,-1.71780002117157,-1.70260000228882,-1.54990005493164,-1.20280003547668,-1.22759997844696,-2.00760006904602,-2.18090009689331,-2.74049997329712
E000V00060,-70.948,-34.261,-1.61329996585846,-1.63460004329681,-1.48829996585846,-1.17960000038147,-1.04999995231628,-1.72070002555847,-2.03489995002747,-2.65610003471375
E000V00066,-70.812,-34.279,-0.372999995946884,-0.784099996089935,-0.84960001707077,-0.967100024223328,-0.535799980163574,-0.961399972438812,-1.3478000164032,-2.15599989891052
E000V00065,-70.834,-34.322,-0.372999995946884,-0.784099996089935,-0.84960001707077,-0.967100024223328,-0.535799980163574,-0.961399972438812,-1.3478000164032,-2.15599989891052
E000V00067,-72.019,-34.394,-0.133200004696846,0.171100005507469,0.0560000017285347,0.179700002074242,0.431499987840652,-0.634800016880035,-0.908399999141693,-1.46360003948212
E000V00063,-70.21,-34.411,0.344799995422363,0.200299993157387,0.352400004863739,-0.324000000953674,-0.447200000286102,0.485199987888336,0.155799999833107,0.669099986553192
E000V00071,-71.463,-34.485,-1.85979998111725,-1.7849999666214,-1.64269995689392,-1.45589995384216,-1.32239997386932,-1.70940005779266,-2.08610010147095,-2.64420008659363
E000V00069,-71.898,-34.645,-0.415699988603592,-0.256999999284744,-0.30009999871254,0.116300001740456,0.537299990653992,-0.666499972343445,-0.930000007152557,-1.43280005455017
E000V00072,-71.4,-34.691,-0.963299989700317,-1.57179999351501,-1.6055999994278,-1.19219994544983,-0.855400025844574,-1.72440004348755,-1.80340003967285,-2.55209994316101
E000V00070,-71.63,-34.714,-0.751500010490417,-1.31809997558594,-1.19579994678497,-0.56139999628067,-0.0384999997913837,-1.09370005130768,-1.30649995803833,-2.15520000457764
E000340044,-71.02,-34.721,-1.5543999671936,-1.58720004558563,-1.47490000724792,-1.06319999694824,-0.998399972915649,-1.53760004043579,-2.19479990005493,-2.76349997520447
E000V00181,-70.52,-34.781,0.492799997329712,0.48759999871254,0.449699997901917,0.479999989271164,0.342700004577637,0.00150000001303852,1.74689996242523,1.53229999542236
E000V00086,-72.026,-34.855,-0.415699988603592,-0.256999999284744,-0.30009999871254,0.116300001740456,0.537299990653992,-0.666499972343445,-0.930000007152557,-1.43280005455017
E000V00084,-71.125,-34.96,-0.71969997882843,-0.772499978542328,-0.949299991130829,-0.624499976634979,-0.645099997520447,-1.41509997844696,-1.70940005779266,-2.1143000125885
E000V00083,-71.832,-34.968,-0.799499988555908,-1.2059999704361,-1.08759999275208,-0.358200013637543,0.27020001411438,-0.843299984931946,-1.10609996318817,-1.89289999008179
E000340031,-71.217,-34.969,-1.72309994697571,-1.82019996643066,-1.70299994945526,-1.41250002384186,-1.07389998435974,-1.60179996490479,-2.04200005531311,-2.68659996986389
E000V00085,-70.811,-35,-0.31479999423027,-0.781799972057343,-1.15320003032684,-0.337000012397766,-0.874100029468536,-1.11020004749298,0.495599985122681,0.00359999993816018
E000V00076,-71.956,-35.128,-0.335599988698959,-0.137600004673004,-0.151600003242493,0.10080000013113,0.420500010251999,0.0860000029206276,-0.50739997625351,-1.08080005645752
E000V00182,-70.83,-35.398,-0.138600006699562,-0.245299994945526,0.526600003242493,1.182000041008,0.517899990081787,1.09010004997253,1.66919994354248,0.632799983024597
E000V00079,-71.467,-35.419,-1.87960004806519,-1.8614000082016,-1.7558000087738,-1.54260003566742,-1.45190000534058,-1.88740003108978,-2.15300011634827,-2.67880010604858
E000V00078,-71.7,-35.533,-1.26909995079041,-1.52190005779266,-1.37119996547699,-0.806699991226196,-0.486799985170364,-0.69489997625351,-0.78030002117157,-1.48000001907349
E000V00074,-71.454,-35.663,-1.98290002346039,-2.19659996032715,-2.23460006713867,-2.04789996147156,-1.84870004653931,-1.98020005226135,-2.72379994392395,-3.00740003585815
E000V00077,-72.082,-35.672,-1.13139998912811,-1.54429996013641,-1.51670002937317,-0.913800001144409,-0.442099988460541,-0.128199994564056,-0.352899998426437,-0.695800006389618
E000V00080,-71.062,-35.699,-0.365799993276596,-0.741699993610382,-0.461600005626678,-0.413199990987778,-0.457500010728836,-0.205599993467331,-0.408899992704391,-0.847800016403198
E000V00081,-72.511,-35.707,0.178000003099442,0.328700006008148,0.290600001811981,0.370799988508224,0.359600007534027,0.165099993348122,-0.269499987363815,-0.632200002670288
E000V00075,-71.631,-35.753,-1.51440000534058,-1.57190001010895,-1.41209995746613,-1.26670002937317,-1.1816999912262,-1.3458000421524,-1.67929995059967,-2.22079992294312
E000V00082,-72.587,-35.836,0.178000003099442,0.328700006008148,0.290600001811981,0.370799988508224,0.359600007534027,0.165099993348122,-0.269499987363815,-0.632200002670288
E000V00183,-71.05,-36.06,0.28889998793602,0.107400000095367,-0.0767000019550323,-0.726499974727631,-0.299600005149841,0.65420001745224,1.23370003700256,1.5566999912262
E000V00087,-72.783,-36.133,-1.30040001869202,-1.21399998664856,-1.20749998092651,-0.815599977970123,-0.609000027179718,-0.270900011062622,-0.36939999461174,-0.563300013542175
E000V00073,-71.548,-36.257,-1.76180005073547,-2.00570011138916,-1.77960002422333,-1.42159998416901,-0.940299987792969,-0.572099983692169,-0.942600011825562,-0.850600004196167
E000V00091,-71.9,-36.292,-1.45589995384216,-1.94679999351501,-1.9041999578476,-1.53540003299713,-1.39199995994568,-1.43850004673004,-1.66369998455048,-2.12719988822937
E000V00090,-72.64,-36.43,-0.790000021457672,-0.71560001373291,-1.00150001049042,-0.674899995326996,-0.4932000041008,-0.267300009727478,-0.353700011968613,-0.519200026988983
E000V00088,-72.699,-36.492,-0.790000021457672,-0.71560001373291,-1.00150001049042,-0.674899995326996,-0.4932000041008,-0.267300009727478,-0.353700011968613,-0.519200026988983
E000V00092,-71.549,-36.56,-1.36679995059967,-1.93330001831055,-1.80820000171661,-0.287000000476837,0.51120001077652,0.765699982643127,0.170399993658066,0.318899989128113
E000360011,-72.037,-36.586,-1.01740002632141,-1.22549998760223,-1.12740004062653,-0.841300010681152,-0.99210000038147,-1.13440001010895,-1.16770005226135,-1.50460004806519
E000V00089,-72.603,-36.625,-1.61730003356934,-1.84679996967316,-1.86000001430511,-1.33060002326965,-1.02670001983643,-0.804499983787537,-0.420899987220764,-0.807600021362305
E000V00099,-72.965,-36.672,-1.14530003070831,-0.810999989509583,-0.578599989414215,-0.156100004911423,-0.0261000003665686,0.330000013113022,0.368499994277954,0.501900017261505
E000V00096,-72.704,-36.697,-1.10249996185303,-0.878799974918365,-0.632799983024597,-0.0436000004410744,0.154300004243851,0.624400019645691,0.65829998254776,0.667500019073486
E000V00098,-72.983,-36.733,-1.14530003070831,-0.810999989509583,-0.578599989414215,-0.156100004911423,-0.0261000003665686,0.330000013113022,0.368499994277954,0.501900017261505
E000360019,-73.066,-36.781,-1.14530003070831,-0.810999989509583,-0.578599989414215,-0.156100004911423,-0.0261000003665686,0.330000013113022,0.368499994277954,0.501900017261505
E000V00184,-71.5,-36.88,-1.80379998683929,-2.43039989471436,-2.2121000289917,-0.0724999979138374,-0.97460001707077,-0.607999980449677,-0.757799983024597,-0.928900003433228
E000V00093,-72.099,-36.977,-2.0560998916626,-1.82290005683899,-1.45449995994568,-0.704100012779236,-0.330599993467331,0.245600000023842,0.132200002670288,0.235400006175041
E000V00095,-73.14,-37.005,-4.24910020828247,-4.14699983596802,-3.56040000915527,-3.34910011291504,-3.21460008621216,-2.82450008392334,-2.75760006904602,-2.77880001068115
E000V00106,-72.403,-37.035,-1.91960000991821,-2.21880006790161,-2.12059998512268,-2.12430000305176,-2.1110999584198,-2.47760009765625,-2.51950001716614,-3.2548999786377
E000V00097,-73.155,-37.092,-4.24910020828247,-4.14699983596802,-3.56040000915527,-3.34910011291504,-3.21460008621216,-2.82450008392334,-2.75760006904602,-2.77880001068115
E000V00105,-71.245,-37.111,-0.874300003051758,-1.58169996738434,-1.23749995231628,-0.962100028991699,-1.43379998207092,-0.433899998664856,-0.547100007534027,-0.700399994850159
E000V00094,-72.012,-37.141,-2.28229999542236,-2.20000004768372,-1.94550001621246,-1.27779996395111,-0.865000009536743,-0.106100000441074,-0.551800012588501,-0.126200005412102
E000V00108,-72.946,-37.167,-1.91149997711182,-2.14479994773865,-1.50240004062653,-0.908200025558472,-0.690299987792969,-0.32600000500679,-0.125799998641014,-0.289000004529953
E000V00107,-72.328,-37.213,-1.61259996891022,-1.4805999994278,-1.2470999956131,-0.515100002288818,-0.523299992084503,-0.390799999237061,-0.120800003409386,-0.238000005483627
E000V00111,-71.949,-37.293,-2.28229999542236,-2.20000004768372,-1.94550001621246,-1.27779996395111,-0.865000009536743,-0.106100000441074,-0.551800012588501,-0.126200005412102
E000V00100,-73.437,-37.305,-1.88839995861053,-1.880499958992,-1.26440000534058,-1.15230000019073,-1.16799998283386,-1.19710004329681,-1.21889996528625,-1.31359994411469
E000V00185,-71.566,-37.323,-1.7936999797821,-2.72519993782043,-2.76979994773865,-2.04019999504089,-1.94050002098083,-1.13820004463196,-1.19649994373322,-1.46940004825592
E000370033,-72.424,-37.397,-2.71339988708496,-2.55250000953674,-2.2425000667572,-2.00650000572205,-1.91260004043579,-1.59990000724792,-1.20770001411438,-1.36029994487762
E000V00186,-72.83,-37.418,-1.84379994869232,-1.82439994812012,-1.34239995479584,-1.33000004291534,-1.56889998912811,-1.74150002002716,-1.34590005874634,-1.78289997577667
E000V00103,-73.33,-37.485,-2.54299998283386,-2.36800003051758,-1.5514999628067,-1.24829995632172,-0.884599983692169,-0.567200005054474,-0.517899990081787,-0.348100006580353
E000V00110,-71.875,-37.536,-2.02699995040894,-2.43589997291565,-2.43899989128113,-1.3186000585556,-0.992200016975403,-0.250600010156631,-0.463800013065338,-0.56360000371933
E000V00104,-73.462,-37.627,-2.58540010452271,-1.93410003185272,-0.877300024032593,-0.356700003147125,-0.174799993634224,0.370999991893768,0.571900010108948,0.826099991798401
E000V00109,-72.007,-37.685,-2.22709989547729,-2.3092999458313,-2.07270002365112,-1.91120004653931,-1.01470005512238,-0.103000000119209,-0.159400001168251,0.00540000014007092
E000V00116,-72.605,-37.726,-3.01640009880066,-2.5278000831604,-2.28110003471375,-2.39179992675781,-2.47919988632202,-2.74440002441406,-2.54209995269775,-2.83590006828308
E000V00101,-73.412,-37.892,-0.321099996566772,-0.181700006127357,0.434599995613098,0.761500000953674,0.64819997549057,0.782899975776672,0.714399993419647,0.833899974822998
E000V00102,-73.097,-37.95,-3.57089996337891,-3.43020009994507,-2.68470001220703,-2.93720006942749,-3.16050004959106,-3.09789991378784,-3.23219990730286,-3.52110004425049
E000V00112,-71.435,-38.057,-1.92830002307892,-2.38980007171631,-1.46039998531342,-1.18099999427795,-1.35660004615784,-0.27649998664856,-0.099200002849102,-0.140100002288818
E000V00114,-72.298,-38.146,-1.76830005645752,-1.37479996681213,-0.522300004959106,-0.31020000576973,-0.288300007581711,0.172499999403954,0.288100004196167,0.364199995994568
E000V00117,-72.273,-38.228,-1.76830005645752,-1.37479996681213,-0.522300004959106,-0.31020000576973,-0.288300007581711,0.172499999403954,0.288100004196167,0.364199995994568
E000V00113,-71.233,-38.25,-1.61319994926453,-1.59679996967316,-0.732699990272522,-1.1521999835968,-1.23880004882812,-1.2849999666214,-1.36349999904633,-0.864300012588501
E000V00188,-72.956,-38.207,-2.2671000957489,-2.24160003662109,-2.11030006408691,-2.29380011558533,-2.40989995002747,-2.40689992904663,-2.72239995002747,-3.09660005569458
E000V00187,-71.75,-38.414,-1.84070003032684,-2.23629999160767,-2.00539994239807,-1.62740004062653,-1.24989998340607,-0.247400000691414,-0.476700007915497,-0.285400003194809
E000V00121,-72.399,-38.435,-0.617699980735779,-0.420100003480911,-0.0493000000715256,0.402099996805191,0.458600014448166,0.847599983215332,0.797699987888336,0.618499994277954
E000V00129,-72.85,-38.446,-2.45009994506836,-2.31649994850159,-2.12109994888306,-2.09890007972717,-2.03480005264282,-1.50059998035431,-1.8532999753952,-2.44099998474121
E000V00126,-72.224,-38.675,-1.68809998035431,-1.60780000686646,-1.05710005760193,-0.291399985551834,0.00659999996423721,0.530200004577637,0.800400018692017,0.930599987506866
E000V00115,-71.141,-38.732,-1.35130000114441,-1.62750005722046,-0.117799997329712,-0.356200009584427,-0.119199998676777,1.04849994182587,0.197799995541573,0.331900000572205
E000380013,-72.46,-38.768,-1.40559995174408,-1.64359998703003,-1.68130004405975,-1.27149999141693,-1.08659994602203,-0.89630001783371,-1.10339999198914,-1.60319995880127
E000V00120,-71.683,-38.834,-1.47399997711182,-2.10540008544922,-1.98070001602173,-1.69969999790192,-1.40680003166199,-0.332199990749359,-0.377099990844727,-0.254099994897842
E000V00128,-72.787,-39.022,-0.87389999628067,-1.40339994430542,-1.63380002975464,-1.48389995098114,-1.32290005683899,-1.25849997997284,-1.52129995822906,-2.30949997901917
E000V00127,-72.252,-39.007,-0.698300004005432,-0.975600004196167,-0.498800009489059,-0.177499994635582,0.187900006771088,0.730400025844574,0.569100022315979,0.588299989700317
E000V00122,-72.922,-39.071,-0.632499992847443,-1.05789995193481,-1.06560003757477,-0.822499990463257,-0.425900012254715,-0.163900002837181,-0.599900007247925,-1.44990003108978
E000V00118,-72.615,-39.103,-0.829500019550323,-1.38199996948242,-1.62609994411469,-1.19089996814728,-0.900200009346008,-1.00919997692108,-1.01020002365112,-1.53779995441437
E000V00124,-73.133,-39.165,-0.336299985647202,-0.979300022125244,-0.876999974250793,-0.570200026035309,-0.252000004053116,-0.141200006008148,-0.476999998092651,-1.30770003795624
E000V00125,-72.261,-39.196,-0.292600005865097,-0.490000009536743,-0.0270000007003546,0.266799986362457,0.261500000953674,0.760299980640411,0.755699992179871,0.740400016307831
E000V00119,-71.868,-39.262,-0.422399997711182,-0.903199970722198,-0.2449000030756,-0.384200006723404,-0.682399988174438,0.619400024414062,0.283899992704391,-0.0718000009655952
E000V00123,-71.926,-39.289,-0.85259997844696,-1.4563000202179,-1.22319996356964,-0.953999996185303,-0.858200013637543,0.047800000756979,-0.216600000858307,-0.395399987697601
E000V00189,-72.55,-39.373,-0.0452999994158745,-0.855300009250641,-0.874100029468536,-0.178299993276596,0.131600007414818,0.402900010347366,0.843500018119812,0.864499986171722
E000V00190,-73.177,-39.39,0.205699995160103,-0.590900003910065,-0.472499996423721,-0.35809999704361,-0.0148000000044703,0.0904999971389771,-0.807299971580505,-1.72689998149872
E000V00131,-72.95,-39.632,0.302599996328354,-0.701200008392334,-0.732800006866455,-0.629000008106232,-0.498499989509583,-0.42620000243187,-1.09189999103546,-1.93480002880096
E000390006,-73.087,-39.657,0.302599996328354,-0.701200008392334,-0.732800006866455,-0.629000008106232,-0.498499989509583,-0.42620000243187,-1.09189999103546,-1.93480002880096
E000V00130,-72.501,-39.863,-1.10389995574951,-1.16840004920959,-1.5353000164032,-1.38180005550385,-1.10549998283386,-0.735499978065491,-0.520500004291534,-0.500199973583221
E000V00191,-71.91,-39.88,0.0480999983847141,-0.489199995994568,0.349299997091293,-0.808300018310547,-0.548900008201599,0.184599995613098,-0.342700004577637,-0.131500005722046
E000V00132,-72.927,-40.096,0.540600001811981,-0.64630001783371,-0.825800001621246,-0.886300027370453,-0.991500020027161,-0.532500028610229,-1.33340001106262,-1.83770000934601
E000V00134,-72.415,-40.134,-0.392199993133545,-0.711300015449524,-0.160999998450279,-0.0518000014126301,-0.244499996304512,0.621999979019165,0.677100002765656,0.969299972057343
E000V00193,-73.647,-40.168,-2.02900004386902,-2.43319988250732,-1.75109994411469,-1.00390005111694,-0.76120001077652,-0.338099986314774,-0.994700014591217,-0.507499992847443
E000V00133,-73.024,-40.317,0.152500003576279,-1.07990002632141,-1.4805999994278,-1.56470000743866,-1.83299994468689,-1.52680003643036,-2.41420006752014,-2.65529990196228
E000V00135,-72.979,-40.323,0.152500003576279,-1.07990002632141,-1.4805999994278,-1.56470000743866,-1.83299994468689,-1.52680003643036,-2.41420006752014,-2.65529990196228
E000V00139,-73.308,-40.348,-0.153200000524521,-1.02830004692078,-1.33350002765656,-1.09590005874634,-0.798600018024445,0,-0.774200022220612,-0.789499998092651
E000V00192,-72,-40.52,-0.178399994969368,-0.736299991607666,-0.649600028991699,-0.816799998283386,-0.80510002374649,-0.10080000013113,-1.08580005168915,-0.806500017642975
E000400009,-73.058,-40.614,-0.183400005102158,-1.14450001716614,-1.53199994564056,-1.72039997577667,-2.1340000629425,-1.78810000419617,-2.58470010757446,-2.50029993057251
E000V00194,-72.116,-40.623,-0.178399994969368,-0.736299991607666,-0.649600028991699,-0.816799998283386,-0.80510002374649,-0.10080000013113,-1.08580005168915,-0.806500017642975
E000V00136,-73.152,-40.765,0.410100013017654,-0.645099997520447,-1.18809998035431,-1.34829998016357,-1.52649998664856,-1.15629994869232,-1.56459999084473,-1.73889994621277
E000V00138,-73.157,-40.861,0.410100013017654,-0.645099997520447,-1.18809998035431,-1.34829998016357,-1.52649998664856,-1.15629994869232,-1.56459999084473,-1.73889994621277
E000V00195,-73.815,-40.873,0.620700001716614,-0.0386999994516373,-0.356599986553192,-0.351700007915497,0.0015999999595806,0.425500005483627,0.088299997150898,0.254999995231628
E000V00137,-72.886,-40.957,0.484100013971329,-0.519400000572205,-0.995500028133392,-1.28799998760223,-1.37600004673004,-0.574999988079071,-1.3186000585556,-1.13800001144409
E000V00142,-73.377,-41.115,0.0575999990105629,-0.19030000269413,-0.689800024032593,-0.915000021457672,-1.21399998664856,-0.847599983215332,-1.66949999332428,-1.70420002937317
E000V00197,-72.339,-41.142,-0.210299998521805,-0.345600008964539,-0.411199986934662,-1.16089999675751,-1.17949998378754,0.135900005698204,-0.655399978160858,-0.655700027942657
E000V00143,-73.009,-41.259,0.114500001072884,-0.379400014877319,-0.981700003147125,-1.23020005226135,-1.18729996681213,-0.491699993610382,-1.11989998817444,-0.669200003147125
E000V00196,-73.809,-41.359,0.267800003290176,0.226999998092651,-0.126000002026558,-0.165000006556511,-0.399800002574921,-0.173800006508827,-1.28229999542236,-1.41690003871918
E000410005,-73.096,-41.448,-0.848399996757507,0.299899995326996,-0.691900014877319,-0.951200008392334,-0.518499970436096,0.298299998044968,0.258199989795685,0.473899990320206
E000V00198,-72.275,-41.579,-0.291700005531311,-0.6564000248909,-1.63230001926422,-1.5871000289917,-1.09270000457764,-0.0318000018596649,-0.827899992465973,-1.04540002346039
E000V00144,-73.672,-41.71,-0.269499987363815,-0.688499987125397,-0.693199992179871,-0.836899995803833,-1.06379997730255,-0.645399987697601,-1.68089997768402,-1.74329996109009
E000V00140,-72.435,-41.938,0.212699994444847,-0.12950000166893,0.669099986553192,-0.32600000500679,-0.0355999991297722,0.336600005626678,0.253500014543533,-0.194199994206429
E000V00141,-71.865,-42.075,-0.67059999704361,-1.25429999828339,-0.624199986457825,-1.56210005283356,-1.37580001354218,-0.827099978923798,-1.26230001449585,-1.59379994869232
E000V00151,-72.417,-42.1,0.212699994444847,-0.12950000166893,0.669099986553192,-0.32600000500679,-0.0355999991297722,0.336600005626678,0.253500014543533,-0.194199994206429
E000V00149,-73.49,-42.157,0.0597000010311604,-0.223499998450279,-0.482800006866455,-0.387699991464615,-0.223600000143051,-0.30009999871254,-0.0104000000283122,0.48989999294281
E000V00199,-74.078,-42.285,0.230399996042252,-0.47189998626709,-0.146699994802475,0.291500002145767,0.373699992895126,0.619799971580505,0.503099977970123,0.736699998378754
E000V00201,-72.663,-42.355,-0.268999993801117,0.407499998807907,-0.19200000166893,-0.685199975967407,-1.3934999704361,-1.18649995326996,-0.962100028991699,-0.391999989748001
E000V00147,-73.568,-42.404,-0.263205617666245,1.00069999694824,-0.17992028594017,-0.187083467841148,-0.125525504350662,0.203105449676514,0.496899992227554,1.81889998912811
E000V00148,-73.633,-42.583,-0.72299998998642,-1.02199995517731,-0.216700002551079,0.154499992728233,0.511300027370453,0.986500024795532,0.73879998922348,0.871900022029877
E000V00146,-73.789,-42.704,0.0568999983370304,-0.102300003170967,0.347000002861023,0.729600012302399,0.965499997138977,0.919099986553192,0.128600001335144,0.499199986457825
E000V00145,-72.717,-42.883,0.268599987030029,-1.01960003376007,0.202800005674362,-0.0019000000320375,-0.304800003767014,0.0627999976277351,-0.065200001001358,0.312700003385544
E000430002,-71.852,-43.189,-0.502600014209747,-0.324699997901917,0.400499999523163,0.299699991941452,0.776799976825714,1.4400999546051,1.45749998092651,1.58729994297028
E000V00200,-74.295,-43.208,0.447800010442734,-1.01590001583099,0.0108000002801418,-0.261000007390976,-0.374199986457825,0.299199998378754,0.337099999189377,0.623799979686737
E000V00202,-72.85,-43.364,-0.154100000858307,-0.0619000010192394,0.00249999994412065,-0.579200029373169,-1.0349999666214,-0.211099997162819,-0.150199994444847,0.182799994945526
E000V00150,-72.126,-43.474,-0.283899992704391,-0.0755999982357025,0.329699993133545,-1.06930005550385,-2.05329990386963,-0.740800023078918,-1.20029997825623,-1.12960004806519
E000430004,-71.801,-43.612,-1.09650003910065,-0.740800023078918,-0.366100013256073,-0.968299984931946,-0.543099999427795,0.694100022315979,0.311500012874603,0.236000001430511
E000V00153,-73.74,-43.89,0.0437799505889416,-0.322020709514618,0.0592664256691933,-0.0853344351053238,-0.0755140110850334,0.248975068330765,-0.101153306663036,-0.00840587634593248
E000V00152,-72.387,-43.917,-0.0856000036001205,-0.197899997234344,0.373100012540817,-0.900099992752075,-0.777499973773956,0.131099998950958,-0.710300028324127,-0.0666999965906143
E000V00154,-71.847,-44.24,0.554799973964691,0.599399983882904,1.26460003852844,-0.327199995517731,-1.08309996128082,0.275000005960464,0.259799987077713,0.44539999961853
E000V00203,-73.097,-44.729,0.277799993753433,-0.550400018692017,-0.472900003194809,-1.32949995994568,-1.76559996604919,-1.5945999622345,-1.88339996337891,-1.65020000934601
E000450001,-72.677,-45.399,-0.919099986553192,-1.14170002937317,0.369800001382828,0.57260000705719,0.10419999808073,0.918900012969971,0.402500003576279,0.575900018215179
E000450004,-72.102,-45.591,-1.15629994869232,-0.624700009822845,-0.278400003910065,-0.491600006818771,-0.372000008821487,0.567300021648407,-0.24600000679493,-0.140300005674362
E000450005,-71.678,-45.918,-2.03460001945496,-1.01520001888275,-0.770099997520447,-0.93010002374649,-0.827000021934509,-0.901300013065338,-1.04139995574951,-0.817099988460541
E000V00157,-71.941,-46.278,-1.28939998149872,-1.1360000371933,-1.01900005340576,-0.836199998855591,-0.693400025367737,-1.04999995231628,-1.27909994125366,-1.16970002651215
E000V00205,-74.778,-46.355,0.332399994134903,-0.866699993610382,-1.49000000953674,-1.36319994926453,-1.37000000476837,-0.542800009250641,-1.75440001487732,-1.81819999217987
E000V00204,-73.336,-46.569,-1.36259996891022,-1.31550002098083,-0.495299994945526,0.20160000026226,-0.227200001478195,0.596300005912781,0.449299991130829,0.427599996328354
E000460001,-71.685,-46.585,-1.91530001163483,-1.14989995956421,-1.16470003128052,-1.64600002765656,-1.18219995498657,-1.11459994316101,-1.32659995555878,-1.38300001621246
E000470001,-72.583,-47.244,-0.976999998092651,-0.708100020885468,-1.37679994106293,-0.96780002117157,-0.788600027561188,0.152099996805191,-0.318500012159348,-0.10980000346899
E000V00156,-73.536,-47.8,-1.21119999885559,-0.985599994659424,-1.80229997634888,-1.58949995040894,-1.56040000915527,-0.937699973583221,-1.44110000133514,-1.46249997615814
E000V00155,-72.56,-48.471,-1.18029999732971,0.00400000018998981,-0.248099997639656,0.305900007486343,0.808399975299835,0.851999998092651,-0.522499978542328,-0.967100024223328
E000V00206,-73.941,-48.958,-0.251800626516342,-0.339172393083572,-0.0751250758767128,0.0273094661533833,-0.0835958272218704,0.281735062599182,-0.0231178961694241,0.076944425702095
E000V00207,-73.57,-51.07,-0.326299995183945,0.0876000002026558,0.768400013446808,0.547699987888336,0.881200015544891,1.3092999458313,1.23160004615784,1.21679997444153
E000V00158,-72.967,-51.184,-2.04509997367859,-2.64170002937317,-2.56040000915527,-2.37389993667603,-2.01200008392334,-2.33629989624023,-3.04769992828369,-2.07080006599426
E000V00159,-71.164,-52.309,-2.9672999382019,-3.39350008964539,-3.28929996490479,-2.7095000743866,-2.11010003089905,-2.69959998130798,-3.18630003929138,-2.70320010185242
E000V00161,-70.361,-52.432,-2.40210008621216,-2.81410002708435,-3.37229990959167,-3.05570006370544,-2.60579991340637,-3.07430005073547,-3.38849997520447,-3.01789999008179
E000V00160,-71.505,-52.601,-3.21880006790161,-3.37660002708435,-3.21810007095337,-2.89229989051819,-2.56089997291565,-2.91969990730286,-3.1256000995636,-2.43869996070862
E000V00162,-69.27,-52.8,-2.16820001602173,-2.55640006065369,-2.50219988822937,-2.17319989204407,-1.75100004673004,-2.48270010948181,-2.94860005378723,-1.72549998760223
E000520006,-70.839,-53.002,-2.48900008201599,-2.87910008430481,-2.94749999046326,-2.68849992752075,-2.44810009002686,-3.02679991722107,-2.84330010414124,-2.042799949646
E000530005,-70.326,-53.254,-1.57179999351501,-1.69620001316071,-2.05640006065369,-2.12369990348816,-2.11929988861084,-2.4672999382019,-2.26169991493225,-1.39020001888275
E000V00208,-71.38,-53.8,-1.11870002746582,-1.74660003185272,-1.76139998435974,-0.277799993753433,-0.121200002729893,0.202600002288818,-0.765200018882751,-0.657100021839142
E000V00163,-68.804,-54.051,-1.70729994773865,-2.16770005226135,-2.57710003852844,-1.817999958992,-1.34280002117157,-1.13940000534058,-1.21730005741119,-0.1300999969244
E000550001,-67.616,-54.932,-0.964800000190735,-2.07879996299744,-1.11710000038147,-0.25789999961853,0.0829000025987625,0.343699991703033,0.0276999995112419,0.158999994397163
