Estacion,Lat,Lon,meses:1,3,6,9,12,24,36,48
E000V00003,-69.478,-17.595,0.0939999967813492,0.655600011348724,-0.311100006103516,-0.718299984931946,-0.661400020122528,0.833599984645844,1.00390005111694,1.50909996032715
E000V00002,-69.554,-18.197,0.998799979686737,1.11160004138947,0.684099972248077,0.282700002193451,0.137899994850159,0.837100028991699,1.16470003128052,1.35730004310608
E000180005,-70.34,-18.356,0.416900008916855,0.51800000667572,0.488200008869171,0.419299989938736,0.282000005245209,0.420100003480911,0.818000018596649,1.20679998397827
E000V00001,-69.857,-19.011,0.800599992275238,0.897599995136261,0.86870002746582,0.839200019836426,0.72790002822876,0.796999990940094,1.02390003204346,1.27359998226166
E000V00006,-68.638,-19.276,0.211400002241135,0.0107000004500151,0.0658000037074089,0.0408999994397163,0.212999999523163,0.619499981403351,0.887399971485138,1.38510000705719
E000V00005,-69.427,-19.313,1.42599999904633,1.12070000171661,1.34479999542236,1.0757999420166,0.909600019454956,0.836000025272369,1.32760000228882,1.603600025177
E000V00007,-69.767,-19.996,0.176100000739098,0.31580001115799,0.155000001192093,0.228100001811981,0.189999997615814,0.210600003600121,0.534500002861023,1.2282999753952
E000V00004,-70.117,-20.25,1.43729996681213,1.38909995555878,1.28579998016357,1.12460005283356,1.11080002784729,1.2228000164032,1.47510004043579,1.47889995574951
E000V00008,-69.342,-20.501,0.880200028419495,0.932299971580505,0.668500006198883,0.764599978923798,0.704299986362457,0.997099995613098,1.32159996032715,1.4695999622345
E000200006,-70.181,-20.549,0.78219997882843,0.875899970531464,0.389299988746643,0.211899995803833,0.314200013875961,0.614400029182434,1.07330000400543,1.29620003700256
E000V00011,-68.255,-21.224,-1.61389994621277,-1.95060002803802,-1.73710000514984,-1.50720000267029,-1.60109996795654,-0.859300017356873,-0.980300009250641,-0.541700005531311
E000V00013,-70.2,-22.091,0.995800018310547,0.996399998664856,0.847699999809265,0.837100028991699,0.89709997177124,1.16589999198914,1.57630002498627,1.63039994239807
E000V00014,-69.666,-22.35,0.454499989748001,0.55019998550415,0.377700001001358,0.361400008201599,0.431600004434586,0.770299971103668,1.06260001659393,1.16380000114441
E000220002,-68.892,-22.498,0.749499976634979,0.884100019931793,0.873000025749207,0.759599983692169,0.746299982070923,1.02030003070831,1.23370003700256,1.39849996566772
E000V00009,-69.32,-22.892,0.19310000538826,0.401399999856949,0.454100012779236,0.271299988031387,0.284000009298325,0.932200014591217,1.08360004425049,1.13839995861053
E000V00012,-68.213,-22.932,0.89410001039505,1.02250003814697,0.666599988937378,0.506900012493134,0.467200011014938,0.637399971485138,1.01440000534058,1.23479998111725
E000230001,-70.445,-23.454,-1.73539996147156,-1.60829997062683,-1.63039994239807,-1.44120001792908,-1.35769999027252,-0.848100006580353,-0.385300010442734,0.0138999996706843
E000V00166,-67.44,-23.6,1.04200005531311,1.32860004901886,1.13950002193451,0.836399972438812,0.703000009059906,0.798900008201599,1.083899974823,1.32980000972748
E000V00165,-68.57,-23.94,0.519400000572205,0.806400001049042,0.892400026321411,0.555000007152557,0.375600010156631,0.49779999256134,0.750899970531464,1.05299997329712
E000V00164,-69.69,-24.51,-1.74570000171661,-1.50100004673004,-1.69200003147125,-2.02069997787476,-1.98109996318817,-1.46840000152588,-1.24370002746582,-0.842499971389771
E000V00167,-69.3,-25,0.22859999537468,0.523699998855591,0.493900001049042,0.155699998140335,0.16329999268055,0.599300026893616,0.865800023078918,1.09270000457764
E000V00010,-70.484,-25.411,-0.354499995708466,-0.0203000009059906,0.219300001859665,0.0940999984741211,0.193499997258186,0.442099988460541,0.0878000035881996,0.180500000715256
E000V00168,-69.27,-25.7,0.586199998855591,1.09060001373291,1.3202999830246,1.17900002002716,1.18710005283356,1.33200001716614,1.64010000228882,1.88180005550385
E000V00169,-68.99,-26.25,0.625199973583221,0.992399990558624,1.27690005302429,1.19790005683899,0.809599995613098,0.948899984359741,1.52289998531342,1.81620001792908
E000V00016,-70.611,-26.332,-1.30540001392365,-1.13870000839233,-0.802799999713898,-0.810999989509583,-0.447100013494492,0.53329998254776,-0.0346000008285046,0.214200004935265
E000V00017,-70.046,-26.391,0.171000003814697,0.493800014257431,0.618300020694733,0.485599994659424,0.441399991512299,0.681900024414062,0.567600011825562,0.658399999141693
E000V00170,-69.33,-27.07,0.633400022983551,1.19470000267029,1.51020002365112,1.46580004692078,1.33000004291534,1.33290004730225,1.49909996986389,1.89090001583099
E000270008,-70.781,-27.254,-0.309399992227554,-0.197799995541573,-0.0970000028610229,-0.152400001883507,-0.0785999968647957,0.259900003671646,0.20610000193119,0.255299985408783
E000270009,-70.353,-27.359,-0.101999998092651,0.0654999986290932,0.146999999880791,0.0324999988079071,0.0253999996930361,0.217800006270409,0.30349999666214,0.43860000371933
E000V00171,-69.81,-27.98,1.03419995307922,1.4404000043869,1.57570004463196,1.43470001220703,0.830099999904633,0.878600001335144,1.26380002498627,1.60179996490479
E000V00019,-71.225,-28.463,0.0997999981045723,0.817399978637695,1.81369996070862,2.32699990272522,1.98889994621277,0.936800003051758,0.615100026130676,0.44420000910759
E000V00018,-70.449,-28.768,0.989300012588501,1.08449995517731,1.38650000095367,1.43219995498657,0.738200008869171,0.12890000641346,0.060199998319149,0.17509999871254
E000V00015,-70,-28.976,1.04250001907349,1.22880005836487,1.56480002403259,1.31379997730255,0.32480001449585,0.818199992179871,1.03059995174408,1.34809994697571
E000V00021,-71.116,-29.372,0.131500005722046,0.484699994325638,0.910399973392487,1.18389999866486,0.999700009822845,0.0736000016331673,-0.0540000014007092,-0.101199999451637
E000290004,-71.207,-29.914,-0.373699992895126,-0.144299998879433,0.101800002157688,0.279500007629395,0.296099990606308,-0.586399972438812,-0.715499997138977,-0.884899973869324
E000V00022,-70.721,-30.031,1.07860004901886,1.11419999599457,1.27660000324249,1.14479994773865,0.450800001621246,0.917400002479553,1.41270005702972,1.6385999917984
E000V00020,-71.082,-30.234,-0.605499982833862,-0.354600012302399,-0.166500002145767,0.0293000005185604,-0.171800002455711,-1.02160000801086,-0.941100001335144,-1.22360002994537
E000V00172,-71.72,-30.38,-0.967199981212616,-0.727500021457672,-0.416700005531311,0.0913000032305717,0.279000014066696,-1.09430003166199,-1.08410000801086,-1.67830002307892
E000V00027,-70.937,-30.746,-0.399399995803833,-0.34689998626709,-0.341399997472763,-0.177000001072884,-0.39070001244545,-1.51839995384216,-1.53620004653931,-1.92449998855591
E000V00028,-71.256,-30.838,-0.474000006914139,-0.267199993133545,-0.0199999995529652,0.175500005483627,0.267800003290176,-0.902899980545044,-1.05519998073578,-1.56939995288849
E000V00026,-70.999,-31.188,-0.382400006055832,-0.303700000047684,-0.273200005292892,-0.202900007367134,-0.434899985790253,-1.6680999994278,-1.61930000782013,-2.082200050354
E000V00024,-71.413,-31.39,-0.746500015258789,-0.406599998474121,-0.0982000008225441,0.218199998140335,0.345999985933304,-1.07039999961853,-1.0333000421524,-1.71800005435944
E000V00023,-71.152,-31.633,-0.787800014019012,-0.664799988269806,-0.315299987792969,-0.103299997746944,-0.0734999999403954,-1.25440001487732,-1.27129995822906,-1.79649996757507
E000V00025,-70.97,-31.783,1.22399997711182,1.26209998130798,1.18309998512268,0.797500014305115,1.06319999694824,0.546700000762939,0.318699985742569,-0.202999994158745
E000320019,-70.707,-32.076,1.5485999584198,1.76259994506836,1.7985999584198,1.82729995250702,0.403200000524521,1.06840002536774,1.49590003490448,1.67299997806549
E000V00035,-70.926,-32.251,-0.508000016212463,-0.425000011920929,-0.302100002765656,-0.30469998717308,-0.457599997520447,-1.52269995212555,-1.36969995498657,-1.8996000289917
E000V00174,-70.464,-32.343,1.42859995365143,1.50960004329681,1.58519995212555,1.19019997119904,0.626600027084351,1.34440004825592,1.72130000591278,1.56429994106293
E000V00033,-70.819,-32.362,1.29340004920959,1.02779996395111,1.01199996471405,1.10080003738403,1.45360004901886,0.925999999046326,1.25129997730255,1.38580000400543
E000V00034,-71.441,-32.505,-1.52579998970032,-1.34769999980927,-1.17320001125336,-0.832099974155426,-0.718299984931946,-1.66120004653931,-1.31289994716644,-1.89989995956421
E000V00175,-71.014,-32.54,0.286199986934662,0.217700004577637,0.108599998056889,-0.0615000016987324,-0.574199974536896,-1.34309995174408,-1.20869994163513,-1.62839996814728
E000V00041,-70.725,-32.594,1.53050005435944,1.54610002040863,1.46909999847412,1.32410001754761,1.12119996547699,1.05690002441406,0.614799976348877,0.314000010490417
E000V00176,-70.368,-32.618,0.437200009822845,0.261400014162064,-0.635500013828278,-1.32309997081757,-2.02250003814697,-1.97650003433228,-1.87580001354218,-1.87909996509552
E000V00040,-70.809,-32.757,0.588800013065338,1.10469996929169,1.0731999874115,0.967100024223328,0.0725999996066093,-0.96340000629425,-1.02839994430542,-1.40380001068115
E000V00031,-71.526,-32.789,-1.99650001525879,-1.92320001125336,-1.90120005607605,-1.59019994735718,-1.24810004234314,-2.0903000831604,-1.76800000667572,-2.30960011482239
E000V00037,-71.173,-32.79,-1.64219999313354,-1.47839999198914,-1.36790001392365,-1.14629995822906,-0.890100002288818,-1.6956000328064,-1.40610003471375,-1.91740000247955
E000320028,-71.227,-32.828,-1.64219999313354,-1.47839999198914,-1.36790001392365,-1.14629995822906,-0.890100002288818,-1.6956000328064,-1.40610003471375,-1.91740000247955
E000V00032,-70.382,-32.89,0.582000017166138,1.1279000043869,1.19809997081757,1.29779994487762,0.802999973297119,0.655600011348724,0.632600009441376,0.578800022602081
E000V00036,-71.207,-32.893,-1.42289996147156,-1.52240002155304,-1.54799997806549,-1.44430005550385,-1.19739997386932,-1.99890005588531,-1.76400005817413,-2.30839991569519
E000V00030,-71.517,-32.917,-1.79379999637604,-1.6583000421524,-1.50839996337891,-1.21710002422333,-1.04460000991821,-1.94130003452301,-1.77129995822906,-2.45099997520447
E000V00042,-71.261,-32.994,-1.42289996147156,-1.52240002155304,-1.54799997806549,-1.44430005550385,-1.19739997386932,-1.99890005588531,-1.76400005817413,-2.30839991569519
E000330002,-71.648,-33.023,-1.59140002727509,-1.41709995269775,-1.27939999103546,-0.995100021362305,-0.691399991512299,-1.9918999671936,-1.80400002002716,-2.53749990463257
E000330007,-71.556,-33.065,-1.79379999637604,-1.6583000421524,-1.50839996337891,-1.21710002422333,-1.04460000991821,-1.94130003452301,-1.77129995822906,-2.45099997520447
E000V00029,-71.4,-33.083,-1.79379999637604,-1.6583000421524,-1.50839996337891,-1.21710002422333,-1.04460000991821,-1.94130003452301,-1.77129995822906,-2.45099997520447
E000V00051,-70.834,-33.121,0.66100001335144,0.656300008296967,0.541700005531311,0.368400007486343,0.0601000003516674,-0.634700000286102,-0.595099985599518,-1.01800000667572
E000V00050,-70.66,-33.147,-0.358999997377396,-0.597199976444244,-0.705900013446808,-0.776400029659271,-0.960099995136261,-1.17620003223419,-1.21449995040894,-1.95099997520447
E000V00177,-71.46,-33.23,-1.49059998989105,-1.47409999370575,-1.45729994773865,-1.32570004463196,-1.03219997882843,-1.92439997196198,-1.86000001430511,-2.58559989929199
E000V00178,-71.155,-33.287,-0.262699991464615,-0.805999994277954,-0.956900000572205,-0.956799983978271,-0.48769998550415,-1.76569998264313,-1.63440001010895,-2.25990009307861
E000V00046,-70.502,-33.353,1.13929998874664,1.03480005264282,0.881200015544891,1.19860005378723,0.783500015735626,0.925700008869171,1.68620002269745,1.22930002212524
E000330021,-70.787,-33.378,0.389400005340576,0.533699989318848,0.205599993467331,-0.296600013971329,-0.438800007104874,-1.08459997177124,-1.06640005111694,-1.24100005626678
E000V00043,-70.733,-33.42,0.389400005340576,0.533699989318848,0.205599993467331,-0.296600013971329,-0.438800007104874,-1.08459997177124,-1.06640005111694,-1.24100005626678
E000V00055,-71.026,-33.439,0.222399994730949,-0.649399995803833,-0.945100009441376,-0.989000022411346,-0.766200006008148,-1.59409999847412,-1.48510003089905,-2.06229996681213
E000V00038,-71.624,-33.439,-1.39199995994568,-1.52509999275208,-1.58440005779266,-1.40170001983643,-1.08299994468689,-1.79289996623993,-1.88160002231598,-2.46600008010864
E000330020,-70.683,-33.445,0.389400005340576,0.533699989318848,0.205599993467331,-0.296600013971329,-0.438800007104874,-1.08459997177124,-1.06640005111694,-1.24100005626678
E000330019,-70.549,-33.455,-0.224999994039536,-0.165000006556511,-0.30120000243187,-0.361200004816055,-0.664699971675873,-0.79610002040863,-0.700399994850159,-1.05869996547699
E000V00044,-70.7,-33.467,0.389400005340576,0.533699989318848,0.205599993467331,-0.296600013971329,-0.438800007104874,-1.08459997177124,-1.06640005111694,-1.24100005626678
E000V00047,-70.766,-33.517,0.389400005340576,0.533699989318848,0.205599993467331,-0.296600013971329,-0.438800007104874,-1.08459997177124,-1.06640005111694,-1.24100005626678
E000V00039,-71.596,-33.543,-1.39199995994568,-1.52509999275208,-1.58440005779266,-1.40170001983643,-1.08299994468689,-1.79289996623993,-1.88160002231598,-2.46600008010864
E000V00045,-70.548,-33.545,-0.224999994039536,-0.165000006556511,-0.30120000243187,-0.361200004816055,-0.664699971675873,-0.79610002040863,-0.700399994850159,-1.05869996547699
E000V00058,-70.902,-33.608,0.222399994730949,-0.649399995803833,-0.945100009441376,-0.989000022411346,-0.766200006008148,-1.59409999847412,-1.48510003089905,-2.06229996681213
E000V00048,-70.567,-33.617,-0.224999994039536,-0.165000006556511,-0.30120000243187,-0.361200004816055,-0.664699971675873,-0.79610002040863,-0.700399994850159,-1.05869996547699
E000330031,-78.833,-33.636,0.0721841901540756,0.0375982858240604,-0.10420111566782,-0.178969264030457,-0.156237155199051,0.0050535318441689,0.110557474195957,-0.0789012461900711
E000330030,-71.613,-33.656,-0.923799991607666,-1.25559997558594,-1.46909999847412,-1.41059994697571,-0.9375,-1.7474000453949,-1.769700050354,-2.21630001068115
E000V00049,-70.089,-33.676,0.503799974918365,-1.30690002441406,-1.59529995918274,-1.32969999313354,-1.46259999275208,-1.29789996147156,-1.43640005588531,-2.1078999042511
E000V00057,-71.101,-33.692,-0.438499987125397,-1.12360000610352,-1.43099999427795,-1.43309998512268,-1.20000004768372,-1.79830002784729,-1.65050005912781,-2.10479998588562
E000V00052,-70.707,-33.707,-0.263900011777878,-0.8992999792099,-1.07669997215271,-0.894400000572205,-1.1143000125885,-1.45050001144409,-1.32749998569489,-2.17969989776611
E000V00053,-70.639,-33.862,-0.263900011777878,-0.8992999792099,-1.07669997215271,-0.894400000572205,-1.1143000125885,-1.45050001144409,-1.32749998569489,-2.17969989776611
E000V00179,-70.22,-33.878,0.238399997353554,-0.245399996638298,-0.857200026512146,-1.17289996147156,-1.38610005378723,-1.47230005264282,-0.502499997615814,-1.01520001888275
E000V00056,-71.394,-33.941,0.278899997472763,-0.101499997079372,-0.752900004386902,-1.03380000591278,-0.817300021648407,-1.68280005455017,-1.59879994392395,-2.1363000869751
E000V00068,-71.825,-33.959,0.7117999792099,0.349700003862381,-0.295800000429153,-0.593100011348724,-0.395700007677078,-1.35609996318817,-1.31659996509552,-2.11019992828369
E000V00064,-70.717,-33.983,0.296200007200241,-0.96670001745224,-1.24689996242523,-1.17410004138947,-1.21300005912781,-1.4297000169754,-1.56589996814728,-2.44050002098083
E000V00054,-70.995,-34.029,-0.499500006437302,-0.963699996471405,-1.37300002574921,-1.35440003871918,-1.11790001392365,-1.65789997577667,-1.60269999504089,-2.15960001945496
E000V00059,-70.772,-34.169,0.492000013589859,0.0359000004827976,-0.325199991464615,-0.55239999294281,-0.766099989414215,-0.906899988651276,-1.26800000667572,-1.95060002803802
E000V00180,-70.402,-34.203,0.677699983119965,0.674700021743774,0.420899987220764,0.512499988079071,0.0217000003904104,-0.592999994754791,-0.635800004005432,-1.07490003108978
E000V00061,-70.997,-34.215,0.569100022315979,-0.314300000667572,-0.953299999237061,-1.09409999847412,-0.986299991607666,-1.47679996490479,-1.66390001773834,-2.33240008354187
E000V00062,-71.3,-34.217,0.168699994683266,-0.336299985647202,-1.02559995651245,-1.17200005054474,-1.02769994735718,-1.7742999792099,-1.81420004367828,-2.40030002593994
E000V00060,-70.948,-34.261,0.569100022315979,-0.314300000667572,-0.953299999237061,-1.09409999847412,-0.986299991607666,-1.47679996490479,-1.66390001773834,-2.33240008354187
E000V00066,-70.812,-34.279,0.492000013589859,0.0359000004827976,-0.325199991464615,-0.55239999294281,-0.766099989414215,-0.906899988651276,-1.26800000667572,-1.95060002803802
E000V00065,-70.834,-34.322,0.492000013589859,0.0359000004827976,-0.325199991464615,-0.55239999294281,-0.766099989414215,-0.906899988651276,-1.26800000667572,-1.95060002803802
E000V00067,-72.019,-34.394,0.909600019454956,0.77130001783371,0.726000010967255,0.601400017738342,0.560400009155273,-0.0249000005424023,-0.314500004053116,-1.18669998645782
E000V00063,-70.21,-34.411,0.132200002670288,0.831799983978271,0.689899981021881,0.691799998283386,0.236000001430511,0.43860000371933,0.510599970817566,0.593400001525879
E000V00071,-71.463,-34.485,0.218199998140335,-0.12950000166893,-0.892700016498566,-1.10940003395081,-1.11090004444122,-1.45309996604919,-1.68859994411469,-2.34549999237061
E000V00069,-71.898,-34.645,1.22409999370575,0.718800008296967,0.548900008201599,0.397000014781952,0.498400002717972,-0.0397999994456768,-0.357300013303757,-1.12969994544983
E000V00072,-71.4,-34.691,0.813300013542175,0.677200019359589,-0.236599996685982,-0.656000018119812,-0.589399993419647,-1.22749996185303,-1.2791999578476,-2.27539992332458
E000V00070,-71.63,-34.714,0.689100027084351,0.517000019550323,-0.245000004768372,-0.482100009918213,-0.18639999628067,-0.597800016403198,-0.812099993228912,-1.93449997901917
E000340044,-71.02,-34.721,0.358599990606308,-0.591199994087219,-1.0916999578476,-1.20700001716614,-1.01129996776581,-1.48959994316101,-1.86189997196198,-2.52080011367798
E000V00181,-70.52,-34.781,0.321941465139389,0.032200001180172,-0.0979999974370003,-0.0540999993681908,0.17739999294281,-0.0244999993592501,1.03219997882843,1.41550004482269
E000V00086,-72.026,-34.855,1.22409999370575,0.718800008296967,0.548900008201599,0.397000014781952,0.498400002717972,-0.0397999994456768,-0.357300013303757,-1.12969994544983
E000V00084,-71.125,-34.96,-0.480800002813339,-0.991599977016449,-1.16219997406006,-1.18180000782013,-0.899100005626678,-1.32239997386932,-1.65030002593994,-2.09789991378784
E000V00083,-71.832,-34.968,1.11839997768402,0.634800016880035,-0.17399999499321,-0.39190000295639,0.00170000002253801,-0.296900004148483,-0.597299993038177,-1.65090000629425
E000340031,-71.217,-34.969,0.184900000691414,-0.476099997758865,-1.29240000247955,-1.39699995517731,-1.2668000459671,-1.46519994735718,-1.69710004329681,-2.49429988861084
E000V00085,-70.811,-35,0.377400010824203,0.00279999990016222,-0.352999985218048,-0.643599987030029,-0.416399985551834,-1.17110002040863,-1.24880003929138,0.169900000095367
E000V00076,-71.956,-35.128,1.14719998836517,0.419999986886978,0.177000001072884,0.0644000023603439,0.189500004053116,0.0355000011622906,-0.131699994206429,-0.934800028800964
E000V00182,-70.83,-35.398,1.3125,0.412699997425079,0.152099996805191,0.415199995040894,0.857100009918213,0.67739999294281,1.32070004940033,0.733200013637543
E000V00079,-71.467,-35.419,0.353199988603592,-0.624100029468536,-1.5304000377655,-1.57480001449585,-1.47130000591278,-1.7305999994278,-1.77660000324249,-2.3921000957489
E000V00078,-71.7,-35.533,1.2820999622345,0.128199994564056,-0.943599998950958,-1.03129994869232,-0.659900009632111,-0.898100018501282,-0.541899979114532,-1.46319997310638
E000V00074,-71.454,-35.663,-0.195999994874001,-1.42980003356934,-2.00340008735657,-2.13050007820129,-2.00990009307861,-1.80239999294281,-2.31960010528564,-2.519700050354
E000V00077,-72.082,-35.672,1.02479994297028,0.236200004816055,-0.647300004959106,-0.846700012683868,-0.598699986934662,-0.45660001039505,-0.108199998736382,-0.753000020980835
E000V00080,-71.062,-35.699,1.02820003032684,1.07739996910095,0.822200000286102,0.899200022220612,0.480199992656708,-0.0044999998062849,0.451999992132187,-0.303099989891052
E000V00081,-72.511,-35.707,0.819000005722046,0.83899998664856,0.530799984931946,0.435699999332428,0.462399989366531,0.203099995851517,-0.064300000667572,-0.495599985122681
E000V00075,-71.631,-35.753,0.751699984073639,-0.411399990320206,-1.38289999961853,-1.3639999628067,-1.30159997940063,-1.54690003395081,-1.30350005626678,-2.10419988632202
E000V00082,-72.587,-35.836,0.819000005722046,0.83899998664856,0.530799984931946,0.435699999332428,0.462399989366531,0.203099995851517,-0.064300000667572,-0.495599985122681
E000V00183,-71.05,-36.06,0.852199971675873,-0.0447999984025955,-0.284999996423721,-0.461299985647202,-0.746299982070923,-0.0908999964594841,1.21749997138977,1.00049996376038
E000V00087,-72.783,-36.133,-0.603200018405914,-0.395500004291534,-0.85809999704361,-1.03709995746613,-0.813300013542175,-0.533599972724915,-0.363000005483627,-0.538100004196167
E000V00073,-71.548,-36.257,0.742500007152557,0.374599993228912,-0.71450001001358,-0.994499981403351,-0.881900012493134,-0.478700011968613,-0.722299993038177,-0.79040002822876
E000V00091,-71.9,-36.292,0.365299999713898,-0.520500004291534,-1.56470000743866,-1.69920003414154,-1.45469999313354,-1.74170005321503,-1.3808000087738,-1.99930000305176
E000V00090,-72.64,-36.43,0.631399989128113,-0.111900001764297,-0.416399985551834,-0.792599976062775,-0.654100000858307,-0.539200007915497,-0.443899989128113,-0.515799999237061
E000V00088,-72.699,-36.492,0.631399989128113,-0.111900001764297,-0.416399985551834,-0.792599976062775,-0.654100000858307,-0.539200007915497,-0.443899989128113,-0.515799999237061
E000V00092,-71.549,-36.56,0.446799993515015,0.125200003385544,-0.485199987888336,-0.714100003242493,-0.212500005960464,0.202099993824959,0.296200007200241,0.270399987697601
E000360011,-72.037,-36.586,0.505999982357025,-0.461600005626678,-1.0576000213623,-1.07239997386932,-0.862900018692017,-1.32219994068146,-0.974500000476837,-1.48689997196198
E000V00089,-72.603,-36.625,1.47619998455048,-0.0974999964237213,-1.26769995689392,-1.67900002002716,-1.25409996509552,-1.33480000495911,-0.612600028514862,-0.838699996471405
E000V00099,-72.965,-36.672,-0.0192000009119511,-0.366299986839294,-0.632600009441376,-0.620400011539459,-0.30019998550415,0.0175999999046326,0.232099995017052,0.338499993085861
E000V00096,-72.704,-36.697,0.0882000029087067,-0.621800005435944,-0.797599971294403,-0.810400009155273,-0.36719998717308,0.159600004553795,0.435400009155273,0.502399981021881
E000V00098,-72.983,-36.733,-0.0192000009119511,-0.366299986839294,-0.632600009441376,-0.620400011539459,-0.30019998550415,0.0175999999046326,0.232099995017052,0.338499993085861
E000360019,-73.066,-36.781,-0.0192000009119511,-0.366299986839294,-0.632600009441376,-0.620400011539459,-0.30019998550415,0.0175999999046326,0.232099995017052,0.338499993085861
E000V00184,-71.5,-36.88,-0.623799979686737,-0.00800000037997961,-0.881900012493134,-1.00510001182556,-0.203500002622604,-0.646899998188019,-0.509400010108948,-0.896499991416931
E000V00093,-72.099,-36.977,0.39520001411438,0.418300002813339,-0.936800003051758,-0.864000022411346,-0.440600007772446,0.204300001263618,0.193599998950958,0.217399999499321
E000V00095,-73.14,-37.005,-3.64560008049011,-4.16429996490479,-4.21229982376099,-3.64869999885559,-3.26259994506836,-2.34669995307922,-2.14109992980957,-2.16960000991821
E000V00106,-72.403,-37.035,-0.662599980831146,-1.68840003013611,-2.4096999168396,-2.45040011405945,-2.50029993057251,-2.5271999835968,-2.25650000572205,-2.69359993934631
E000V00097,-73.155,-37.092,-3.64560008049011,-4.16429996490479,-4.21229982376099,-3.64869999885559,-3.26259994506836,-2.34669995307922,-2.14109992980957,-2.16960000991821
E000V00105,-71.245,-37.111,1.19200003147125,0.914099991321564,0.720300018787384,0.550300002098083,0.255899995565414,-0.340099990367889,0.238499999046326,-0.0828000009059906
E000V00094,-72.012,-37.141,0.621399998664856,0.631399989128113,-0.747900009155273,-0.853600025177002,-0.759700000286102,-0.104500003159046,-0.360500007867813,-0.130700007081032
E000V00108,-72.946,-37.167,-0.0186000000685453,-0.714299976825714,-1.60660004615784,-1.58930003643036,-1.14869999885559,-0.794600009918213,-0.44200000166893,-0.468199998140335
E000V00107,-72.328,-37.213,0.283100008964539,-0.770900011062622,-1.38489997386932,-1.39020001888275,-0.77590000629425,-0.68860000371933,-0.299899995326996,-0.369500011205673
E000V00111,-71.949,-37.293,0.621399998664856,0.631399989128113,-0.747900009155273,-0.853600025177002,-0.759700000286102,-0.104500003159046,-0.360500007867813,-0.130700007081032
E000V00100,-73.437,-37.305,-1.64509999752045,-1.92780005931854,-2.20519995689392,-1.76250004768372,-1.583899974823,-1.44930005073547,-1.38289999961853,-1.39310002326965
E000V00185,-71.566,-37.323,0.521200001239777,0.680400013923645,-0.480100005865097,-0.847899973392487,-1.29130005836487,-1.08640003204346,-0.475100010633469,-1.26090002059937
E000370033,-72.424,-37.397,-2.40720009803772,-2.7063000202179,-2.73420000076294,-2.59430003166199,-2.29870009422302,-1.82140004634857,-1.35109996795654,-1.42110002040863
E000V00186,-72.83,-37.418,-1.84860002994537,-2.03940010070801,-2.22149991989136,-1.75989997386932,-1.69830000400543,-1.94309997558594,-1.52670001983643,-1.69079995155334
E000V00103,-73.33,-37.485,-2.60890007019043,-2.82130002975464,-2.73370003700256,-2.11229991912842,-1.74720001220703,-0.937300026416779,-0.792200028896332,-0.614000022411346
E000V00110,-71.875,-37.536,0.654999971389771,0.563499987125397,-0.812900006771088,-1.21539998054504,-0.560000002384186,-0.42629998922348,-0.273499995470047,-0.535399973392487
E000V00104,-73.462,-37.627,-1.84899997711182,-1.93690001964569,-1.957200050354,-1.19809997081757,-0.687799990177155,0.0401000007987022,0.37049999833107,0.633000016212463
E000V00109,-72.007,-37.685,0.304800003767014,-0.402300000190735,-1.57949995994568,-1.59650003910065,-1.7338000535965,-0.4442999958992,-0.326700001955032,-0.147599995136261
E000V00116,-72.605,-37.726,-2.13540005683899,-2.74259996414185,-2.74569988250732,-2.51169991493225,-2.4818000793457,-2.44300007820129,-2.16560006141663,-2.23740005493164
E000V00101,-73.412,-37.892,0.263399988412857,0.241200000047684,-0.00170000002253801,0.368499994277954,0.656799972057343,0.686600029468536,0.686999976634979,0.755800008773804
E000V00102,-73.097,-37.95,-3.65619993209839,-3.87919998168945,-3.76690006256104,-3.02029991149902,-2.84809994697571,-2.30250000953674,-2.35190010070801,-2.32240009307861
E000V00112,-71.435,-38.057,-0.0703999996185303,-0.00130000000353903,-1.00999999046326,-0.717100024223328,-0.891300022602081,-0.882799983024597,0.0173000004142523,-0.268200010061264
E000V00114,-72.298,-38.146,0.286300003528595,-0.118199996650219,-0.980099976062775,-0.444700002670288,-0.294299989938736,0.0820999965071678,0.312599986791611,0.311599999666214
E000V00117,-72.273,-38.228,0.286300003528595,-0.118199996650219,-0.980099976062775,-0.444700002670288,-0.294299989938736,0.0820999965071678,0.312599986791611,0.311599999666214
E000V00113,-71.233,-38.25,-0.375400006771088,-0.359600007534027,-0.903599977493286,-0.625100016593933,-0.978399991989136,-1.35909998416901,-1.24820005893707,-1.2007999420166
E000V00188,-72.956,-38.207,-1.44410002231598,-1.87189996242523,-2.22210001945496,-2.17510008811951,-2.33249998092651,-2.20490002632141,-2.32480001449585,-2.50239992141724
E000V00187,-71.75,-38.414,0.70770001411438,0.578000009059906,-0.418500006198883,-0.626200020313263,-0.986599981784821,-0.49210000038147,-0.321599990129471,-0.337999999523163
E000V00121,-72.399,-38.435,-0.824299991130829,-0.959299981594086,-0.721800029277802,-0.350199997425079,0.0776999965310097,0.607599973678589,0.703999996185303,0.51639997959137
E000V00129,-72.85,-38.446,-1.76789999008179,-2.47370004653931,-2.6256000995636,-2.59120011329651,-2.64100003242493,-1.73780000209808,-1.74080002307892,-2.23690009117126
E000V00126,-72.224,-38.675,0.96069997549057,0.609399974346161,-0.706399977207184,-0.532500028610229,-0.0516000017523766,0.483500003814697,0.876600027084351,0.830600023269653
E000V00115,-71.141,-38.732,0.781300008296967,0.673699975013733,-0.156499996781349,0.313499987125397,0.0359999984502792,0.715699970722198,0.82150000333786,0.246500000357628
E000380013,-72.46,-38.768,0.342999994754791,-1.18640005588531,-1.72469997406006,-1.83910000324249,-1.51030004024506,-1.01460003852844,-0.97350001335144,-1.54990005493164
E000V00120,-71.683,-38.834,0.864199995994568,0.846099972724915,-0.160600006580353,-0.390399992465973,-0.829599976539612,-0.59909999370575,0.0194000005722046,-0.242599993944168
E000V00128,-72.787,-39.022,0.736800014972687,-0.279700011014938,-1.23049998283386,-1.60660004615784,-1.5407999753952,-1.15279996395111,-1.14549994468689,-2.00180006027222
E000V00127,-72.252,-39.007,0.773299992084503,1.08340001106262,0.534500002861023,0.507300019264221,0.358200013637543,0.763199985027313,0.907700002193451,0.636799991130829
E000V00122,-72.922,-39.071,0.25670000910759,-0.472099989652634,-1.04190003871918,-1.22749996185303,-1.01349997520447,-0.301699995994568,-0.570999979972839,-1.38269996643066
E000V00118,-72.615,-39.103,0.930000007152557,0.108400002121925,-1.15020000934601,-1.51569998264313,-1.13820004463196,-0.898899972438812,-0.808200001716614,-1.52020001411438
E000V00124,-73.133,-39.165,-0.0163000002503395,-0.59469997882843,-1.11909997463226,-1.11240005493164,-0.823300004005432,-0.237800002098083,-0.490700006484985,-1.4235999584198
E000V00125,-72.261,-39.196,0.981899976730347,1.17170000076294,0.642300009727478,0.6564000248909,0.672599971294403,0.867200016975403,0.917999982833862,0.767700016498566
E000V00119,-71.868,-39.262,0.809800028800964,1.00129997730255,0.643400013446808,0.848599970340729,0.253800004720688,0.458099991083145,0.761600017547607,0.123000003397465
E000V00123,-71.926,-39.289,0.964800000190735,1.08770000934601,0.33840000629425,0.350699990987778,-0.186000004410744,0.00980000011622906,0.151600003242493,-0.194000005722046
E000V00189,-72.55,-39.373,1.05499994754791,0.783100008964539,-0.215100005269051,-0.409999996423721,0.137199997901917,0.465700000524521,0.813899993896484,0.84909999370575
E000V00190,-73.177,-39.39,0.427100002765656,0.383300006389618,-0.232700005173683,-0.336600005626678,-0.243599995970726,0.228900000452995,-0.50789999961853,-1.71720004081726
E000V00131,-72.95,-39.632,0.314300000667572,0.333000004291534,-0.446999996900558,-0.637099981307983,-0.543099999427795,-0.355300009250641,-0.88400000333786,-1.85080003738403
E000390006,-73.087,-39.657,0.314300000667572,0.333000004291534,-0.446999996900558,-0.637099981307983,-0.543099999427795,-0.355300009250641,-0.88400000333786,-1.85080003738403
E000V00130,-72.501,-39.863,1.05260002613068,1.15869998931885,-0.176300004124641,-0.636399984359741,-0.683600008487701,-0.575299978256226,-0.418900012969971,-0.515500009059906
E000V00191,-71.91,-39.88,0.341100007295609,0.235200002789497,0.0124000003561378,0.356000006198883,-0.659799993038177,-0.110699996352196,-0.270999997854233,-0.217099994421005
E000V00132,-72.927,-40.096,0.932900011539459,0.480100005865097,-0.388300001621246,-0.667500019073486,-0.726300001144409,-0.526400029659271,-1.29830002784729,-1.71290004253387
E000V00134,-72.415,-40.134,-0.0810000002384186,-0.0201999992132187,-0.479499995708466,-0.174199998378754,-0.0812999978661537,0.331499993801117,0.689499974250793,0.820599973201752
E000V00193,-73.647,-40.168,-0.703499972820282,-2.05999994277954,-3.24589991569519,-2.77509999275208,-1.9543000459671,-1.24399995803833,-1.31070005893707,-1.30069994926453
E000V00133,-73.024,-40.317,0.797100007534027,0.448900014162064,-0.957300007343292,-1.41209995746613,-1.47660005092621,-1.37569999694824,-2.10089993476868,-2.22950005531311
E000V00135,-72.979,-40.323,0.797100007534027,0.448900014162064,-0.957300007343292,-1.41209995746613,-1.47660005092621,-1.37569999694824,-2.10089993476868,-2.22950005531311
E000V00139,-73.308,-40.348,0.573800027370453,0.373199999332428,-0.644500017166138,-1.0592999458313,-0.791299998760223,0.012699999846518,-0.790199995040894,-0.838800013065338
E000V00192,-72,-40.52,0.499399989843369,0.500500023365021,0.0848999992012978,0.119000002741814,-0.423900008201599,-0.37610000371933,-0.68010002374649,-0.860099971294403
E000400009,-73.058,-40.614,0.129099994897842,-0.255800008773804,-1.24580001831055,-1.60380005836487,-1.76310002803802,-1.69710004329681,-2.11290001869202,-2.0576000213623
E000V00194,-72.116,-40.623,0.499399989843369,0.500500023365021,0.0848999992012978,0.119000002741814,-0.423900008201599,-0.37610000371933,-0.68010002374649,-0.860099971294403
E000V00136,-73.152,-40.765,1.17509996891022,0.424299985170364,-0.521600008010864,-1.16439998149872,-1.34500002861023,-1.16279995441437,-1.50479996204376,-1.45280003547668
E000V00138,-73.157,-40.861,1.17509996891022,0.424299985170364,-0.521600008010864,-1.16439998149872,-1.34500002861023,-1.16279995441437,-1.50479996204376,-1.45280003547668
E000V00195,-73.815,-40.873,1.09270000457764,0.530499994754791,0.275599986314774,-0.116499997675419,-0.138199999928474,0.392300009727478,0.0406999997794628,0.218299999833107
E000V00137,-72.886,-40.957,1.38090002536774,0.720399975776672,0.00100000004749745,-0.570900022983551,-0.826499998569489,-0.605099976062775,-0.876299977302551,-0.922100007534027
E000V00142,-73.377,-41.115,0.0970999971032143,-0.236800000071526,-0.282599985599518,-0.7810999751091,-0.974799990653992,-0.892000019550323,-1.61650002002716,-1.46070003509521
E000V00197,-72.339,-41.142,-0.067100003361702,-0.190599992871284,-0.453500002622604,-0.616199970245361,-1.45930004119873,-0.393599987030029,-0.481499999761581,-0.667900025844574
E000V00143,-73.009,-41.259,0.794000029563904,0.142000004649162,-0.129199996590614,-0.795400023460388,-0.952000021934509,-0.699000000953674,-1.0813000202179,-0.87720000743866
E000V00196,-73.809,-41.359,0.332199990749359,-0.829999983310699,-0.0303000006824732,-0.364800006151199,-0.376700013875961,-0.330900013446808,-1.31239998340607,-1.33759999275208
E000410005,-73.096,-41.448,2.41449999809265,1.99769997596741,1.65919995307922,0.892799973487854,0.360599994659424,1.02209997177124,1.02149999141693,0.744199991226196
E000V00198,-72.275,-41.579,0.708999991416931,0.676800012588501,0.47299998998642,-0.183300003409386,-0.86599999666214,-0.190699994564056,-0.441300004720688,-0.928099989891052
E000V00144,-73.672,-41.71,-0.00410000002011657,-0.310400009155273,-0.775200009346008,-0.782899975776672,-0.887700021266937,-0.610000014305115,-1.54240000247955,-1.41040003299713
E000V00140,-72.435,-41.938,0.0731000006198883,-0.212699994444847,-0.281300008296967,-0.00439999997615814,-0.517400026321411,-0.230800002813339,-0.124700002372265,-0.208000004291534
E000V00141,-71.865,-42.075,0.0546000003814697,0.207100003957748,-0.31470000743866,-0.158399999141693,-1.18949997425079,-1.26219999790192,-1.24290001392365,-1.30060005187988
E000V00151,-72.417,-42.1,0.0731000006198883,-0.212699994444847,-0.281300008296967,-0.00439999997615814,-0.517400026321411,-0.230800002813339,-0.124700002372265,-0.208000004291534
E000V00149,-73.49,-42.157,0.962400019168854,0.603200018405914,0.0636999979615211,-0.188400000333786,-0.120600000023842,-0.0926000028848648,-0.00359999993816018,0.585799992084503
E000V00199,-74.078,-42.285,0.876800000667572,-0.118900001049042,-0.36259999871254,-0.181999996304512,0.156499996781349,0.62830001115799,0.397700011730194,0.661899983882904
E000V00201,-72.663,-42.355,0.735700011253357,0.354299992322922,0.441300004720688,0.249099999666214,-0.185499995946884,-1.25859999656677,-0.554099977016449,-0.541000008583069
E000V00147,-73.568,-42.404,-0.110399998724461,-1.61899995803833,-0.397000014781952,-0.109600000083447,-0.228249713778496,0.0857566371560097,0.0548318400979042,0.799799978733063
E000V00148,-73.633,-42.583,0.745700001716614,-0.43520000576973,-0.961700022220612,-0.352999985218048,-0.028999999165535,0.726899981498718,0.505599975585938,0.560599982738495
E000V00146,-73.789,-42.704,0.482199996709824,-0.711600005626678,-0.351300001144409,0,0.294400006532669,0.81029999256134,0.132599994540215,0.447100013494492
E000V00145,-72.717,-42.883,-0.500199973583221,-1.19570004940033,-1.47990000247955,-0.795000016689301,-0.609899997711182,-0.432900011539459,-0.0872000008821487,-0.0059000002220273
E000430002,-71.852,-43.189,0.929700016975403,1.67139995098114,1.17999994754791,1.32019996643066,0.895399987697601,1.44430005550385,1.35500001907349,1.55390000343323
E000V00200,-74.295,-43.208,0.466199994087219,-0.135900005698204,-0.704299986362457,-0.117200002074242,-0.312000006437302,0.323300004005432,0.46560001373291,0.531799972057343
E000V00202,-72.85,-43.364,-0.467799991369247,-0.776199996471405,-0.591499984264374,-0.404100000858307,-0.801100015640259,-0.430200010538101,-0.227099999785423,0.00350000010803342
E000V00150,-72.126,-43.474,-0.291700005531311,0.187399998307228,0.103299997746944,0.300000011920929,-0.904799997806549,-1.18889999389648,-0.876699984073639,-1.02680003643036
E000430004,-71.801,-43.612,0.950200021266937,1.66439998149872,0.601499974727631,0.612900018692017,-0.278299987316132,0.768400013446808,0.642199993133545,0.685100018978119
E000V00153,-73.74,-43.89,-0.168221116065979,-0.558713674545288,-0.532422602176666,-0.236556321382523,-0.317104309797287,0.0153364539146423,0.0207876972854137,-0.140745088458061
E000V00152,-72.387,-43.917,0.0649999976158142,-0.464100003242493,-0.546700000762939,-0.468300014734268,-1.05250000953674,-0.498100012540817,-0.599500000476837,-0.573199987411499
E000V00154,-71.847,-44.24,0.758899986743927,1.28310000896454,1.28970003128052,1.48749995231628,0.473199993371964,0.20160000026226,0.406199991703033,0.509700000286102
E000V00203,-73.097,-44.729,-1.02020001411438,-0.816299974918365,-0.794799983501434,-0.833599984645844,-1.6550999879837,-2.13010001182556,-1.50310003757477,-1.60669994354248
E000450001,-72.677,-45.399,0.643800020217896,0.685000002384186,0.304199993610382,0.734600007534027,0.822899997234344,0.760599970817566,0.603999972343445,0.633499979972839
E000450004,-72.102,-45.591,0.569500029087067,0.496899992227554,0.0509000010788441,0.19140000641346,-0.088299997150898,0.0417000018060207,0.125300005078316,0.0184000004082918
E000450005,-71.678,-45.918,0.576799988746643,-0.227599993348122,-0.78710001707077,-0.696099996566772,-0.839699983596802,-1.16340005397797,-1.10500001907349,-0.862299978733063
E000V00157,-71.941,-46.278,-0.414099991321564,-1.22150003910065,-1.52369999885559,-1.40900003910065,-1.22850000858307,-1.54779994487762,-1.51740002632141,-1.3779000043869
E000V00205,-74.778,-46.355,-0.00279999990016222,-1.85459995269775,-1.68229997158051,-2.02270007133484,-1.91359996795654,-0.946099996566772,-1.50080001354218,-1.58689999580383
E000V00204,-73.336,-46.569,-0.445800006389618,-0.476099997758865,-0.95550000667572,-0.645299971103668,-0.0296000000089407,0.205799996852875,0.59469997882843,0.392800003290176
E000460001,-71.685,-46.585,0.63239997625351,-0.00939999986439943,-0.583700001239777,-0.811100006103516,-1.1414999961853,-1.16129994392395,-0.980000019073486,-1.33700001239777
E000470001,-72.583,-47.244,-0.458200007677078,-1.16630005836487,-1.22759997844696,-1.79359996318817,-1.38580000400543,-0.733799993991852,-0.229399994015694,-0.393099993467331
E000V00156,-73.536,-47.8,-2.66510009765625,-1.96150004863739,-2.15619993209839,-2.41499996185303,-2.00040006637573,-1.41600000858307,-1.43990004062653,-1.51569998264313
E000V00155,-72.56,-48.471,-1.7824000120163,-0.813700020313263,-0.82779997587204,-0.770799994468689,-0.231199994683266,0.0094999996945262,-0.268599987030029,-0.991299986839294
E000V00206,-73.941,-48.958,-0.829259276390076,-0.563523232936859,-0.59600442647934,-0.449140995740891,-0.270162761211395,0.0361853763461113,-0.030346741899848,-0.0649181976914406
E000V00207,-73.57,-51.07,-0.245600000023842,-0.320499986410141,-0.362899988889694,0.0234999991953373,0.212899997830391,1.35790002346039,1.20009994506836,1.03919994831085
E000V00158,-72.967,-51.184,-0.19310000538826,-0.289900004863739,-1.46730005741119,-1.87810003757477,-1.87380003929138,-1.957200050354,-2.23399996757507,-1.89869999885559
E000V00159,-71.164,-52.309,-1.71700000762939,-2.35549998283386,-3.27080011367798,-3.37420010566711,-2.92030000686646,-2.47939991950989,-2.61660003662109,-2.32680010795593
E000V00161,-70.361,-52.432,-1.63510000705719,-1.86590003967285,-2.51869988441467,-3.15879988670349,-2.99009990692139,-2.70070004463196,-2.86120009422302,-2.31909990310669
E000V00160,-71.505,-52.601,-3.1686999797821,-3.39739990234375,-3.89439988136292,-3.74850010871887,-3.41759991645813,-2.82940006256104,-2.59330010414124,-2.24239993095398
E000V00162,-69.27,-52.8,-1.80239999294281,-2.48970007896423,-2.65779995918274,-2.70120000839233,-2.44639992713928,-2.37569999694824,-2.87800002098083,-1.62629997730255
E000520006,-70.839,-53.002,-2.31170010566711,-2.11570000648499,-2.83579993247986,-3.01939988136292,-2.82470011711121,-2.80019998550415,-2.48149991035461,-1.96410000324249
E000530005,-70.326,-53.254,-1.980299949646,-2.12639999389648,-2.01060009002686,-2.19269990921021,-2.22569990158081,-2.30080008506775,-2.02449989318848,-1.38900005817413
E000V00208,-71.38,-53.8,-0.388799995183945,-1.04739999771118,-1.54320001602173,-1.55579996109009,-0.60259997844696,-0.180299997329712,-0.534200012683868,-0.908500015735626
E000V00163,-68.804,-54.051,-0.43419998884201,-0.863900005817413,-1.82650005817413,-2.36400008201599,-1.79349994659424,-1.28890001773834,-1.4070999622345,-0.394899994134903
E000550001,-67.616,-54.932,-0.69539999961853,-0.062100000679493,-0.826200008392334,-0.512700021266937,-0.207000002264977,0.221900001168251,0.220899999141693,0.065700002014637
