Estacion,Lat,Lon,meses:1,3,6,9,12,24,36,48
E000V00003,-69.478,-17.595,0.700299978256226,1.13839995861053,-0.70880001783371,-0.727199971675873,-0.588599979877472,0.864199995994568,1.12919998168945,1.66209995746613
E000V00002,-69.554,-18.197,1.18560004234314,1.32340002059937,0.551999986171722,0.279199987649918,0.270399987697601,1.00709998607635,1.38429999351501,1.61640000343323
E000180005,-70.34,-18.356,0.478300005197525,0.663999974727631,0.422600001096725,0.36269998550415,0.231099992990494,0.44310000538826,0.882700026035309,1.25919997692108
E000V00001,-69.857,-19.011,1.15110003948212,1.20420002937317,1.02450001239777,0.904999971389771,0.800899982452393,0.889999985694885,1.16250002384186,1.40020000934601
E000V00006,-68.638,-19.276,0.112899996340275,0.242500007152557,0.0355000011622906,0.0711999982595444,0.322400003671646,0.641700029373169,0.962499976158142,1.46949994564056
E000V00005,-69.427,-19.313,0.114500001072884,1.30359995365143,1.32400000095367,1.06879997253418,0.974900007247925,0.953100025653839,1.45879995822906,1.76839995384216
E000V00007,-69.767,-19.996,0.297300010919571,0.418000012636185,0.129299998283386,0.202399998903275,0.142900004982948,0.206799998879433,0.613200008869171,1.27699995040894
E000V00004,-70.117,-20.25,1.41989994049072,1.32980000972748,1.1311000585556,1.06630003452301,1.03120005130768,1.27849996089935,1.55250000953674,1.58889997005463
E000V00008,-69.342,-20.501,1.08290004730225,0.892300009727478,0.749499976634979,0.804400026798248,0.797399997711182,1.10060000419617,1.4452999830246,1.61370003223419
E000200006,-70.181,-20.549,0.926599979400635,0.635800004005432,0.283199995756149,0.160300001502037,0.276300013065338,0.644299983978271,1.11699998378754,1.36419999599457
E000V00011,-68.255,-21.224,-1.50179994106293,-1.89300000667572,-1.5628000497818,-1.65110003948212,-1.52180004119873,-0.927799999713898,-0.906000018119812,-0.559099972248077
E000V00013,-70.2,-22.091,0.72790002822876,0.911300003528595,0.841899991035461,0.834500014781952,0.89520001411438,1.21039998531342,1.65009999275208,1.75069999694824
E000V00014,-69.666,-22.35,0.598800003528595,0.449200004339218,0.382299989461899,0.347000002861023,0.423900008201599,0.800499975681305,1.09990000724792,1.22329998016357
E000220002,-68.892,-22.498,1.02499997615814,0.967700004577637,0.824899971485138,0.76230001449585,0.753000020980835,1.07309997081757,1.30309998989105,1.50619995594025
E000V00009,-69.32,-22.892,0.301699995994568,0.455799996852875,0.372000008821487,0.253699988126755,0.3091000020504,0.994400024414062,1.10150003433228,1.19229996204376
E000V00012,-68.213,-22.932,0.66619998216629,0.720600008964539,0.275400012731552,0.306800007820129,0.353899985551834,0.530499994754791,1.02909994125366,1.26760005950928
E000230001,-70.445,-23.454,-1.42659997940063,-1.57480001449585,-1.62059998512268,-1.50399994850159,-1.47000002861023,-0.905200004577637,-0.383300006389618,0.0364000014960766
E000V00166,-67.44,-23.6,1.80239999294281,1.50300002098083,1.11510002613068,0.78600001335144,0.773999989032745,0.88620001077652,1.17229998111725,1.44620001316071
E000V00165,-68.57,-23.94,0.758099973201752,0.988399982452393,0.829900026321411,0.480199992656708,0.322400003671646,0.517099976539612,0.770399987697601,1.12829995155334
E000V00164,-69.69,-24.51,-1.11810004711151,-1.13839995861053,-1.75960004329681,-2.08789992332458,-2.10199999809265,-1.63479995727539,-1.41209995746613,-0.900799989700317
E000V00167,-69.3,-25,0.625699996948242,0.66619998216629,0.36259999871254,0.0939000025391579,0.175899997353554,0.64709997177124,0.896200001239777,1.14769995212555
E000V00010,-70.484,-25.411,0.0700000002980232,0.221699997782707,0.342400014400482,0.146799996495247,0.277099996805191,0.460500001907349,0.107100002467632,0.213799998164177
E000V00168,-69.27,-25.7,1.22140002250671,1.32369995117188,1.14979994297028,1.03369998931885,0.955699980258942,1.36730003356934,1.75989997386932,2.10269999504089
E000V00169,-68.99,-26.25,1.10339999198914,0.978100001811981,1.16760003566742,0.933200001716614,0.442799985408783,0.7742999792099,1.51779997348785,1.89950001239777
E000V00016,-70.611,-26.332,-0.931299984455109,-0.770600020885468,-0.624199986457825,-0.735499978065491,-0.423200011253357,0.576399981975555,0.0206000003963709,0.284000009298325
E000V00017,-70.046,-26.391,0.543600022792816,0.659799993038177,0.63289999961853,0.472400009632111,0.462599992752075,0.700100004673004,0.58789998292923,0.680999994277954
E000V00170,-69.33,-27.07,0.796500027179718,1.11790001392365,1.3717999458313,1.17299997806549,1.35839998722076,0.79830002784729,1.5813000202179,2.06439995765686
E000270008,-70.781,-27.254,-0.143099993467331,-0.0335999988019466,-0.0513000003993511,-0.0966999977827072,-0.0810000002384186,0.282400012016296,0.229499995708466,0.277399986982346
E000270009,-70.353,-27.359,0.093299999833107,0.192900002002716,0.180399999022484,0.0430000014603138,0.0353999994695187,0.245600000023842,0.332100003957748,0.466399997472763
E000V00171,-69.81,-27.98,1.06299996376038,1.34099996089935,1.32519996166229,0.863099992275238,0.0837000012397766,0.442499995231628,1.06719994544983,1.55620002746582
E000V00019,-71.225,-28.463,0.958999991416931,1.97689998149872,2.30410003662109,2.44519996643066,1.77040004730225,0.922800004482269,0.621200025081635,0.425900012254715
E000V00018,-70.449,-28.768,0.991699993610382,1.34449994564056,1.38170003890991,1.22140002250671,0.626900017261505,0.0837000012397766,0.0513999983668327,0.18469999730587
E000V00015,-70,-28.976,0.934599995613098,1.3099000453949,1.36670005321503,0.691699981689453,0.18189999461174,0.524399995803833,0.853500008583069,1.41559994220734
E000V00021,-71.116,-29.372,0.547999978065491,0.866199970245361,1.10440003871918,1.2717000246048,0.850600004196167,0.0461000017821789,-0.0668999999761581,-0.10809999704361
E000290004,-71.207,-29.914,-0.10700000077486,0.170300006866455,0.297500014305115,0.449200004339218,0.188899993896484,-0.63129997253418,-0.713900029659271,-0.930800020694733
E000V00022,-70.721,-30.031,0.633499979972839,0.957400023937225,0.9757000207901,0.655200004577637,0.0742999985814095,0.813300013542175,1.4021999835968,1.74049997329712
E000V00020,-71.082,-30.234,-0.0943000018596649,-0.0817999988794327,-0.0612000003457069,0.0375999994575977,-0.252900004386902,-1.06789994239807,-1.03320002555847,-1.30750000476837
E000V00172,-71.72,-30.38,-0.529600024223328,-0.267300009727478,0.0974999964237213,0.54830002784729,0.203299999237061,-1.16079998016357,-1.06140005588531,-1.86080002784729
E000V00027,-70.937,-30.746,-0.090999998152256,-0.263300001621246,-0.339199990034103,-0.188999995589256,-0.624400019645691,-1.66470003128052,-1.81420004367828,-2.26410007476807
E000V00028,-71.256,-30.838,-0.204799994826317,0.0939000025391579,0.242400005459785,0.401399999856949,0.139500007033348,-0.9689000248909,-1.1418000459671,-1.73249995708466
E000V00026,-70.999,-31.188,-0.130999997258186,-0.152799993753433,-0.240299999713898,-0.260500013828278,-0.753099977970123,-1.79200005531311,-1.8934999704361,-2.41219997406006
E000V00024,-71.413,-31.39,-0.363400012254715,0.128299996256828,0.294999986886978,0.54449999332428,0.180299997329712,-1.14989995956421,-1.10339999198914,-1.91639995574951
E000V00023,-71.152,-31.633,-0.596199989318848,-0.152500003576279,-0.0474000014364719,0.115500003099442,-0.198100000619888,-1.34539997577667,-1.33270001411438,-2.02020001411438
E000V00025,-70.97,-31.783,0.595600008964539,0.865299999713898,0.726999998092651,0.553799986839294,0.20440000295639,0.115000002086163,-0.349400013685226,-0.528400003910065
E000320019,-70.707,-32.076,0.892199993133545,0.830399990081787,0.94980001449585,0.521399974822998,-0.467799991369247,0.84060001373291,1.05569994449615,1.49759995937347
E000V00035,-70.926,-32.251,-0.493800014257431,-0.289799988269806,-0.26120001077652,-0.370299994945526,-0.741800010204315,-1.62279999256134,-1.56819999217987,-2.1350998878479
E000V00174,-70.464,-32.343,0.806800007820129,0.961700022220612,0.973599970340729,0.535300016403198,-0.176100000739098,1.26479995250702,1.42960000038147,1.45220005512238
E000V00033,-70.819,-32.362,0.684300005435944,0.626500010490417,0.82370001077652,0.400599986314774,0.527899980545044,0.812699973583221,1.26030004024506,1.15369999408722
E000V00034,-71.441,-32.505,-1.2179000377655,-1.08319997787476,-0.929899990558624,-0.611000001430511,-0.818700015544891,-1.75820004940033,-1.48370003700256,-2.09349989891052
E000V00175,-71.014,-32.54,0.0712999999523163,0.146200001239777,-0.0412999987602234,-0.308400005102158,-1.0819000005722,-1.37689995765686,-1.27690005302429,-1.75530004501343
E000V00041,-70.725,-32.594,1.04089999198914,0.810699999332428,0.774500012397766,0.232199996709824,0.0447000004351139,0.726599991321564,-0.0505999997258186,-0.0406999997794628
E000V00176,-70.368,-32.618,0.426899999380112,-0.301099985837936,-1.27900004386902,-1.83080005645752,-2.61030006408691,-2.29159998893738,-2.35540008544922,-2.34759998321533
E000V00040,-70.809,-32.757,1.08239996433258,1.14730000495911,1.11940002441406,0.315100014209747,-0.801400005817413,-1.14160001277924,-1.42449998855591,-1.61510002613068
E000V00031,-71.526,-32.789,-1.76250004768372,-1.72269999980927,-1.67120003700256,-1.26230001449585,-1.26989996433258,-2.20009994506836,-1.92349994182587,-2.59369993209839
E000V00037,-71.173,-32.79,-1.35800004005432,-1.20659995079041,-1.10259997844696,-0.888499975204468,-0.951099991798401,-1.77190005779266,-1.52020001411438,-2.10560011863708
E000320028,-71.227,-32.828,-1.35800004005432,-1.20659995079041,-1.10259997844696,-0.888499975204468,-0.951099991798401,-1.77190005779266,-1.52020001411438,-2.10560011863708
E000V00032,-70.382,-32.89,1.24240005016327,1.29610002040863,1.29949998855591,1.06260001659393,0.595099985599518,0.40650001168251,0.436899989843369,0.429399996995926
E000V00036,-71.207,-32.893,-1.57140004634857,-1.50680005550385,-1.46730005741119,-1.28120005130768,-1.24930000305176,-2.09050011634827,-1.94889998435974,-2.55390000343323
E000V00030,-71.517,-32.917,-1.58840000629425,-1.40110003948212,-1.22580003738403,-0.935100018978119,-1.01429998874664,-1.9970999956131,-1.94190001487732,-2.69020009040833
E000V00042,-71.261,-32.994,-1.57140004634857,-1.50680005550385,-1.46730005741119,-1.28120005130768,-1.24930000305176,-2.09050011634827,-1.94889998435974,-2.55390000343323
E000330002,-71.648,-33.023,-1.35380005836487,-1.12380003929138,-0.976199984550476,-0.584999978542328,-0.633300006389618,-2.06100010871887,-1.97099995613098,-2.80920004844666
E000330007,-71.556,-33.065,-1.58840000629425,-1.40110003948212,-1.22580003738403,-0.935100018978119,-1.01429998874664,-1.9970999956131,-1.94190001487732,-2.69020009040833
E000V00029,-71.4,-33.083,-1.58840000629425,-1.40110003948212,-1.22580003738403,-0.935100018978119,-1.01429998874664,-1.9970999956131,-1.94190001487732,-2.69020009040833
E000V00051,-70.834,-33.121,0.382499992847443,0.506900012493134,0.338200002908707,0.0225000008940697,-0.47749999165535,-0.799700021743774,-0.785199999809265,-1.14040005207062
E000V00050,-70.66,-33.147,-0.649900019168854,-0.697700023651123,-0.775499999523163,-0.823199987411499,-1.0871000289917,-1.16219997406006,-1.33369994163513,-2.05049991607666
E000V00177,-71.46,-33.23,-1.51730000972748,-1.34529995918274,-1.23420000076294,-1.08449995517731,-0.929000020027161,-1.97130000591278,-2.0025999546051,-2.8238000869751
E000V00178,-71.155,-33.287,-1.29550004005432,-1.1382999420166,-1.14240002632141,-0.865299999713898,-0.681900024414062,-1.93970000743866,-1.80949997901917,-2.47650003433228
E000V00046,-70.502,-33.353,0.919200003147125,1.042799949646,0.990499973297119,0.990599989891052,0.499399989843369,0.939400017261505,1.31749999523163,1.17379999160767
E000330021,-70.787,-33.378,0.381599992513657,0.513899981975555,-0.0142000000923872,-0.564599990844727,-0.584399998188019,-0.988600015640259,-0.629000008106232,-1.17309999465942
E000V00043,-70.733,-33.42,0.381599992513657,0.513899981975555,-0.0142000000923872,-0.564599990844727,-0.584399998188019,-0.988600015640259,-0.629000008106232,-1.17309999465942
E000V00055,-71.026,-33.439,-1.36609995365143,-1.34710001945496,-1.39069998264313,-1.10979998111725,-1.05690002441406,-1.72619998455048,-1.64390003681183,-2.22709989547729
E000V00038,-71.624,-33.439,-1.69289994239807,-1.59790003299713,-1.48810005187988,-1.24689996242523,-0.976899981498718,-1.8782000541687,-2.06699991226196,-2.73060011863708
E000330020,-70.683,-33.445,0.381599992513657,0.513899981975555,-0.0142000000923872,-0.564599990844727,-0.584399998188019,-0.988600015640259,-0.629000008106232,-1.17309999465942
E000330019,-70.549,-33.455,0.197500005364418,0.141499996185303,-0.0518000014126301,-0.231600001454353,-0.850300014019012,-0.680499970912933,-0.811699986457825,-0.9617999792099
E000V00044,-70.7,-33.467,0.381599992513657,0.513899981975555,-0.0142000000923872,-0.564599990844727,-0.584399998188019,-0.988600015640259,-0.629000008106232,-1.17309999465942
E000V00047,-70.766,-33.517,0.381599992513657,0.513899981975555,-0.0142000000923872,-0.564599990844727,-0.584399998188019,-0.988600015640259,-0.629000008106232,-1.17309999465942
E000V00039,-71.596,-33.543,-1.69289994239807,-1.59790003299713,-1.48810005187988,-1.24689996242523,-0.976899981498718,-1.8782000541687,-2.06699991226196,-2.73060011863708
E000V00045,-70.548,-33.545,0.197500005364418,0.141499996185303,-0.0518000014126301,-0.231600001454353,-0.850300014019012,-0.680499970912933,-0.811699986457825,-0.9617999792099
E000V00058,-70.902,-33.608,-1.36609995365143,-1.34710001945496,-1.39069998264313,-1.10979998111725,-1.05690002441406,-1.72619998455048,-1.64390003681183,-2.22709989547729
E000V00048,-70.567,-33.617,0.197500005364418,0.141499996185303,-0.0518000014126301,-0.231600001454353,-0.850300014019012,-0.680499970912933,-0.811699986457825,-0.9617999792099
E000330031,-78.833,-33.636,0.0375501848757267,-0.00877195503562689,-0.184926882386208,-0.211312368512154,-0.172680884599686,0.0226746834814548,0.0608089603483677,-0.0822985768318176
E000330030,-71.613,-33.656,-1.33800005912781,-1.49460005760193,-1.50600004196167,-1.255499958992,-0.887199997901917,-1.8775999546051,-1.91649997234344,-2.4475998878479
E000V00049,-70.089,-33.676,-1.40900003910065,-1.97350001335144,-1.58019995689392,-1.4970999956131,-1.23500001430511,-1.43900001049042,-1.6275999546051,-2.29959988594055
E000V00057,-71.101,-33.692,-1.58280003070831,-1.60199999809265,-1.69509994983673,-1.48230004310608,-1.30869996547699,-1.91340005397797,-1.79990005493164,-2.28430008888245
E000V00052,-70.707,-33.707,-1.31120002269745,-1.31470000743866,-1.16299998760223,-0.940599977970123,-1.3507000207901,-1.36129999160767,-1.46200001239777,-2.30399990081787
E000V00053,-70.639,-33.862,-1.31120002269745,-1.31470000743866,-1.16299998760223,-0.940599977970123,-1.3507000207901,-1.36129999160767,-1.46200001239777,-2.30399990081787
E000V00179,-70.22,-33.878,-0.0921000018715858,-0.717299997806549,-1.26090002059937,-1.49629998207092,-1.24109995365143,-1.34140002727509,-0.581399977207184,-0.988399982452393
E000V00056,-71.394,-33.941,-0.114100001752377,-0.658900022506714,-1.19140005111694,-1.22010004520416,-0.997600018978119,-1.90320003032684,-1.75629997253418,-2.3659999370575
E000V00068,-71.825,-33.959,0.410800009965897,-0.24779999256134,-0.821099996566772,-0.799300014972687,-0.564300000667572,-1.63269996643066,-1.519700050354,-2.33010005950928
E000V00064,-70.717,-33.983,-1.16349995136261,-1.40359997749329,-1.34809994697571,-1.24870002269745,-1.33140003681183,-1.43239998817444,-1.68480002880096,-2.59200000762939
E000V00054,-70.995,-34.029,-1.23510003089905,-1.34300005435944,-1.44649994373322,-1.39059996604919,-1.09940004348755,-1.73860001564026,-1.72160005569458,-2.30970001220703
E000V00059,-70.772,-34.169,-0.0728000029921532,-0.598699986934662,-0.86760002374649,-0.966000020503998,-0.56580001115799,-1.11580002307892,-1.21350002288818,-2.12310004234314
E000V00180,-70.402,-34.203,0.428600013256073,0.231499999761581,0.0890000015497208,0.0105999996885657,-0.838599979877472,-0.683399975299835,-1.04960000514984,-1.22640001773834
E000V00061,-70.997,-34.215,-0.683600008487701,-1.02030003070831,-1.28120005130768,-1.27970004081726,-1.04100000858307,-1.66700005531311,-1.84689998626709,-2.54270005226135
E000V00062,-71.3,-34.217,-0.448199987411499,-0.978200018405914,-1.28320002555847,-1.3121999502182,-1.11969995498657,-1.92509996891022,-2.0139000415802,-2.63860011100769
E000V00060,-70.948,-34.261,-0.683600008487701,-1.02030003070831,-1.28120005130768,-1.27970004081726,-1.04100000858307,-1.66700005531311,-1.84689998626709,-2.54270005226135
E000V00066,-70.812,-34.279,-0.0728000029921532,-0.598699986934662,-0.86760002374649,-0.966000020503998,-0.56580001115799,-1.11580002307892,-1.21350002288818,-2.12310004234314
E000V00065,-70.834,-34.322,-0.0728000029921532,-0.598699986934662,-0.86760002374649,-0.966000020503998,-0.56580001115799,-1.11580002307892,-1.21350002288818,-2.12310004234314
E000V00067,-72.019,-34.394,0.850899994373322,0.622900009155273,0.700900018215179,0.440200001001358,0.578800022602081,-0.34400001168251,-0.526700019836426,-1.29990005493164
E000V00063,-70.21,-34.411,1.00160002708435,0.841899991035461,0.7257000207901,0.769200026988983,0.117299996316433,0.564899981021881,0.352400004863739,0.433699995279312
E000V00071,-71.463,-34.485,-0.0522000007331371,-0.764299988746643,-1.20860004425049,-1.28550004959106,-1.18959999084473,-1.59350001811981,-1.8691999912262,-2.5246000289917
E000V00069,-71.898,-34.645,0.779100000858307,0.308999985456467,0.310900002717972,0.0996000021696091,0.50330001115799,-0.38629999756813,-0.570900022983551,-1.25440001487732
E000V00072,-71.4,-34.691,0.705099999904633,0.228400006890297,-0.806800007820129,-0.929099977016449,-0.74099999666214,-1.5463000535965,-1.50890004634857,-2.4300000667572
E000V00070,-71.63,-34.714,0.671700000762939,0.147400006651878,-0.683899998664856,-0.576300024986267,-0.135900005698204,-0.902100026607513,-1.01289999485016,-2.041100025177
E000340044,-71.02,-34.721,-0.810999989509583,-1.22430002689362,-1.35249996185303,-1.28600001335144,-1.0945999622345,-1.54340004920959,-1.97819995880127,-2.68969988822937
E000V00181,-70.52,-34.781,0.486699998378754,0.399199992418289,0.365000009536743,0.323599994182587,0.386999994516373,-0.0522000007331371,1.80910003185272,1.51450002193451
E000V00086,-72.026,-34.855,0.779100000858307,0.308999985456467,0.310900002717972,0.0996000021696091,0.50330001115799,-0.38629999756813,-0.570900022983551,-1.25440001487732
E000V00084,-71.125,-34.96,-1.33290004730225,-1.1085000038147,-1.25759994983673,-1.26800000667572,-0.800899982452393,-1.47780001163483,-1.61909997463226,-2.0896999835968
E000V00083,-71.832,-34.968,0.570999979972839,0.00150000001303852,-0.683499991893768,-0.507099986076355,0.0428999997675419,-0.625199973583221,-0.81139999628067,-1.76520001888275
E000340031,-71.217,-34.969,-0.878799974918365,-1.16349995136261,-1.53659999370575,-1.55320000648499,-1.21770000457764,-1.56359994411469,-1.84119999408722,-2.61789989471436
E000V00085,-70.811,-35,0.0361000001430511,-0.379700005054474,-0.897499978542328,-0.935400009155273,-0.909600019454956,-1.16589999198914,0.70550000667572,0.0445000007748604
E000V00076,-71.956,-35.128,0.313499987125397,0.0329999998211861,0.0825999975204468,0.0151000004261732,0.226999998092651,-0.00289999996311963,-0.255899995565414,-0.981400012969971
E000V00182,-70.83,-35.398,0.326400011777878,-0.0463000014424324,-0.0822999998927116,0.168099999427795,0.829699993133545,0.544399976730347,1.666100025177,0.423700004816055
E000V00079,-71.467,-35.419,-0.877799987792969,-1.36710000038147,-1.64170002937317,-1.64559996128082,-1.49479997158051,-1.83060002326965,-1.94690001010895,-2.60450005531311
E000V00078,-71.7,-35.533,0.0247000008821487,-0.713199973106384,-1.24829995632172,-1.03989994525909,-0.667100012302399,-0.939199984073639,-0.628400027751923,-1.49049997329712
E000V00074,-71.454,-35.663,-2.0896999835968,-1.92550003528595,-2.18070006370544,-2.21659994125366,-2.02870011329651,-1.95379996299744,-2.59330010414124,-2.99000000953674
E000V00077,-72.082,-35.672,0.336699992418289,-0.494700014591217,-1.0271999835968,-1.00999999046326,-0.618300020694733,-0.474900007247925,-0.219699993729591,-0.765399992465973
E000V00080,-71.062,-35.699,0.860599994659424,0.515399992465973,-0.0549000017344952,-0.283600002527237,0.240600004792213,-0.332399994134903,-0.0835999995470047,-0.797500014305115
E000V00081,-72.511,-35.707,0.943099975585938,0.635900020599365,0.537500023841858,0.456000000238419,0.515699982643127,0.212799996137619,-0.102399997413158,-0.521499991416931
E000V00075,-71.631,-35.753,-0.139799997210503,-1.15299999713898,-1.43939995765686,-1.38429999351501,-1.27660000324249,-1.55330002307892,-1.39069998264313,-2.17650008201599
E000V00082,-72.587,-35.836,0.943099975585938,0.635900020599365,0.537500023841858,0.456000000238419,0.515699982643127,0.212799996137619,-0.102399997413158,-0.521499991416931
E000V00183,-71.05,-36.06,-0.162400007247925,-0.475100010633469,-0.427300006151199,-0.152700006961823,-0.490500003099442,-0.0854000002145767,1.30719995498657,1.15260004997253
E000V00087,-72.783,-36.133,0.101099997758865,-0.671199977397919,-0.814499974250793,-0.989099979400635,-0.661199986934662,-0.430999994277954,-0.347499996423721,-0.533200025558472
E000V00073,-71.548,-36.257,-0.206599995493889,-0.875999987125397,-1.49899995326996,-1.58510005474091,-0.821099996566772,-0.54830002784729,-0.891600012779236,-0.869199991226196
E000V00091,-71.9,-36.292,-0.263700008392334,-1.10389995574951,-1.80869996547699,-1.64069998264313,-1.42170000076294,-1.73689997196198,-1.51160001754761,-2.1308000087738
E000V00090,-72.64,-36.43,0.0577000007033348,-0.532700002193451,-0.561900019645691,-0.93860000371933,-0.651099979877472,-0.491499990224838,-0.452600002288818,-0.547999978065491
E000V00088,-72.699,-36.492,0.0577000007033348,-0.532700002193451,-0.561900019645691,-0.93860000371933,-0.651099979877472,-0.491499990224838,-0.452600002288818,-0.547999978065491
E000V00092,-71.549,-36.56,-0.210099995136261,-0.601300001144409,-1.20159995555878,-1.16069996356964,0.199100002646446,0.211799994111061,0.199599996209145,0.357600003480911
E000360011,-72.037,-36.586,-0.495599985122681,-0.85369998216629,-1.18379998207092,-1.02009999752045,-0.874499976634979,-1.30449998378754,-1.02890002727509,-1.51300001144409
E000V00089,-72.603,-36.625,0.252600014209747,-1.16559994220734,-1.7305999994278,-1.72309994697571,-1.28030002117157,-1.27660000324249,-0.658800005912781,-0.911899983882904
E000V00099,-72.965,-36.672,-0.193900004029274,-0.722599983215332,-0.58160001039505,-0.541999995708466,-0.177000001072884,0.113600000739098,0.267399996519089,0.386799991130829
E000V00096,-72.704,-36.697,-0.412999987602234,-0.989099979400635,-0.77700001001358,-0.750699996948242,-0.224399998784065,0.258100003004074,0.468199998140335,0.528599977493286
E000V00098,-72.983,-36.733,-0.193900004029274,-0.722599983215332,-0.58160001039505,-0.541999995708466,-0.177000001072884,0.113600000739098,0.267399996519089,0.386799991130829
E000360019,-73.066,-36.781,-0.193900004029274,-0.722599983215332,-0.58160001039505,-0.541999995708466,-0.177000001072884,0.113600000739098,0.267399996519089,0.386799991130829
E000V00184,-71.5,-36.88,0.380699992179871,-0.164000004529953,-0.976599991321564,-1.09979999065399,-0.236300006508827,-0.5935999751091,-0.63129997253418,-0.684700012207031
E000V00093,-72.099,-36.977,0.673500001430511,-0.922399997711182,-1.25399994850159,-0.932500004768372,-0.322299987077713,0.249899998307228,0.136700004339218,0.202500000596046
E000V00095,-73.14,-37.005,-3.68869996070862,-4.26719999313354,-4.13479995727539,-3.79579997062683,-3.59360003471375,-3.15370011329651,-2.96339988708496,-2.98650002479553
E000V00106,-72.403,-37.035,-1.55560004711151,-1.95000004768372,-2.38089990615845,-2.37120008468628,-2.37930011749268,-2.70230007171631,-2.67600011825562,-3.2658998966217
E000V00097,-73.155,-37.092,-3.68869996070862,-4.26719999313354,-4.13479995727539,-3.79579997062683,-3.59360003471375,-3.15370011329651,-2.96339988708496,-2.98650002479553
E000V00105,-71.245,-37.111,0.40149998664856,0.276600003242493,-0.119300000369549,-0.25789999961853,-0.621100008487701,-0.607500016689301,-0.554000020027161,-0.456000000238419
E000V00094,-72.012,-37.141,0.398299992084503,-0.923600018024445,-1.5217000246048,-1.50929999351501,-0.885699987411499,-0.0996000021696091,-0.529900014400482,-0.172600001096725
E000V00108,-72.946,-37.167,-0.819199979305267,-1.35029995441437,-1.65050005912781,-1.49489998817444,-0.904999971389771,-0.637799978256226,-0.37389999628067,-0.431600004434586
E000V00107,-72.328,-37.213,-1.27009999752045,-1.39139997959137,-1.55680000782013,-1.17920005321503,-0.696399986743927,-0.608299970626831,-0.261999994516373,-0.338800013065338
E000V00111,-71.949,-37.293,0.398299992084503,-0.923600018024445,-1.5217000246048,-1.50929999351501,-0.885699987411499,-0.0996000021696091,-0.529900014400482,-0.172600001096725
E000V00100,-73.437,-37.305,-1.8668999671936,-1.85300004482269,-1.94749999046326,-1.50250005722046,-1.58469998836517,-1.46370005607605,-1.39989995956421,-1.42050004005432
E000V00185,-71.566,-37.323,0.473399996757507,0.168099999427795,-0.957199990749359,-1.23940002918243,-1.67330002784729,-1.17770004272461,-0.838299989700317,-1.59519994258881
E000370033,-72.424,-37.397,-3.07920002937317,-2.75359988212585,-2.65229988098145,-2.53500008583069,-2.31539988517761,-2.00119996070862,-1.52419996261597,-1.57539999485016
E000V00186,-72.83,-37.418,-1.77699995040894,-1.77380001544952,-1.83239996433258,-1.50349998474121,-1.45150005817413,-1.90069997310638,-1.58800005912781,-1.82509994506836
E000V00103,-73.33,-37.485,-3.28949999809265,-2.69799995422363,-2.38389992713928,-1.87440001964569,-1.5654000043869,-0.902499973773956,-0.774600028991699,-0.580299973487854
E000V00110,-71.875,-37.536,0.39300000667572,-0.398000001907349,-1.47669994831085,-1.65649998188019,-0.828000009059906,-0.408699989318848,-0.455599993467331,-0.677900016307831
E000V00104,-73.462,-37.627,-1.88719999790192,-2.20280003547668,-1.66840004920959,-0.958199977874756,-0.573199987411499,0.124300003051758,0.411100000143051,0.686500012874603
E000V00109,-72.007,-37.685,-0.86710000038147,-1.65240001678467,-2.02519989013672,-2.16630005836487,-1.3614000082016,-0.386900007724762,-0.44310000538826,-0.277200013399124
E000V00116,-72.605,-37.726,-2.87879991531372,-2.92759990692139,-2.62319993972778,-2.56660008430481,-2.5806999206543,-2.8092999458313,-2.71600008010864,-2.91459989547729
E000V00101,-73.412,-37.892,-0.017400000244379,0.0804999992251396,0.0824000015854836,0.548099994659424,0.682699978351593,0.758000016212463,0.723299980163574,0.803799986839294
E000V00102,-73.097,-37.95,-3.74850010871887,-3.72270011901855,-3.55550003051758,-3.19370007514954,-3.36209988594055,-3.13560009002686,-3.3018000125885,-3.50230002403259
E000V00112,-71.435,-38.057,0.407099992036819,-0.12780000269413,-0.913299977779388,-0.728799998760223,-0.920000016689301,-0.273999989032745,-0.0948999971151352,-0.290100008249283
E000V00114,-72.298,-38.146,-1.08249998092651,-1.3643000125885,-1.10679996013641,-0.368000000715256,-0.381199985742569,0.118199996650219,0.211400002241135,0.317099988460541
E000V00117,-72.273,-38.228,-1.08249998092651,-1.3643000125885,-1.10679996013641,-0.368000000715256,-0.381199985742569,0.118199996650219,0.211400002241135,0.317099988460541
E000V00113,-71.233,-38.25,0.0132999997586012,-0.591300010681152,-0.869799971580505,-0.55129998922348,-1.19149994850159,-1.18110001087189,-1.28380000591278,-1.10580003261566
E000V00188,-72.956,-38.207,-1.84029996395111,-2.09340000152588,-2.18829989433289,-2.21110010147095,-2.38949990272522,-2.36649990081787,-2.66910004615784,-3.04719996452332
E000V00187,-71.75,-38.414,0.293300002813339,-0.34400001168251,-1.29340004920959,-1.12699997425079,-1.35300004482269,-0.283199995756149,-0.600799977779388,-0.45100000500679
E000V00121,-72.399,-38.435,-1.23590004444122,-0.862999975681305,-0.555899977684021,-0.0864000022411346,0.256599992513657,0.717499971389771,0.753600001335144,0.578700006008148
E000V00129,-72.85,-38.446,-1.95850002765656,-2.69140005111694,-2.65890002250671,-2.55419993400574,-2.52509999275208,-1.84389996528625,-1.95949995517731,-2.50589990615845
E000V00126,-72.224,-38.675,0.201299995183945,-1.03670001029968,-1.51279997825623,-0.693700015544891,-0.200000002980232,0.397199988365173,0.735400021076202,0.802699983119965
E000V00115,-71.141,-38.732,0.721000015735626,0.0640999972820282,-0.399699985980988,0.207300007343292,0.0794000029563904,0.787999987602234,0.579100012779236,0.232099995017052
E000380013,-72.46,-38.768,-1.0789999961853,-1.66600000858307,-1.99500000476837,-1.80610001087189,-1.43280005455017,-1.03509998321533,-1.09860002994537,-1.65600001811981
E000V00120,-71.683,-38.834,0.260199993848801,-0.449499994516373,-1.37839996814728,-1.20099997520447,-1.30729997158051,-0.442900002002716,-0.422100007534027,-0.399300009012222
E000V00128,-72.787,-39.022,-0.222800001502037,-0.819500029087067,-1.70169997215271,-1.62409996986389,-1.58650004863739,-1.25419998168945,-1.32200002670288,-2.19989991188049
E000V00127,-72.252,-39.007,0.410400003194809,0.290499985218048,-0.304199993610382,0.11599999666214,0.00490000005811453,0.704900026321411,0.686800003051758,0.486699998378754
E000V00122,-72.922,-39.071,-0.246900007128716,-0.718500018119812,-1.31789994239807,-1.16089999675751,-0.905900001525879,-0.283499985933304,-0.576900005340576,-1.45089995861053
E000V00118,-72.615,-39.103,-0.100400000810623,-0.640999972820282,-1.70150005817413,-1.49240005016327,-1.11440002918243,-0.954699993133545,-0.893599987030029,-1.5657000541687
E000V00124,-73.133,-39.165,-1.31359994411469,-0.5935999751091,-1.3066999912262,-0.98199999332428,-0.721800029277802,-0.269800007343292,-0.459300011396408,-1.42180001735687
E000V00125,-72.261,-39.196,0.631600022315979,0.52539998292923,0.0601000003516674,0.408300012350082,0.287299990653992,0.817900002002716,0.826099991798401,0.712000012397766
E000V00119,-71.868,-39.262,0.759500026702881,0.516499996185303,0.0294000003486872,0.991500020027161,-0.485799998044968,0.719799995422363,0.380299985408783,-0.139400005340576
E000V00123,-71.926,-39.289,0.277300000190735,0.0803000032901764,-0.554099977016449,-0.256999999284744,-0.616999983787537,0.0280000008642673,-0.109399996697903,-0.465299993753433
E000V00189,-72.55,-39.373,0.424699991941452,0.388999998569489,-0.777599990367889,-0.413700014352798,0.0797000005841255,0.4375,0.829200029373169,0.891799986362457
E000V00190,-73.177,-39.39,-0.017000000923872,0.33899998664856,-0.502399981021881,-0.347499996423721,-0.126499995589256,0.202800005674362,-0.52810001373291,-1.70860004425049
E000V00131,-72.95,-39.632,-0.497599989175797,0.351799994707108,-0.861500024795532,-0.666100025177002,-0.442099988460541,-0.366600006818771,-0.976700007915497,-1.87899994850159
E000390006,-73.087,-39.657,-0.497599989175797,0.351799994707108,-0.861500024795532,-0.666100025177002,-0.442099988460541,-0.366600006818771,-0.976700007915497,-1.87899994850159
E000V00130,-72.501,-39.863,0.656199991703033,0.109399996697903,-0.90039998292923,-1.12109994888306,-0.884199976921082,-0.618399977684021,-0.539900004863739,-0.519599974155426
E000V00191,-71.91,-39.88,-0.208599999547005,-0.098800003528595,-0.317699998617172,0.0456999987363815,-0.718200027942657,-0.110299997031689,-0.431499987840652,-0.237499997019768
E000V00132,-72.927,-40.096,-0.508700013160706,0.26129999756813,-1.02709996700287,-0.885500013828278,-0.772899985313416,-0.559599995613098,-1.36960005760193,-1.86829996109009
E000V00134,-72.415,-40.134,0.015599999576807,-0.174700006842613,-0.559599995613098,-0.442200005054474,-0.0623999983072281,0.495099991559982,0.719600021839142,0.858299970626831
E000V00193,-73.647,-40.168,-1.59409999847412,-2.69829988479614,-3.12199997901917,-2.34299993515015,-1.63610005378723,-1.06070005893707,-1.25600004196167,-1.24010002613068
E000V00133,-73.024,-40.317,-0.0379000008106232,0.0758000016212463,-1.54789996147156,-1.58379995822906,-1.65199995040894,-1.45729994773865,-2.33619999885559,-2.68580007553101
E000V00135,-72.979,-40.323,-0.0379000008106232,0.0758000016212463,-1.54789996147156,-1.58379995822906,-1.65199995040894,-1.45729994773865,-2.33619999885559,-2.68580007553101
E000V00139,-73.308,-40.348,-0.101999998092651,-0.091499999165535,-1.3911999464035,-1.47850000858307,-0.921800017356873,-0.0588000006973743,-0.887499988079071,-0.902700006961823
E000V00192,-72,-40.52,0.352800011634827,0.0214000009000301,-0.470200002193451,-0.0766000002622604,-0.596700012683868,-0.213599994778633,-0.95440000295639,-0.897899985313416
E000400009,-73.058,-40.614,-1.2467999458313,-0.545899987220764,-1.65040004253387,-1.7771999835968,-1.87849998474121,-1.85259997844696,-2.52600002288818,-2.52970004081726
E000V00194,-72.116,-40.623,0.352800011634827,0.0214000009000301,-0.470200002193451,-0.0766000002622604,-0.596700012683868,-0.213599994778633,-0.95440000295639,-0.897899985313416
E000V00136,-73.152,-40.765,-1.33200001716614,0.243599995970726,-1.12709999084473,-1.31289994716644,-1.56270003318787,-1.32290005683899,-1.69319999217987,-1.74960005283356
E000V00138,-73.157,-40.861,-1.33200001716614,0.243599995970726,-1.12709999084473,-1.31289994716644,-1.56270003318787,-1.32290005683899,-1.69319999217987,-1.74960005283356
E000V00195,-73.815,-40.873,-0.460399985313416,0.355199992656708,-0.17739999294281,-0.302100002765656,-0.216299995779991,0.402300000190735,0.00860000029206276,0.229100003838539
E000V00137,-72.886,-40.957,0.0071000000461936,0.248699992895126,-0.950699985027313,-1.17579996585846,-1.3047000169754,-0.794300019741058,-1.38590002059937,-1.29019999504089
E000V00142,-73.377,-41.115,-0.795099973678589,-0.201499998569489,-0.635699987411499,-0.895799994468689,-1.2092000246048,-0.948800027370453,-1.74989998340607,-1.72230005264282
E000V00197,-72.339,-41.142,-0.169699996709824,-0.447899997234344,-0.678799986839294,-0.619499981403351,-1.28489995002747,-0.0403999984264374,-0.700500011444092,-0.584699988365173
E000V00143,-73.009,-41.259,0.655499994754791,-0.246999993920326,-0.748399972915649,-1.37070000171661,-1.19809997081757,-0.782100021839142,-1.31110000610352,-0.939100027084351
E000V00196,-73.809,-41.359,-1.90079998970032,-0.506399989128113,-0.331499993801117,-0.418500006198883,-0.499799996614456,-0.317900002002716,-1.34189999103546,-1.49080002307892
E000410005,-73.096,-41.448,0.980199992656708,0.31360000371933,0.311300009489059,-0.252400010824203,0.0417999997735023,0.419299989938736,0.542500019073486,0.645500004291534
E000V00198,-72.275,-41.579,0.323300004005432,0.311699986457825,-0.311699986457825,-0.921199977397919,-0.953599989414215,-0.118100002408028,-0.810500025749207,-1.11989998817444
E000V00144,-73.672,-41.71,-0.214300006628036,-0.440499991178513,-0.883300006389618,-0.847899973392487,-1.09399998188019,-0.698599994182587,-1.67040002346039,-1.66519999504089
E000V00140,-72.435,-41.938,-0.0218000002205372,-0.3057000041008,-0.40939998626709,-0.550999999046326,-0.262699991464615,-0.0776000022888184,-0.278800010681152,-0.230399996042252
E000V00141,-71.865,-42.075,0.417499989271164,-0.0538999997079372,-0.676699995994568,-0.399300009012222,-0.951499998569489,-1.00629997253418,-1.4805999994278,-1.78910005092621
E000V00151,-72.417,-42.1,-0.0218000002205372,-0.3057000041008,-0.40939998626709,-0.550999999046326,-0.262699991464615,-0.0776000022888184,-0.278800010681152,-0.230399996042252
E000V00149,-73.49,-42.157,-0.755299985408783,0.139699995517731,-0.472299993038177,-0.183300003409386,-0.152600005269051,-0.345899999141693,-0.159500002861023,0.471399992704391
E000V00199,-74.078,-42.285,0.235300004482269,-0.529600024223328,-0.686500012874603,-0.328099995851517,0.149100005626678,0.462199985980988,0.329499989748001,0.607500016689301
E000V00201,-72.663,-42.355,0.676699995994568,-0.1283999979496,-0.000600000028498471,-0.77130001783371,-0.640999972820282,-1.31649994850159,-0.94539999961853,-0.697099983692169
E000V00147,-73.568,-42.404,-0.724500000476837,-0.401110380887985,0.434599995613098,-0.25670000910759,-0.334644228219986,-0.0102708721533418,-0.0509408302605152,-0.0734953209757805
E000V00148,-73.633,-42.583,0.160300001502037,-1.30040001869202,-1.14869999885559,-0.514800012111664,0.0295000001788139,0.581700026988983,0.508700013160706,0.420199990272522
E000V00146,-73.789,-42.704,-0.353799998760223,-0.931100010871887,-0.562900006771088,-0.0403999984264374,0.0812000036239624,0.71670001745224,-0.0551000013947487,0.315499991178513
E000V00145,-72.717,-42.883,-0.264499992132187,-1.18050003051758,-1.25660002231598,-0.512899994850159,-0.768899977207184,-0.292600005865097,-0.174099996685982,0.0901999995112419
E000430002,-71.852,-43.189,1.58109998703003,1.37800002098083,1.07050001621246,1.33599996566772,0.853999972343445,1.53579998016357,1.55369997024536,1.71300005912781
E000V00200,-74.295,-43.208,0.846400022506714,-0.234899997711182,-0.850000023841858,-0.224199995398521,-0.427100002765656,0.159400001168251,0.391299992799759,0.474999994039536
E000V00202,-72.85,-43.364,-0.270099997520447,-0.874700009822845,-0.483200013637543,-0.277900010347366,-1.13629996776581,-0.391799986362457,-0.209099993109703,0.0645999982953072
E000V00150,-72.126,-43.474,0.396899998188019,0.31139999628067,0.415699988603592,0.00340000004507601,-1.20500004291534,-0.783500015735626,-0.915700018405914,-1.15190005302429
E000430004,-71.801,-43.612,1.8231999874115,0.721499979496002,0.103900000452995,0.284200012683868,-0.427199989557266,0.83490002155304,0.536499977111816,0.664200007915497
E000V00153,-73.74,-43.89,0.0404237359762192,-0.468880504369736,-0.501908183097839,-0.201578572392464,-0.456153959035873,-0.0522809810936451,-0.101048350334167,-0.209787487983704
E000V00152,-72.387,-43.917,-0.156200006604195,-0.910600006580353,-0.698099970817566,-0.493999987840652,-1.16719996929169,-0.359899997711182,-0.775300025939941,-0.481799989938736
E000V00154,-71.847,-44.24,0.711000025272369,1.08459997177124,0.993600010871887,1.26160001754761,-0.687200009822845,0.227699995040894,0.323900014162064,0.417400002479553
E000V00203,-73.097,-44.729,0.533900022506714,-0.184300005435944,-0.570800006389618,-0.882799983024597,-2.12619996070862,-2.39079999923706,-2.01099991798401,-1.95200002193451
E000450001,-72.677,-45.399,0.587300002574921,-0.145400002598763,-0.268599987030029,0.703199982643127,0.426999986171722,0.892000019550323,0.511300027370453,0.638199985027313
E000450004,-72.102,-45.591,-0.0747999995946884,-0.566600024700165,-0.503000020980835,-0.137600004673004,-0.223600000143051,0.287299990653992,-0.067500002682209,-0.255299985408783
E000450005,-71.678,-45.918,-0.643299996852875,-1.41170001029968,-1.11510002613068,-0.949100017547607,-0.865400016307831,-1.07229995727539,-1.11059999465942,-0.955099999904633
E000V00157,-71.941,-46.278,-1.05009996891022,-1.50629997253418,-1.41789996623993,-1.21650004386902,-1.03090000152588,-1.43889999389648,-1.49329996109009,-1.35199999809265
E000V00205,-74.778,-46.355,-0.141100004315376,-1.82039999961853,-2.32159996032715,-2.36019992828369,-2.37190008163452,-1.69719994068146,-1.87609994411469,-2.16569995880127
E000V00204,-73.336,-46.569,0.470299988985062,-0.793600022792816,-0.713699996471405,-0.373499989509583,-0.0980999991297722,0.465999990701675,0.519400000572205,0.413700014352798
E000460001,-71.685,-46.585,-0.268099993467331,-1.10280001163483,-1.15110003948212,-1.17700004577637,-1.19609999656677,-1.22660005092621,-1.31050002574921,-1.38900005817413
E000470001,-72.583,-47.244,-0.276699990034103,-1.13300001621246,-1.15530002117157,-1.23049998283386,-1.04970002174377,-0.101499997079372,-0.274800002574921,-0.307300001382828
E000V00156,-73.536,-47.8,-1.10989999771118,-1.36179995536804,-1.71580004692078,-1.71730005741119,-1.58669996261597,-1.29729998111725,-1.48039996623993,-1.46229994297028
E000V00155,-72.56,-48.471,-0.0518000014126301,-0.624599993228912,-0.383300006389618,-0.183799996972084,0.233899995684624,0.659500002861023,-0.361099988222122,-0.861400008201599
E000V00206,-73.941,-48.958,-0.536773681640625,-0.376432418823242,-0.331439137458801,-0.134332254528999,-0.221772044897079,0.0764075592160225,-0.0353791676461697,-0.0331408716738224
E000V00207,-73.57,-51.07,-0.394899994134903,-0.54229998588562,-0.206900000572205,0.0898000001907349,0.463600009679794,1.43359994888306,1.17890000343323,1.07630002498627
E000V00158,-72.967,-51.184,0.158600002527237,-0.845200002193451,-1.95860004425049,-1.99290001392365,-1.9433000087738,-2.19379997253418,-2.82170009613037,-2.22309994697571
E000V00159,-71.164,-52.309,-1.86930000782013,-2.50219988822937,-3.29509997367859,-3.09470009803772,-2.44039988517761,-2.6521999835968,-3.22210001945496,-2.9326000213623
E000V00161,-70.361,-52.432,-1.43939995765686,-2.00049996376038,-2.76430010795593,-3.11540007591248,-2.90630006790161,-3.04450011253357,-3.48799991607666,-3.32139992713928
E000V00160,-71.505,-52.601,-1.94990003108978,-2.87739992141724,-3.45440006256104,-3.22250008583069,-2.75550007820129,-2.96110010147095,-3.27920007705688,-2.72510004043579
E000V00162,-69.27,-52.8,-2.97869992256165,-2.44169998168945,-2.6768000125885,-2.55049991607666,-2.16799998283386,-2.53990006446838,-3.15510010719299,-1.96019995212555
E000520006,-70.839,-53.002,-1.85280001163483,-2.20830011367798,-2.79399991035461,-2.79690003395081,-2.61290001869202,-2.93129992485046,-2.87059998512268,-2.23539996147156
E000530005,-70.326,-53.254,-1.91250002384186,-1.85860002040863,-1.96739995479584,-2.08260011672974,-2.22420001029968,-2.49869990348816,-2.35030007362366,-1.5764000415802
E000V00208,-71.38,-53.8,-0.294900000095367,-1.23679995536804,-1.74989998340607,-1.5592999458313,-0.465999990701675,-0.0723000019788742,-0.69379997253418,-0.847500026226044
E000V00163,-68.804,-54.051,-0.56580001115799,-1.30390000343323,-2.18160009384155,-2.16009998321533,-1.63150000572205,-1.26950001716614,-1.37440001964569,-0.340900003910065
E000550001,-67.616,-54.932,0.584200024604797,-0.294600009918213,-0.866199970245361,0.18359999358654,-0.300300002098083,0.319099992513657,0.196899995207787,0.142299994826317
