Estacion,Lat,Lon,meses:1,3,6,9,12,24,36,48
E000V00003,-69.478,-17.595,-1.11249995231628,-0.81470000743866,-0.676100015640259,-0.477600008249283,0.274199992418289,0.953800022602081,1.36650002002716,1.54719996452332
E000V00002,-69.554,-18.197,-0.417400002479553,-0.23139999806881,-0.370799988508224,-0.143399998545647,0.26800000667572,0.962700009346008,1.3911999464035,1.54190003871918
E000180005,-70.34,-18.356,-0.206900000572205,0.033500000834465,-0.173299998044968,-0.251800000667572,-0.046900000423193,0.43639999628067,1.26719999313354,1.30980002880096
E000V00001,-69.857,-19.011,0.915600001811981,0.751500010490417,0.474599987268448,0.434399992227554,0.405299991369247,0.766200006008148,1.33889997005463,1.30910003185272
E000V00006,-68.638,-19.276,-0.195899993181229,0.0160000007599592,0.341199994087219,0.491600006818771,0.705299973487854,0.638400018215179,1.29550004005432,1.583899974823
E000V00005,-69.427,-19.313,0.154100000858307,0.175999999046326,0.176899999380112,0.0247000008821487,0.0535000003874302,0.75220000743866,1.51590001583099,1.52450001239777
E000V00007,-69.767,-19.996,0.18469999730587,0.321399986743927,0.146999999880791,0.0623999983072281,-0.00469999993219972,0.13629999756813,1.20879995822906,1.49829995632172
E000V00004,-70.117,-20.25,0.716199994087219,0.756600022315979,0.892400026321411,0.846199989318848,0.969900012016296,1.36969995498657,1.48210000991821,1.51699995994568
E000V00008,-69.342,-20.501,0.849799990653992,1.02779996395111,0.755800008773804,0.916299998760223,0.980400025844574,1.28949999809265,1.60969996452332,1.60339999198914
E000200006,-70.181,-20.549,0.310999989509583,-0.0750999972224236,0.269600003957748,0.279000014066696,0.435699999332428,0.996100008487701,1.32019996643066,1.53279995918274
E000V00011,-68.255,-21.224,0.0865999981760979,-0.187600001692772,-0.72079998254776,-0.462900012731552,-0.0126000000163913,-0.540300011634827,-0.254599988460541,-0.0962999984622002
E000V00013,-70.2,-22.091,1.03670001029968,0.78710001707077,0.900200009346008,0.966499984264374,1.12510001659393,1.47850000858307,1.74210000038147,1.74790000915527
E000V00014,-69.666,-22.35,0.615199983119965,0.399100005626678,0.510999977588654,0.598100006580353,0.774500012397766,1.07809996604919,1.26310002803802,1.36249995231628
E000220002,-68.892,-22.498,0.367799997329712,0.513899981975555,0.593200027942657,0.720099985599518,0.859099984169006,1.15079998970032,1.40120005607605,1.60399997234344
E000V00009,-69.32,-22.892,-0.232700005173683,-0.112999998033047,0.10809999704361,0.40310001373291,0.745100021362305,1.0925999879837,1.11210000514984,1.31029999256134
E000V00012,-68.213,-22.932,-0.438699990510941,0.18019999563694,0.236900001764297,0.40200001001358,0.600600004196167,0.851599991321564,1.15980005264282,1.33179998397827
E000230001,-70.445,-23.454,-1.08000004291534,-1.10109996795654,-1.09300005435944,-0.973399996757507,-0.718999981880188,-0.335599988698959,0.118299998342991,0.491200000047684
E000V00166,-67.44,-23.6,0.380199998617172,0.255800008773804,0.258899986743927,0.455900013446808,0.526799976825714,0.889500021934509,1.25360000133514,1.39499998092651
E000V00165,-68.57,-23.94,-0.063000001013279,-0.247099995613098,-0.199599996209145,-0.103100001811981,0.0364000014960766,0.563000023365021,0.826900005340576,1.36119997501373
E000V00164,-69.69,-24.51,-1.88660001754761,-2.04259991645813,-1.9190000295639,-1.81819999217987,-1.49310004711151,-0.977100014686584,-0.789099991321564,-0.187299996614456
E000V00167,-69.3,-25,-0.370299994945526,-0.428600013256073,-0.135800004005432,0.105800002813339,0.334100008010864,0.81139999628067,1.05589997768402,1.369500041008
E000V00010,-70.484,-25.411,0.543900012969971,-0.0419999994337559,0.204799994826317,0.460099995136261,0.739099979400635,0.424400001764297,0.108300000429153,0.471199989318848
E000V00168,-69.27,-25.7,0.519500017166138,0.658599972724915,0.738699972629547,0.677100002765656,0.873000025749207,1.34159994125366,1.7010999917984,2.019700050354
E000V00169,-68.99,-26.25,0.837199985980988,0.701300024986267,-0.0553000010550022,0.184400007128716,0.358200013637543,0.830200016498566,1.50419998168945,1.71609997749329
E000V00016,-70.611,-26.332,0.122000001370907,-0.603100001811981,-0.0217000003904104,0.213799998164177,0.792599976062775,0.779699981212616,0.284900009632111,0.917900025844574
E000V00017,-70.046,-26.391,0.401899993419647,0.302199989557266,0.311599999666214,0.445499986410141,0.679199993610382,0.681900024414062,0.62610000371933,0.791899979114532
E000V00170,-69.33,-27.07,1.14880001544952,0.599399983882904,-0.254700005054474,0.847599983215332,1.04719996452332,0.658100008964539,1.45299994945526,1.85899996757507
E000270008,-70.781,-27.254,-0.00820000004023314,-0.227200001478195,-0.0538000017404556,-0.015599999576807,0.1233000010252,0.399300009012222,0.32150000333786,0.458499997854233
E000270009,-70.353,-27.359,0.0483000017702579,-0.116800002753735,-0.0397000014781952,0.0584999993443489,0.210600003600121,0.365500003099442,0.451099991798401,0.62169998884201
E000V00171,-69.81,-27.98,0.56470000743866,-0.0144999995827675,-1.12539994716644,-0.180399999022484,-0.0551999993622303,0.430900007486343,0.684599995613098,1.5291999578476
E000V00019,-71.225,-28.463,2.32010006904602,2.51749992370605,1.8257999420166,1.3992999792099,1.24779999256134,0.460299998521805,0.265799999237061,0.190500006079674
E000V00018,-70.449,-28.768,1.34370005130768,1.31439995765686,-0.097900003194809,-0.192499995231628,-0.42960000038147,-0.354900002479553,-0.219099998474121,0.0335999988019466
E000V00015,-70,-28.976,0.515200018882751,-0.224000006914139,-1.01670002937317,-0.0538000017404556,0.067100003361702,0.400000005960464,0.506200015544891,1.27810001373291
E000V00021,-71.116,-29.372,1.16929996013641,1.41709995269775,0.976300001144409,0.479099988937378,0.260300010442734,-0.256000012159348,-0.27360001206398,-0.189600005745888
E000290004,-71.207,-29.914,0.39860001206398,0.544099986553192,0.40090000629425,-0.0604000017046928,-0.293000012636185,-0.871900022029877,-0.875400006771088,-0.959299981594086
E000V00022,-70.721,-30.031,0.265199989080429,0.0494999997317791,-0.475800007581711,0.013399999588728,0.0579999983310699,0.742299973964691,1.11699998378754,1.54560005664825
E000V00020,-71.082,-30.234,-0.0251000002026558,0.236300006508827,-0.166400000452995,-0.48649999499321,-0.796400010585785,-1.15190005302429,-1.13970005512238,-1.28659999370575
E000V00172,-71.72,-30.38,0.673500001430511,1.03680002689362,0.633400022983551,0.0217000003904104,-0.262800008058548,-1.37629997730255,-1.22399997711182,-1.84839999675751
E000V00027,-70.937,-30.746,-0.235699996352196,-0.0107000004500151,-0.412900000810623,-0.987299978733063,-1.39289999008179,-1.77240002155304,-1.86489999294281,-2.07489991188049
E000V00028,-71.256,-30.838,0.41159999370575,0.483700007200241,0.425900012254715,-0.132400006055832,-0.464399993419647,-1.23819994926453,-1.37559998035431,-1.77129995822906
E000V00026,-70.999,-31.188,-0.273200005292892,-0.122299998998642,-0.529999971389771,-1.24790000915527,-1.6356999874115,-1.88590002059937,-1.99170005321503,-2.18400001525879
E000V00024,-71.413,-31.39,0.621599972248077,0.804300010204315,0.596300005912781,-0.204500004649162,-0.5625,-1.36370003223419,-1.35870003700256,-1.92929995059967
E000V00023,-71.152,-31.633,0.0540999993681908,0.148399993777275,0.0553999990224838,-0.46110001206398,-0.807099997997284,-1.45029997825623,-1.50600004196167,-1.97220003604889
E000V00025,-70.97,-31.783,-0.242200002074242,-0.640500009059906,-0.127599999308586,-0.102700002491474,-0.519900023937225,-0.231299996376038,-1.10199999809265,-0.513599991798401
E000320019,-70.707,-32.076,0.335200011730194,0.108800001442432,-1.73020005226135,-0.791999995708466,-0.925599992275238,0.674000024795532,0.450500011444092,1.32570004463196
E000V00035,-70.926,-32.251,-0.166999995708466,-0.340499997138977,-0.586099982261658,-1.20410001277924,-1.49430000782013,-1.62800002098083,-1.77509999275208,-2.05550003051758
E000V00174,-70.464,-32.343,-0.205400004982948,-0.580099999904633,-0.585200011730194,-0.172600001096725,-0.143099993467331,1.38940000534058,0.932099997997284,1.42410004138947
E000V00033,-70.819,-32.362,-0.0282000005245209,0.156900003552437,0.832099974155426,0.329800009727478,0.217800006270409,0.670499980449677,0.780399978160858,1.18120002746582
E000V00034,-71.441,-32.505,-0.415699988603592,-0.228699997067451,-0.359200000762939,-0.874800026416779,-1.14370000362396,-1.55999994277954,-1.4811999797821,-1.87380003929138
E000V00175,-71.014,-32.54,-0.258300006389618,-0.403699994087219,-1.22710001468658,-1.67610001564026,-1.78670001029968,-1.42579996585846,-1.58319997787476,-1.76520001888275
E000V00041,-70.725,-32.594,-0.77649998664856,-0.49219998717308,-0.798200011253357,-0.0441999994218349,-0.275499999523163,0.239199995994568,-0.751500010490417,0.0419000014662743
E000V00176,-70.368,-32.618,-1.7963000535965,-1.92780005931854,-2.9109001159668,-2.44849991798401,-2.4293999671936,-1.84940004348755,-2.19959998130798,-1.75349998474121
E000V00040,-70.809,-32.757,0.116400003433228,0.016100000590086,-1.25859999656677,-1.14049994945526,-1.15339994430542,-1.52849996089935,-2.06649994850159,-1.67799997329712
E000V00031,-71.526,-32.789,-1.17809998989105,-0.968200027942657,-0.684899985790253,-1.20500004291534,-1.44519996643066,-2.01029992103577,-1.83350002765656,-2.3183000087738
E000V00037,-71.173,-32.79,-0.563700020313263,-0.687300026416779,-0.509800016880035,-0.983500003814697,-1.21329998970032,-1.64059996604919,-1.49849998950958,-1.95860004425049
E000320028,-71.227,-32.828,-0.563700020313263,-0.687300026416779,-0.509800016880035,-0.983500003814697,-1.21329998970032,-1.64059996604919,-1.49849998950958,-1.95860004425049
E000V00032,-70.382,-32.89,-0.350699990987778,0.788299977779388,-0.214200004935265,-0.461499989032745,-0.439500004053116,0.0863000005483627,0.0456000007688999,0.479999989271164
E000V00036,-71.207,-32.893,-1.06630003452301,-1.19570004940033,-0.84060001373291,-1.26610004901886,-1.54240000247955,-1.89989995956421,-1.95179998874664,-2.32139992713928
E000V00030,-71.517,-32.917,-0.774100005626678,-0.661199986934662,-0.606100022792816,-0.996599972248077,-1.29410004615784,-1.84990000724792,-2.0524001121521,-2.45020008087158
E000V00042,-71.261,-32.994,-1.06630003452301,-1.19570004940033,-0.84060001373291,-1.26610004901886,-1.54240000247955,-1.89989995956421,-1.95179998874664,-2.32139992713928
E000330002,-71.648,-33.023,-0.565199971199036,-0.375699996948242,-0.174899995326996,-0.695900022983551,-1.13670003414154,-2.09270000457764,-2.15910005569458,-2.64930009841919
E000330007,-71.556,-33.065,-0.774100005626678,-0.661199986934662,-0.606100022792816,-0.996599972248077,-1.29410004615784,-1.84990000724792,-2.0524001121521,-2.45020008087158
E000V00029,-71.4,-33.083,-0.774100005626678,-0.661199986934662,-0.606100022792816,-0.996599972248077,-1.29410004615784,-1.84990000724792,-2.0524001121521,-2.45020008087158
E000V00051,-70.834,-33.121,-0.442099988460541,-0.307900011539459,-0.412600010633469,-0.793600022792816,-0.895900011062622,-0.92059999704361,-1.13460004329681,-1.08319997787476
E000V00050,-70.66,-33.147,-0.782899975776672,-0.861000001430511,-1.14059996604919,-1.24460005760193,-1.30019998550415,-0.995500028133392,-1.68879997730255,-1.99479997158051
E000V00177,-71.46,-33.23,-0.795300006866455,-0.949999988079071,-0.571399986743927,-0.746200025081635,-1.13779997825623,-1.8367999792099,-2.18930006027222,-2.58520007133484
E000V00178,-71.155,-33.287,-0.562699973583221,-0.797599971294403,-0.0546000003814697,-0.66509997844696,-1.00279998779297,-1.87479996681213,-1.91089999675751,-2.42960000038147
E000V00046,-70.502,-33.353,0.580200016498566,1.15750002861023,0.179199993610382,-0.214599996805191,-0.528199970722198,1.13390004634857,0.686800003051758,1.269700050354
E000330021,-70.787,-33.378,-0.895500004291534,-0.998399972915649,-0.66159999370575,-1.02219998836517,-1.1110999584198,-0.824500024318695,-1.02880001068115,-1.13010001182556
E000V00043,-70.733,-33.42,-0.895500004291534,-0.998399972915649,-0.66159999370575,-1.02219998836517,-1.1110999584198,-0.824500024318695,-1.02880001068115,-1.13010001182556
E000V00055,-71.026,-33.439,-1.0949000120163,-1.01250004768372,-0.547699987888336,-1.0809999704361,-1.30680000782013,-1.63820004463196,-1.74000000953674,-2.22729992866516
E000V00038,-71.624,-33.439,-1.14789998531342,-1.05219995975494,-0.57150000333786,-0.656799972057343,-1.07050001621246,-1.77330005168915,-2.21889996528625,-2.40409994125366
E000330020,-70.683,-33.445,-0.895500004291534,-0.998399972915649,-0.66159999370575,-1.02219998836517,-1.1110999584198,-0.824500024318695,-1.02880001068115,-1.13010001182556
E000330019,-70.549,-33.455,-0.139899998903275,-0.205599993467331,-0.991800010204315,-0.773899972438812,-0.837499976158142,-0.392300009727478,-0.898299992084503,-0.723699986934662
E000V00044,-70.7,-33.467,-0.895500004291534,-0.998399972915649,-0.66159999370575,-1.02219998836517,-1.1110999584198,-0.824500024318695,-1.02880001068115,-1.13010001182556
E000V00047,-70.766,-33.517,-0.895500004291534,-0.998399972915649,-0.66159999370575,-1.02219998836517,-1.1110999584198,-0.824500024318695,-1.02880001068115,-1.13010001182556
E000V00039,-71.596,-33.543,-1.14789998531342,-1.05219995975494,-0.57150000333786,-0.656799972057343,-1.07050001621246,-1.77330005168915,-2.21889996528625,-2.40409994125366
E000V00045,-70.548,-33.545,-0.139899998903275,-0.205599993467331,-0.991800010204315,-0.773899972438812,-0.837499976158142,-0.392300009727478,-0.898299992084503,-0.723699986934662
E000V00058,-70.902,-33.608,-1.0949000120163,-1.01250004768372,-0.547699987888336,-1.0809999704361,-1.30680000782013,-1.63820004463196,-1.74000000953674,-2.22729992866516
E000V00048,-70.567,-33.617,-0.139899998903275,-0.205599993467331,-0.991800010204315,-0.773899972438812,-0.837499976158142,-0.392300009727478,-0.898299992084503,-0.723699986934662
E000330031,-78.833,-33.636,-0.16607740521431,-0.140587508678436,-0.101866006851196,-0.159035667777061,-0.0969676822423935,0.258688181638718,-0.00357792456634343,0.034151766449213
E000330030,-71.613,-33.656,-1.23109996318817,-1.24380004405975,-0.445600003004074,-0.666899979114532,-1.00170004367828,-1.84759998321533,-1.94760000705719,-2.2590000629425
E000V00049,-70.089,-33.676,-0.477999985218048,-0.924300014972687,-1.10409998893738,-0.854300022125244,-0.770699977874756,-0.880699992179871,-1.59549999237061,-1.89160001277924
E000V00057,-71.101,-33.692,-1.27730000019073,-1.27240002155304,-0.851199984550476,-1.10049998760223,-1.31429994106293,-1.66509997844696,-1.79250001907349,-2.14610004425049
E000V00052,-70.707,-33.707,-0.677699983119965,-0.465900003910065,-0.990400016307831,-1.32019996643066,-1.43729996681213,-0.918799996376038,-1.7956999540329,-2.15549993515015
E000V00053,-70.639,-33.862,-0.677699983119965,-0.465900003910065,-0.990400016307831,-1.32019996643066,-1.43729996681213,-0.918799996376038,-1.7956999540329,-2.15549993515015
E000V00179,-70.22,-33.878,-1.0896999835968,-1.1061999797821,-0.97869998216629,-1.12709999084473,-1.36849999427795,-0.97759997844696,-0.483900010585785,-0.749899983406067
E000V00056,-71.394,-33.941,-1.33440005779266,-1.47469997406006,-0.755200028419495,-0.989499986171722,-1.24650001525879,-1.76989996433258,-1.85160005092621,-2.2885000705719
E000V00068,-71.825,-33.959,-1.33259999752045,-1.17999994754791,-0.445800006389618,-0.585399985313416,-0.91729998588562,-1.50759994983673,-1.78719997406006,-2.35190010070801
E000V00064,-70.717,-33.983,-1.05830001831055,-0.960300028324127,-1.00250005722046,-1.04659998416901,-1.22189998626709,-1.01919996738434,-2.0689001083374,-2.38709998130798
E000V00054,-70.995,-34.029,-0.975899994373322,-1.27820003032684,-0.809499979019165,-0.847000002861023,-1.20210003852844,-1.49460005760193,-1.85609996318817,-2.19799995422363
E000V00059,-70.772,-34.169,-0.92739999294281,-0.873300015926361,-1.01049995422363,-0.435999989509583,-0.699299991130829,-0.814400017261505,-1.58609998226166,-2.0566999912262
E000V00180,-70.402,-34.203,0.321599990129471,0.635200023651123,-0.324099987745285,-1.14260005950928,-1.27400004863739,-0.500299990177155,-1.51370000839233,-1.13719999790192
E000V00061,-70.997,-34.215,-1.24199998378754,-1.37650001049042,-0.971499979496002,-0.841899991035461,-1.16199994087219,-1.55719995498657,-2.13150000572205,-2.42569994926453
E000V00062,-71.3,-34.217,-1.19739997386932,-1.42910003662109,-0.973100006580353,-1.05289995670319,-1.43400001525879,-1.82949995994568,-2.24370002746582,-2.46189999580383
E000V00060,-70.948,-34.261,-1.24199998378754,-1.37650001049042,-0.971499979496002,-0.841899991035461,-1.16199994087219,-1.55719995498657,-2.13150000572205,-2.42569994926453
E000V00066,-70.812,-34.279,-0.92739999294281,-0.873300015926361,-1.01049995422363,-0.435999989509583,-0.699299991130829,-0.814400017261505,-1.58609998226166,-2.0566999912262
E000V00065,-70.834,-34.322,-0.92739999294281,-0.873300015926361,-1.01049995422363,-0.435999989509583,-0.699299991130829,-0.814400017261505,-1.58609998226166,-2.0566999912262
E000V00067,-72.019,-34.394,0.683700025081635,-0.109700001776218,0.0939000025391579,0.360000014305115,0.372500002384186,-0.37169998884201,-1.06910002231598,-1.48269999027252
E000V00063,-70.21,-34.411,-0.0425999984145164,0.424100011587143,-0.112300001084805,-0.293599992990494,-0.569000005722046,0.605300009250641,0.088299997150898,0.736800014972687
E000V00071,-71.463,-34.485,-1.505499958992,-1.54100000858307,-1.28229999542236,-1.12720000743866,-1.2418999671936,-1.50639998912811,-2.19190001487732,-2.36870002746582
E000V00069,-71.898,-34.645,0.54830002784729,-0.29559999704361,0.176100000739098,0.5557000041008,0.469399988651276,-0.43079999089241,-1.08739995956421,-1.41460001468658
E000V00072,-71.4,-34.691,-1.57430005073547,-1.42439997196198,-0.813799977302551,-0.478399991989136,-0.817200005054474,-1.17920005321503,-1.99269998073578,-2.31539988517761
E000V00070,-71.63,-34.714,-1.18470001220703,-0.936500012874603,-0.0874999985098839,0.379000008106232,0.0366999991238117,-0.593200027942657,-1.59570002555847,-2.07329988479614
E000340044,-71.02,-34.721,-1.04659998416901,-1.32200002670288,-0.771799981594086,-0.755999982357025,-1.00300002098083,-1.37440001964569,-2.34019994735718,-2.43899989128113
E000V00181,-70.52,-34.781,0.77810001373291,0.407099992036819,0.4966000020504,0.418799996376038,0.324400007724762,0.0544999986886978,1.79330003261566,1.41589999198914
E000V00086,-72.026,-34.855,0.54830002784729,-0.29559999704361,0.176100000739098,0.5557000041008,0.469399988651276,-0.43079999089241,-1.08739995956421,-1.41460001468658
E000V00084,-71.125,-34.96,-0.851499974727631,-0.927900016307831,-0.580099999904633,-0.614300012588501,-0.753899991512299,-1.40569996833801,-1.86740005016327,-2.03690004348755
E000V00083,-71.832,-34.968,-1.22500002384186,-0.815699994564056,0.222299993038177,0.766300022602081,0.366499990224838,-0.422300010919571,-1.45029997825623,-1.82700002193451
E000340031,-71.217,-34.969,-1.41910004615784,-1.4313999414444,-0.9757000207901,-0.626800000667572,-0.949699997901917,-1.16999995708466,-2.23250007629395,-2.34960007667542
E000V00085,-70.811,-35,-1.20130002498627,-1.15559995174408,-0.160500004887581,-0.785899996757507,-1.06809997558594,-0.976000010967255,0.49549999833107,0.0183000005781651
E000V00076,-71.956,-35.128,0.275799989700317,-0.0970999971032143,0.202600002288818,0.516700029373169,0.411399990320206,0.270599991083145,-0.711099982261658,-1.04130005836487
E000V00182,-70.83,-35.398,0.882099986076355,0.669700026512146,1.61360001564026,0.549899995326996,0.253100007772446,1.26510000228882,1.30809998512268,0.608399987220764
E000V00079,-71.467,-35.419,-1.23280000686646,-1.29460000991821,-0.999499976634979,-0.944500029087067,-1.30569994449615,-1.39189994335175,-2.22939991950989,-2.2234001159668
E000V00078,-71.7,-35.533,-1.16170001029968,-0.875899970531464,-0.0742999985814095,0.158700004220009,-0.516300022602081,-0.0210999995470047,-1.06959998607635,-1.40110003948212
E000V00074,-71.454,-35.663,-1.95089995861053,-1.95790004730225,-1.56760001182556,-1.33589994907379,-1.29170000553131,-1.65590000152588,-2.55850005149841,-2.17379999160767
E000V00077,-72.082,-35.672,-0.764900028705597,-0.91509997844696,-0.217700004577637,0.0848999992012978,-0.301400005817413,0.551500022411346,-0.521499991416931,-0.588800013065338
E000V00080,-71.062,-35.699,-0.640799999237061,0.253899991512299,-0.221200004220009,-0.353300005197525,-0.607500016689301,0.133900001645088,-0.576799988746643,-0.983799993991852
E000V00081,-72.511,-35.707,0.339599996805191,0.159999996423721,0.324099987745285,0.30469998717308,0.200299993157387,0.0295000001788139,-0.519699990749359,-0.805499970912933
E000V00075,-71.631,-35.753,-0.630400002002716,-0.888599991798401,-0.70990002155304,-0.618799984455109,-1.25670003890991,-0.682500004768372,-1.96099996566772,-2.0436999797821
E000V00082,-72.587,-35.836,0.339599996805191,0.159999996423721,0.324099987745285,0.30469998717308,0.200299993157387,0.0295000001788139,-0.519699990749359,-0.805499970912933
E000V00183,-71.05,-36.06,0.344399988651276,-0.119000002741814,-0.850199997425079,-0.314999997615814,-0.427899986505508,0.959200024604797,1.22360002994537,1.60080003738403
E000V00087,-72.783,-36.133,-0.345600008964539,-0.77590000629425,-0.317499995231628,-0.199399992823601,-0.273200005292892,0.0100999996066093,-0.337399989366531,-0.454199999570847
E000V00073,-71.548,-36.257,-1.68929994106293,-1.40460002422333,-0.962499976158142,-0.566500008106232,-0.733500003814697,-0.411199986934662,-0.956099987030029,-0.708299994468689
E000V00091,-71.9,-36.292,-1.54499995708466,-1.36790001392365,-0.805299997329712,-0.744099974632263,-1.21519994735718,-0.825999975204468,-1.74580001831055,-1.7558000087738
E000V00090,-72.64,-36.43,-0.251700013875961,-0.716300010681152,-0.347000002861023,-0.233400002121925,-0.291299998760223,-0.0586999990046024,-0.288800001144409,-0.413800001144409
E000V00088,-72.699,-36.492,-0.251700013875961,-0.716300010681152,-0.347000002861023,-0.233400002121925,-0.291299998760223,-0.0586999990046024,-0.288800001144409,-0.413800001144409
E000V00092,-71.549,-36.56,-1.70099997520447,-1.23539996147156,0.119499996304512,0.800800025463104,0.515100002288818,0.954100012779236,0.112999998033047,0.425999999046326
E000360011,-72.037,-36.586,-1.05889999866486,-0.821200013160706,-0.311100006103516,-0.59909999370575,-1.11839997768402,-0.67960000038147,-1.30460000038147,-1.27390003204346
E000V00089,-72.603,-36.625,-1.15100002288818,-1.34930002689362,-0.312299996614456,-0.188899993896484,-0.82150000333786,0,-0.389400005340576,-0.418599992990494
E000V00099,-72.965,-36.672,0.0873000025749207,-0.0782999992370605,0.297600001096725,0.30239999294281,0.267199993133545,0.619700014591217,0.501399993896484,0.703999996185303
E000V00096,-72.704,-36.697,0.401399999856949,0.0992999970912933,0.568300008773804,0.554899990558624,0.483000010251999,0.980400025844574,0.778900027275085,0.83380001783371
E000V00098,-72.983,-36.733,0.0873000025749207,-0.0782999992370605,0.297600001096725,0.30239999294281,0.267199993133545,0.619700014591217,0.501399993896484,0.703999996185303
E000360019,-73.066,-36.781,0.0873000025749207,-0.0782999992370605,0.297600001096725,0.30239999294281,0.267199993133545,0.619700014591217,0.501399993896484,0.703999996185303
E000V00184,-71.5,-36.88,-2.40039992332458,-1.05710005760193,0.558300018310547,-0.59909999370575,-0.804300010204315,-0.374599993228912,-0.682299971580505,-0.723800003528595
E000V00093,-72.099,-36.977,-0.895299971103668,-0.502600014209747,0.0662999972701073,0.256900012493134,0.35139998793602,0.533699989318848,0.26800000667572,0.451499998569489
E000V00095,-73.14,-37.005,-1.43040001392365,-1.42349994182587,-1.26110005378723,-1.14460003376007,-1.04509997367859,-1.07070004940033,-1.39760005474091,-1.29299998283386
E000V00106,-72.403,-37.035,-1.42560005187988,-1.55350005626678,-1.37839996814728,-1.24049997329712,-1.61440002918243,-1.44690001010895,-2.14930009841919,-2.19700002670288
E000V00097,-73.155,-37.092,-1.43040001392365,-1.42349994182587,-1.26110005378723,-1.14460003376007,-1.04509997367859,-1.07070004940033,-1.39760005474091,-1.29299998283386
E000V00105,-71.245,-37.111,-0.823800027370453,-0.356000006198883,-0.482100009918213,-1.20260000228882,-1.35860002040863,-0.0662999972701073,-0.569000005722046,-0.479999989271164
E000V00094,-72.012,-37.141,-1.53610002994537,-0.896499991416931,-0.433099985122681,-0.291299998760223,-0.278800010681152,0.150800004601479,-0.300599992275238,0.110299997031689
E000V00108,-72.946,-37.167,-0.170100003480911,-0.341399997472763,0.0199999995529652,0.00439999997615814,-0.174199998378754,0.35589998960495,0.16329999268055,0.0719000026583672
E000V00107,-72.328,-37.213,-0.916899979114532,-0.632799983024597,0.228400006890297,0.0160000007599592,-0.249500006437302,0.211899995803833,-0.0333000011742115,-0.0118000004440546
E000V00111,-71.949,-37.293,-1.53610002994537,-0.896499991416931,-0.433099985122681,-0.291299998760223,-0.278800010681152,0.150800004601479,-0.300599992275238,0.110299997031689
E000V00100,-73.437,-37.305,-0.460700005292892,-0.287400007247925,-0.407900005578995,-0.499300003051758,-0.723999977111816,-0.764900028705597,-1.09500002861023,-1.05780005455017
E000V00185,-71.566,-37.323,-2.65199995040894,-0.801800012588501,-1.22370004653931,-1.37329995632172,-1.64820003509521,-0.598100006580353,-0.985499978065491,-0.982900023460388
E000370033,-72.424,-37.397,-1.18980002403259,-1.3507000207901,-1.0003000497818,-1.00600004196167,-1.05229997634888,-0.554099977016449,-0.746399998664856,-0.76529997587204
E000V00186,-72.83,-37.418,-0.552999973297119,-0.497299998998642,-0.616699993610382,-1.01450002193451,-1.26979994773865,-0.943499982357025,-1.07270002365112,-1.271399974823
E000V00103,-73.33,-37.485,-0.111400000751019,-0.317900002002716,-0.269199997186661,-0.014299999922514,0.0120000001043081,-0.0421999990940094,-0.179499998688698,0.0412000007927418
E000V00110,-71.875,-37.536,-2.34400010108948,-1.16480004787445,0.0795999988913536,-0.155000001192093,-0.442499995231628,0.304800003767014,-0.131699994206429,-0.189400002360344
E000V00104,-73.462,-37.627,0.259099990129471,0.324699997901917,0.455599993467331,0.457899987697601,0.479200005531311,0.736100018024445,0.821300029754639,1.05069994926453
E000V00109,-72.007,-37.685,-1.62230002880096,-0.674700021743774,-0.97790002822876,-0.335200011730194,-0.371800005435944,0.460900008678436,0.192100003361702,0.350899994373322
E000V00116,-72.605,-37.726,-1.41270005702972,-1.38069999217987,-1.58500003814697,-1.73510003089905,-1.67999994754791,-1.59979999065399,-1.68120002746582,-1.70070004463196
E000V00101,-73.412,-37.892,0.398099988698959,0.816999971866608,1.07560002803802,0.850799977779388,0.74210000038147,0.830799996852875,0.67629998922348,0.849799990653992
E000V00102,-73.097,-37.95,-0.160899996757507,-0.621599972248077,-1.03890001773834,-1.20239996910095,-1.15369999408722,-1.49600005149841,-1.77279996871948,-1.75539994239807
E000V00112,-71.435,-38.057,-0.884199976921082,0.465999990701675,-0.27590000629425,-0.810000002384186,-0.972100019454956,0.392100006341934,0.160300001502037,0.194100007414818
E000V00114,-72.298,-38.146,0.208800002932549,0.696799993515015,0.242899999022484,0.124300003051758,0.19539999961853,0.59280002117157,0.411100000143051,0.511500000953674
E000V00117,-72.273,-38.228,0.208800002932549,0.696799993515015,0.242899999022484,0.124300003051758,0.19539999961853,0.59280002117157,0.411100000143051,0.511500000953674
E000V00113,-71.233,-38.25,-0.315699994564056,0.192300006747246,-0.789099991321564,-1.02730000019073,-1.19879996776581,-1.09860002994537,-1.24300003051758,-0.591000020503998
E000V00188,-72.956,-38.207,-1.22329998016357,-1.4349000453949,-1.73389995098114,-1.8753000497818,-1.77629995346069,-1.73819994926453,-2.21189999580383,-2.10179996490479
E000V00187,-71.75,-38.414,-1.98829996585846,-0.848599970340729,-0.761900007724762,-0.749899983406067,-0.861199975013733,0.0377000011503696,-0.0816000029444695,-0.00749999983236194
E000V00121,-72.399,-38.435,-0.158899992704391,0.285600006580353,0.818199992179871,0.789499998092651,0.865299999713898,1.16240000724792,0.760500013828278,0.604200005531311
E000V00129,-72.85,-38.446,-1.28489995002747,-1.29879999160767,-1.24469995498657,-1.20060002803802,-0.784099996089935,-0.423900008201599,-1.51929998397827,-1.88510000705719
E000V00126,-72.224,-38.675,-1.50849997997284,0.0683000013232231,0.519299983978271,0.596199989318848,0.532899975776672,1.27009999752045,0.992699980735779,1.24049997329712
E000V00115,-71.141,-38.732,0.195999994874001,1.09019994735718,0.227699995040894,0.252999991178513,0.447499990463257,1.65950000286102,0.3192999958992,0.598800003528595
E000380013,-72.46,-38.768,-1.44980001449585,-1.26740002632141,-0.377600014209747,-0.28099998831749,-0.229100003838539,-0.0925000011920929,-1.02960002422333,-1.15859997272491
E000V00120,-71.683,-38.834,-1.5978000164032,-0.870999991893768,-0.917100012302399,-0.907599985599518,-1.33120000362396,0.125100001692772,-0.0697999969124794,0.00499999988824129
E000V00128,-72.787,-39.022,-1.72179996967316,-1.41709995269775,-0.910600006580353,-0.736899971961975,-0.48309999704361,-0.580600023269653,-1.51499998569489,-1.97590005397797
E000V00127,-72.252,-39.007,-1.19589996337891,0.364499986171722,0.118500001728535,0.391499996185303,0.456999987363815,1.08510005474091,0.58950001001358,0.713800013065338
E000V00122,-72.922,-39.071,-1.16400003433228,-0.661099970340729,-0.244000002741814,0.168200001120567,0.419400006532669,0.223199993371964,-0.646799981594086,-1.3066999912262
E000V00118,-72.615,-39.103,-2.09920001029968,-1.63170003890991,-0.435099989175797,-0.143299996852875,-0.118699997663498,-0.133000001311302,-0.95389997959137,-0.968400001525879
E000V00124,-73.133,-39.165,-1.16120004653931,-0.414600014686584,0.16329999268055,0.451099991798401,0.703700006008148,0.174799993634224,-0.794200003147125,-1.24810004234314
E000V00125,-72.261,-39.196,-0.713800013065338,0.774800002574921,0.549000024795532,0.415600001811981,0.51529997587204,1.0242999792099,0.757300019264221,0.810899972915649
E000V00119,-71.868,-39.262,-0.483500003814697,0.821300029754639,-0.131300002336502,-0.508700013160706,-0.940500020980835,0.86760002374649,0.274699985980988,0.00540000014007092
E000V00123,-71.926,-39.289,-1.18519997596741,0.227200001478195,-0.461600005626678,-0.533699989318848,-1.00919997692108,0.41839998960495,-0.169599995017052,-0.234699994325638
E000V00189,-72.55,-39.373,-1.93449997901917,-0.702400028705597,0.722100019454956,0.793500006198883,0.908399999141693,1.0566999912262,1.01289999485016,1.06869995594025
E000V00190,-73.177,-39.39,-0.913600027561188,-0.114600002765656,0.0844999998807907,0.45100000500679,0.65420001745224,0.0904999971389771,-1.3856999874115,-1.90569996833801
E000V00131,-72.95,-39.632,-1.43270003795624,-0.629899978637695,-0.372500002384186,-0.221799999475479,0.136500000953674,-0.452300012111664,-1.55799996852875,-1.99549996852875
E000390006,-73.087,-39.657,-1.43270003795624,-0.629899978637695,-0.372500002384186,-0.221799999475479,0.136500000953674,-0.452300012111664,-1.55799996852875,-1.99549996852875
E000V00130,-72.501,-39.863,-1.62559998035431,-1.60609996318817,-1.05850005149841,-0.748099982738495,-0.813300013542175,-0.207800000905991,-0.361099988222122,-0.333000004291534
E000V00191,-71.91,-39.88,0.291799992322922,0.844299972057343,-0.674300014972687,-0.443699985742569,-0.919799983501434,0.318599998950958,-0.32710000872612,-0.0295000001788139
E000V00132,-72.927,-40.096,-1.7956999540329,-1.02380001544952,-0.859499990940094,-1.00419998168945,-0.437599986791611,-0.823400020599365,-1.77950000762939,-1.87870001792908
E000V00134,-72.415,-40.134,-0.553300023078918,0.410199999809265,0.225500002503395,-0.058899998664856,0.128499999642372,0.786400020122528,0.659699976444244,1.05299997329712
E000V00193,-73.647,-40.168,-1.09360003471375,-0.0626000016927719,0.316900014877319,0.2483000010252,0.145199999213219,0.134700000286102,-0.612900018692017,-0.187099993228912
E000V00133,-73.024,-40.317,-2.49769997596741,-2.05879998207092,-1.60189998149872,-1.96700000762939,-1.29530000686646,-1.80099999904633,-2.30100011825562,-2.34920001029968
E000V00135,-72.979,-40.323,-2.49769997596741,-2.05879998207092,-1.60189998149872,-1.96700000762939,-1.29530000686646,-1.80099999904633,-2.30100011825562,-2.34920001029968
E000V00139,-73.308,-40.348,-1.77509999275208,-1.43149995803833,-0.51800000667572,-0.278400003910065,0.277300000190735,0.00460000010207295,-0.636300027370453,-0.503499984741211
E000V00192,-72,-40.52,-1.0518000125885,0.253199994564056,-0.437000006437302,-0.550599992275238,-1.38199996948242,0.0834000036120415,-1.00230002403259,-0.571399986743927
E000400009,-73.058,-40.614,-2.63429999351501,-2.2778000831604,-1.98109996318817,-2.50650000572205,-2.09590005874634,-1.8617000579834,-2.20280003547668,-2.25069999694824
E000V00194,-72.116,-40.623,-1.0518000125885,0.253199994564056,-0.437000006437302,-0.550599992275238,-1.38199996948242,0.0834000036120415,-1.00230002403259,-0.571399986743927
E000V00136,-73.152,-40.765,-2.0725998878479,-2.22709989547729,-2.18619990348816,-1.78120005130768,-1.31439995765686,-1.47739994525909,-1.50820004940033,-1.95980000495911
E000V00138,-73.157,-40.861,-2.0725998878479,-2.22709989547729,-2.18619990348816,-1.78120005130768,-1.31439995765686,-1.47739994525909,-1.50820004940033,-1.95980000495911
E000V00195,-73.815,-40.873,-0.802799999713898,-0.736500024795532,-0.559000015258789,0.0015999999595806,0.290499985218048,0.164100006222725,0.101000003516674,0.25110000371933
E000V00137,-72.886,-40.957,-1.68809998035431,-1.65690004825592,-1.70620000362396,-1.39289999008179,-1.0900000333786,-0.983900010585785,-1.105299949646,-1.39429998397827
E000V00142,-73.377,-41.115,-1.42739999294281,-1.70200002193451,-1.88800001144409,-2.01889991760254,-1.12370002269745,-1.74580001831055,-1.67279994487762,-1.88549995422363
E000V00197,-72.339,-41.142,-0.809300005435944,-0.302199989557266,-1.18970000743866,-1.13880002498627,-1.72759997844696,0.36829999089241,-0.889400005340576,-0.627499997615814
E000V00143,-73.009,-41.259,-0.914799988269806,-1.37769997119904,-1.52939999103546,-1.32000005245209,-1.44449996948242,-0.62169998884201,-0.987100005149841,-0.738300025463104
E000V00196,-73.809,-41.359,-0.885200023651123,-0.968299984931946,-0.85970002412796,-1.07239997386932,-0.433800011873245,-1.22449994087219,-1.42990005016327,-1.90339994430542
E000410005,-73.096,-41.448,-1.01870000362396,-1.22920000553131,-1.24129998683929,-0.809099972248077,-0.174099996685982,0.435600012540817,-0.0351000018417835,0.0434999987483025
E000V00198,-72.275,-41.579,-1.8173999786377,-1.58360004425049,-1.34860002994537,-0.954599976539612,-1.5378999710083,0.0518999993801117,-0.848599970340729,-0.955099999904633
E000V00144,-73.672,-41.71,-0.699400007724762,-0.354200005531311,-0.644500017166138,-1.03380000591278,-0.392500013113022,-1.48039996623993,-1.38530004024506,-1.75829994678497
E000V00140,-72.435,-41.938,0.503499984741211,0.746200025081635,-0.229499995708466,0.0189999993890524,-0.936600029468536,0.59060001373291,0.273000001907349,-0.0483999997377396
E000V00141,-71.865,-42.075,-0.831499993801117,0.71780002117157,-1.17569994926453,-1.05780005455017,-1.59909999370575,-0.541400015354156,-1.12279999256134,-1.27129995822906
E000V00151,-72.417,-42.1,0.503499984741211,0.746200025081635,-0.229499995708466,0.0189999993890524,-0.936600029468536,0.59060001373291,0.273000001907349,-0.0483999997377396
E000V00149,-73.49,-42.157,-1.25689995288849,-0.821200013160706,-0.487500011920929,-0.124700002372265,-0.0935999974608421,-0.505400002002716,0.568300008773804,0.403400003910065
E000V00199,-74.078,-42.285,0.323000013828278,0.515600025653839,0.860700011253357,0.752499997615814,0.828599989414215,0.505900025367737,0.84060001373291,0.725199997425079
E000V00201,-72.663,-42.355,-0.385300010442734,-0.379599988460541,-0.834399998188019,-1.51639997959137,-2.04870009422302,-1.32739996910095,-1.0842000246048,-0.366699993610382
E000V00147,-73.568,-42.404,0.620999991893768,0.137338131666183,0.0347289703786373,0.074600413441658,-0.0610520653426647,0.190487071871758,0.308499991893768,0.0915045961737633
E000V00148,-73.633,-42.583,0.0697999969124794,0.892199993133545,1.00429999828339,1.31270003318787,1.1985000371933,1.05340003967285,1.19509994983673,1.01320004463196
E000V00146,-73.789,-42.704,0.124200001358986,1.06840002536774,1.29949998855591,1.54330003261566,0.763199985027313,0.188800007104874,0.672299981117249,0.282000005245209
E000V00145,-72.717,-42.883,0.645399987697601,0.922999978065491,0.216999992728233,-0.126499995589256,-0.537299990653992,0.371800005435944,0.0214000009000301,0.466800004243851
E000430002,-71.852,-43.189,0.34799998998642,0.778199970722198,0.357699990272522,0.784900009632111,1.24549996852875,1.30390000343323,1.42190003395081,1.40020000934601
E000V00200,-74.295,-43.208,0.354200005531311,0.879000008106232,0.128499999642372,-0.0986000001430511,-0.125300005078316,0.457800000905991,0.610199987888336,0.749199986457825
E000V00202,-72.85,-43.364,0.0258000008761883,0.0542000010609627,-0.705799996852875,-1.18029999732971,-1.38209998607635,-0.0829999968409538,-0.237900003790855,0.240500003099442
E000V00150,-72.126,-43.474,0.922100007534027,0.909699976444244,-1.28400003910065,-2.26920008659363,-2.76769995689392,-0.655099987983704,-1.28090000152588,-1.20500004291534
E000430004,-71.801,-43.612,-0.225099995732307,0.167500004172325,-0.770299971103668,-0.361400008201599,0.147799998521805,0.561900019645691,0.271899998188019,0.0644000023603439
E000V00153,-73.74,-43.89,0.371963143348694,0.449998080730438,0.0874136239290237,0.0878138616681099,-0.155163764953613,0.334682106971741,0.00463387882336974,0.058859821408987
E000V00152,-72.387,-43.917,1.38650000095367,0.602999985218048,-0.83050000667572,-0.719600021839142,-1.03670001029968,0.247500002384186,-0.773599982261658,0.0571000017225742
E000V00154,-71.847,-44.24,0.654399991035461,1.52349996566772,-0.624000012874603,-1.29219996929169,-1.29900002479553,0.138199999928474,0.260199993848801,0.43970000743866
E000V00203,-73.097,-44.729,0.286500006914139,0.204899996519089,-1.0492000579834,-1.61730003356934,-2.00519990921021,-0.698800027370453,-1.47430002689362,-1.13849997520447
E000450001,-72.677,-45.399,0.0337999984622002,1.25759994983673,0.833100020885468,0.276899993419647,-0.0707999989390373,1.08319997787476,0.421400010585785,0.660099983215332
E000450004,-72.102,-45.591,-0.420800000429153,0.490700006484985,-0.148100003600121,-0.110500000417233,-0.718400001525879,0.777400016784668,-0.117200002074242,-0.0401999987661839
E000450005,-71.678,-45.918,-0.603999972343445,-0.335700005292892,-0.575800001621246,-0.500500023365021,-1.11849999427795,-0.776600003242493,-0.936699986457825,-0.764500021934509
E000V00157,-71.941,-46.278,-0.889800012111664,-0.663900017738342,-0.310999989509583,-0.133699998259544,-0.94539999961853,-0.743799984455109,-1.10950005054474,-1.12870001792908
E000V00205,-74.778,-46.355,-0.444700002670288,-1.5809999704361,-1.14199995994568,-1.11240005493164,-1.21329998970032,-0.287699997425079,-1.52160000801086,-1.31640005111694
E000V00204,-73.336,-46.569,0.356099992990494,0.37950000166893,0.503499984741211,0.0310999993234873,-0.105999998748302,0.912699997425079,0.600300014019012,0.640600025653839
E000460001,-71.685,-46.585,-1.03289997577667,-0.992900013923645,-1.49249994754791,-0.850499987602234,-1.34809994697571,-0.883099973201752,-1.29910004138947,-1.29579997062683
E000470001,-72.583,-47.244,-1.28880000114441,-1.47909998893738,-0.819700002670288,-0.592700004577637,-0.803399980068207,0.330399990081787,-0.206699997186661,-0.0930000022053719
E000V00156,-73.536,-47.8,-2.5560998916626,-1.43819999694824,-1.16519999504089,-1.14409995079041,-1.34930002689362,-0.707499980926514,-1.28519999980927,-1.15960001945496
E000V00155,-72.56,-48.471,-0.820699989795685,-0.351999998092651,0.41100001335144,0.856000006198883,0.451999992132187,0.741800010204315,-0.55919998884201,-1.12650001049042
E000V00206,-73.941,-48.958,0.179344370961189,0.305577516555786,0.234685629606247,0.0872339457273483,-0.104869678616524,0.456865876913071,0.0839632675051689,0.204128339886665
E000V00207,-73.57,-51.07,1.0061000585556,0.747699975967407,0.570100009441376,0.912999987602234,0.970499992370605,1.40900003910065,1.27160000801086,1.27499997615814
E000V00158,-72.967,-51.184,-2.27180004119873,-1.79170000553131,-1.46870005130768,-1.3150999546051,-1.55630004405975,-1.78579998016357,-2.08279991149902,-0.963100016117096
E000V00159,-71.164,-52.309,-3.16659998893738,-2.55220007896423,-1.72920000553131,-1.12670004367828,-1.29879999160767,-2.07389998435974,-2.05229997634888,-1.4675999879837
E000V00161,-70.361,-52.432,-3.23559999465942,-3.19280004501343,-2.51340007781982,-1.85800004005432,-1.71019995212555,-2.28020000457764,-1.89250004291534,-1.30729997158051
E000V00160,-71.505,-52.601,-3.21580004692078,-2.54410004615784,-2.02029991149902,-1.49000000953674,-1.6907000541687,-1.86090004444122,-1.76250004768372,-1.15629994869232
E000V00162,-69.27,-52.8,-2.31010007858276,-2.03570008277893,-1.45200002193451,-0.813799977302551,-0.869499981403351,-2.125,-1.51310002803802,-0.875699996948242
E000520006,-70.839,-53.002,-2.84540009498596,-2.81760001182556,-2.33829998970032,-1.90750002861023,-2.13429999351501,-2.28740000724792,-1.72580003738403,-1.24619996547699
E000530005,-70.326,-53.254,-1.99699997901917,-2.06609988212585,-1.96490001678467,-1.80089998245239,-1.94060003757477,-1.86969995498657,-1.25080001354218,-1.00510001182556
E000V00208,-71.38,-53.8,-1.40929996967316,-0.51120001077652,0.494500011205673,0.441500008106232,-0.0590999983251095,0.69539999961853,-0.435499995946884,-0.563300013542175
E000V00163,-68.804,-54.051,-2.77800011634827,-2.49530005455017,-0.873600006103516,-0.353700011968613,-0.393400013446808,-0.657599985599518,-0.218099996447563,0.126599997282028
E000550001,-67.616,-54.932,-1.18190002441406,0.96289998292923,0.62720000743866,0.638400018215179,0.317699998617172,0.832400023937225,0.323500007390976,0.380400002002716
