Estacion,Lat,Lon,meses:1,3,6,9,12,24,36,48
E000V00003,-69.478,-17.595,0.595700025558472,1.72850000858307,1.85720002651215,1.66499996185303,1.64629995822906,0.635599970817566,1.4349000453949,1.68980002403259
E000V00002,-69.554,-18.197,1.43799996376038,2.75069999694824,2.85579991340637,2.65840005874634,2.45429992675781,1.55069994926453,1.73689997196198,2.02160000801086
E000180005,-70.34,-18.356,0.0764999985694885,0.0513999983668327,0.32030001282692,0.371399998664856,0.438400000333786,0.24379999935627,0.464800000190735,0.897300004959106
E000V00001,-69.857,-19.011,1.46089994907379,1.71490001678467,1.67569994926453,1.5320999622345,1.47029995918274,1.13329994678497,1.12479996681213,1.38429999351501
E000V00006,-68.638,-19.276,1.32850003242493,0.981400012969971,1.03219997882843,0.870700001716614,0.689999997615814,0.601999998092651,0.767499983310699,1.06710004806519
E000V00005,-69.427,-19.313,0.972100019454956,1.53620004653931,2.19230008125305,2.1826000213623,2.03570008277893,1.44459998607635,1.34230005741119,1.73880004882812
E000V00007,-69.767,-19.996,-0.451999992132187,-0.517799973487854,-0.382600009441376,-0.282400012016296,-0.0957000032067299,-0.031199999153614,0.0511999987065792,0.603299975395203
E000V00004,-70.117,-20.25,-0.799799978733063,-0.794700026512146,-0.0935000032186508,0.349900007247925,0.644999980926514,0.798500001430511,1.10570001602173,1.33809995651245
E000V00008,-69.342,-20.501,0.93970000743866,1.43700003623962,1.58430004119873,1.44920003414154,1.35860002040863,1.11699998378754,1.24979996681213,1.51180005073547
E000200006,-70.181,-20.549,-0.399899989366531,-0.735099971294403,-0.376599997282028,-0.00989999994635582,0.234099999070168,0.171399995684624,0.538600027561188,0.931900024414062
E000V00011,-68.255,-21.224,0.0136000001803041,-0.555899977684021,-0.889500021934509,-1.45190000534058,-1.74430000782013,-1.5945999622345,-1.41820001602173,-1.27620005607605
E000V00013,-70.2,-22.091,-0.44650000333786,-0.351500004529953,-0.221499994397163,0.0212999992072582,0.30129998922348,0.613200008869171,0.982999980449677,1.35679996013641
E000V00014,-69.666,-22.35,-0.636399984359741,-0.709399998188019,-0.376399993896484,-0.195099994540215,0.0211999993771315,0.231499999761581,0.586899995803833,0.869400024414062
E000220002,-68.892,-22.498,-0.0966999977827072,-0.145699992775917,0.329299986362457,0.483799993991852,0.603799998760223,0.685199975967407,0.928600013256073,1.16589999198914
E000V00009,-69.32,-22.892,-1.07340002059937,-1.09539997577667,-0.294099986553192,-0.281699985265732,-0.106799997389317,0.157399997115135,0.703999996185303,0.834500014781952
E000V00012,-68.213,-22.932,-0.0984999984502792,-0.254299998283386,0.123400002717972,0.650300025939941,0.819500029087067,0.584500014781952,0.745999991893768,1.04120004177094
E000230001,-70.445,-23.454,-2.37940001487732,-2.56649994850159,-2.3018000125885,-2.32859992980957,-2.27099990844727,-2.03259992599487,-1.4679000377655,-0.943599998950958
E000V00166,-67.44,-23.6,0.978799998760223,1.2606999874115,1.30770003795624,1.28180003166199,1.35730004310608,1.02390003204346,1.0463000535965,1.27030003070831
E000V00165,-68.57,-23.94,-0.221900001168251,-0.0309999994933605,0.0223999992012978,0.117700003087521,0.331299990415573,0.217899993062019,0.438300013542175,0.648000001907349
E000V00164,-69.69,-24.51,-1.86210000514984,-3.00049996376038,-2.61150002479553,-2.44250011444092,-2.3157000541687,-2.6923999786377,-2.23830008506775,-2.01640009880066
E000V00167,-69.3,-25,-0.308200001716614,-0.708599984645844,-0.644299983978271,-0.435099989175797,-0.179800003767014,-0.0412000007927418,0.397599995136261,0.644699990749359
E000V00010,-70.484,-25.411,-1.79530000686646,-1.76010000705719,-1.02380001544952,-0.908599972724915,-0.745000004768372,-0.25110000371933,-0.0110999997705221,-0.233300000429153
E000V00168,-69.27,-25.7,-0.427899986505508,-0.398900002241135,0.0487999990582466,0.596400022506714,0.853900015354156,0.939400017261505,1.29359996318817,1.62750005722046
E000V00169,-68.99,-26.25,-1.22430002689362,-0.803300023078918,0.0676999986171722,0.918799996376038,1.09599995613098,0.92110002040863,1.08480000495911,1.67449998855591
E000V00016,-70.611,-26.332,-2.71350002288818,-3.31990003585815,-2.92120003700256,-2.82680010795593,-2.64840006828308,-1.91489994525909,-0.978200018405914,-1.09570002555847
E000V00017,-70.046,-26.391,-1.307000041008,-1.32469999790192,-0.736699998378754,-0.563499987125397,-0.293300002813339,0.0626000016927719,0.32370001077652,0.340200006961823
E000V00170,-69.33,-27.07,0.324499994516373,0.164800003170967,0.759899973869324,1.80729997158051,1.65139997005463,1.96920001506805,1.51520001888275,1.92659997940063
E000270008,-70.781,-27.254,-1.8996000289917,-2.28940010070801,-1.2525999546051,-0.897700011730194,-0.736999988555908,-0.441799998283386,-0.0772000029683113,-0.0339000001549721
E000270009,-70.353,-27.359,-0.546500027179718,-0.542500019073486,-0.345800012350082,-0.29339998960495,-0.200599998235703,-0.0934000015258789,0.0970999971032143,0.202600002288818
E000V00171,-69.81,-27.98,0.268299996852875,0.0439000017940998,0.758099973201752,2.10770010948181,2.02349996566772,1.38709998130798,1.48860001564026,1.57799994945526
E000V00019,-71.225,-28.463,0.277300000190735,-0.0357999987900257,0.022299999371171,-0.152999997138977,0.0513000003993511,1.08350002765656,0.644800007343292,0.464199990034103
E000V00018,-70.449,-28.768,-0.83160001039505,-0.784699976444244,-0.583599984645844,-0.236399993300438,0.251800000667572,0.316900014877319,0.0842999964952469,0.0785000026226044
E000V00015,-70,-28.976,0.794200003147125,0.84469997882843,1.3043999671936,1.61059999465942,1.63590002059937,1.17610001564026,1.34739995002747,1.42509996891022
E000V00021,-71.116,-29.372,-0.0820999965071678,-0.108900003135204,-0.0714000016450882,-0.145699992775917,-0.00469999993219972,0.340499997138977,-0.031300000846386,-0.105999998748302
E000290004,-71.207,-29.914,-0.786099970340729,-0.735300004482269,-0.625500023365021,-0.670700013637543,-0.586000025272369,-0.429500013589859,-0.865299999713898,-0.961499989032745
E000V00022,-70.721,-30.031,-0.0109999999403954,-0.708899974822998,0.0689999982714653,1.26660001277924,1.31789994239807,0.911800026893616,1.33510005474091,1.60490000247955
E000V00020,-71.082,-30.234,-1.64719998836517,-1.51590001583099,-1.34979999065399,-1.2438999414444,-1.1570999622345,-1.04299998283386,-1.41910004615784,-1.45860004425049
E000V00172,-71.72,-30.38,-1.32860004901886,-1.19500005245209,-1.29809999465942,-1.49380004405975,-1.41820001602173,-0.92960000038147,-1.68649995326996,-1.66649997234344
E000V00027,-70.937,-30.746,-1.73880004882812,-1.76909995079041,-1.66110002994537,-1.60380005836487,-1.49890005588531,-1.51059997081757,-1.97520005702972,-2.19109988212585
E000V00028,-71.256,-30.838,-1.34889996051788,-1.30540001392365,-1.16589999198914,-1.16820001602173,-1.02760004997253,-0.726000010967255,-1.36459994316101,-1.62300002574921
E000V00026,-70.999,-31.188,-1.81610000133514,-1.7804000377655,-1.76310002803802,-1.75199997425079,-1.53020000457764,-1.4974000453949,-1.99899995326996,-2.18950009346008
E000V00024,-71.413,-31.39,-1.33689999580383,-1.41199994087219,-1.32009994983673,-1.32889997959137,-1.1900999546051,-0.797999978065491,-1.52409994602203,-1.63950002193451
E000V00023,-71.152,-31.633,-1.53639996051788,-1.45770001411438,-1.36249995231628,-1.458899974823,-1.37249994277954,-1.02999997138977,-1.62969994544983,-1.72290003299713
E000V00025,-70.97,-31.783,-0.395399987697601,-1.22140002250671,-1.2043000459671,-0.656499981880188,0.603399991989136,0.506900012493134,0.454699993133545,-0.333200007677078
E000320019,-70.707,-32.076,0.129999995231628,-0.050500001758337,-0.0948000028729439,0.375299990177155,1.56309998035431,0.679899990558624,1.49670004844666,1.34389996528625
E000V00035,-70.926,-32.251,-1.22300004959106,-1.33089995384216,-1.2960000038147,-1.19379997253418,-1.07009994983673,-1.14450001716614,-1.59230005741119,-1.69459998607635
E000V00174,-70.464,-32.343,-0.162000000476837,-0.367599993944168,-0.404900014400482,-0.433699995279312,0.598900020122528,0.315200001001358,1.35950005054474,1.14750003814697
E000V00033,-70.819,-32.362,0.172399997711182,-0.0474999994039536,-0.205200001597404,-1.56910002231598,0.0275999996811152,0.303600013256073,0.661499977111816,0.925899982452393
E000V00034,-71.441,-32.505,-1.83819997310638,-1.77980005741119,-1.52950000762939,-1.4264999628067,-1.54659998416901,-1.39419996738434,-1.85969996452332,-1.72730004787445
E000V00175,-71.014,-32.54,-0.391299992799759,-0.644599974155426,-0.572000026702881,-0.355599999427795,-0.194600000977516,-0.822499990463257,-1.09510004520416,-1.21410000324249
E000V00041,-70.725,-32.594,0.22859999537468,0.0256999991834164,-0.320199996232986,-1.19749999046326,0.672399997711182,0.525699973106384,0.703199982643127,-0.116499997675419
E000V00176,-70.368,-32.618,-0.44980001449585,-0.237399995326996,-0.253899991512299,-0.884500026702881,-0.674199998378754,-2.11089992523193,-1.94060003757477,-2.40190005302429
E000V00040,-70.809,-32.757,0.152999997138977,0.0364000014960766,-0.433400005102158,0.177599996328354,0.786800026893616,-0.163499996066093,-0.772000014781952,-1.18959999084473
E000V00031,-71.526,-32.789,-1.54320001602173,-1.39849996566772,-1.0110000371933,-0.825500011444092,-1.22650003433228,-1.44140005111694,-1.9941999912262,-1.90489995479584
E000V00037,-71.173,-32.79,-1.70099997520447,-1.64090001583099,-1.33469998836517,-1.1003999710083,-1.30820000171661,-1.30630004405975,-1.76409995555878,-1.64610004425049
E000320028,-71.227,-32.828,-1.70099997520447,-1.64090001583099,-1.33469998836517,-1.1003999710083,-1.30820000171661,-1.30630004405975,-1.76409995555878,-1.64610004425049
E000V00032,-70.382,-32.89,0.54559999704361,0.0922999978065491,-0.869799971580505,-1.40890002250671,0.0507000014185905,-0.272399991750717,-0.00469999993219972,0.0140000004321337
E000V00036,-71.207,-32.893,-1.10780000686646,-0.970200002193451,-0.784600019454956,-0.312099993228912,-0.73580002784729,-1.12329995632172,-1.71039998531342,-1.7849999666214
E000V00030,-71.517,-32.917,-0.284299999475479,-0.0526000000536442,-0.0105999996885657,-0.187800005078316,-0.662299990653992,-0.960600018501282,-1.63530004024506,-1.81420004367828
E000V00042,-71.261,-32.994,-1.10780000686646,-0.970200002193451,-0.784600019454956,-0.312099993228912,-0.73580002784729,-1.12329995632172,-1.71039998531342,-1.7849999666214
E000330002,-71.648,-33.023,-0.0800999999046326,0.12950000166893,0.226799994707108,0.0152000002563,-0.45210000872612,-0.712499976158142,-1.67009997367859,-1.84839999675751
E000330007,-71.556,-33.065,-0.284299999475479,-0.0526000000536442,-0.0105999996885657,-0.187800005078316,-0.662299990653992,-0.960600018501282,-1.63530004024506,-1.81420004367828
E000V00029,-71.4,-33.083,-0.284299999475479,-0.0526000000536442,-0.0105999996885657,-0.187800005078316,-0.662299990653992,-0.960600018501282,-1.63530004024506,-1.81420004367828
E000V00051,-70.834,-33.121,0.691600024700165,1.10259997844696,0.90090000629425,-0.275499999523163,0.121200002729893,-0.351900011301041,-0.618799984455109,-0.761500000953674
E000V00050,-70.66,-33.147,0.765900015830994,0.743900001049042,0.605099976062775,0.544200003147125,0.18189999461174,-0.534699976444244,-0.703100025653839,-1.13950002193451
E000V00177,-71.46,-33.23,0.154499992728233,0.518199980258942,0.276800006628036,0.205400004982948,-0.276600003242493,-0.650799989700317,-1.48580002784729,-1.79760003089905
E000V00178,-71.155,-33.287,-0.193399995565414,0.154699996113777,0.200499996542931,0.976400017738342,0.461400002241135,-0.149299994111061,-1.18519997596741,-1.33689999580383
E000V00046,-70.502,-33.353,1.05690002441406,1.29480004310608,0.192300006747246,-1.07130002975464,0.0121999997645617,-0.176599994301796,0.689899981021881,0.743600010871887
E000330021,-70.787,-33.378,0.634400010108948,0.559800028800964,0.443199992179871,0.450599998235703,0.667999982833862,-0.213599994778633,-0.43520000576973,-0.468800008296967
E000V00043,-70.733,-33.42,0.634400010108948,0.559800028800964,0.443199992179871,0.450599998235703,0.667999982833862,-0.213599994778633,-0.43520000576973,-0.468800008296967
E000V00055,-71.026,-33.439,-0.504299998283386,-0.353899985551834,0.0461999997496605,0.91049998998642,0.470299988985062,-0.320100009441376,-0.972100019454956,-1.12399995326996
E000V00038,-71.624,-33.439,-0.405299991369247,-0.178700000047684,-0.19310000538826,-0.305200010538101,-0.692200005054474,-0.853600025177002,-1.57050001621246,-1.92620003223419
E000330020,-70.683,-33.445,0.634400010108948,0.559800028800964,0.443199992179871,0.450599998235703,0.667999982833862,-0.213599994778633,-0.43520000576973,-0.468800008296967
E000330019,-70.549,-33.455,0.366600006818771,0.585799992084503,0.421999990940094,-0.753499984741211,-0.504700005054474,-0.864499986171722,-0.751699984073639,-1.09189999103546
E000V00044,-70.7,-33.467,0.634400010108948,0.559800028800964,0.443199992179871,0.450599998235703,0.667999982833862,-0.213599994778633,-0.43520000576973,-0.468800008296967
E000V00047,-70.766,-33.517,0.634400010108948,0.559800028800964,0.443199992179871,0.450599998235703,0.667999982833862,-0.213599994778633,-0.43520000576973,-0.468800008296967
E000V00039,-71.596,-33.543,-0.405299991369247,-0.178700000047684,-0.19310000538826,-0.305200010538101,-0.692200005054474,-0.853600025177002,-1.57050001621246,-1.92620003223419
E000V00045,-70.548,-33.545,0.366600006818771,0.585799992084503,0.421999990940094,-0.753499984741211,-0.504700005054474,-0.864499986171722,-0.751699984073639,-1.09189999103546
E000V00058,-70.902,-33.608,-0.504299998283386,-0.353899985551834,0.0461999997496605,0.91049998998642,0.470299988985062,-0.320100009441376,-0.972100019454956,-1.12399995326996
E000V00048,-70.567,-33.617,0.366600006818771,0.585799992084503,0.421999990940094,-0.753499984741211,-0.504700005054474,-0.864499986171722,-0.751699984073639,-1.09189999103546
E000330031,-78.833,-33.636,0.22185081243515,0.204906448721886,0.121068552136421,0.113719806075096,0.101061202585697,-0.114288546144962,0.132293149828911,0.0344420224428177
E000330030,-71.613,-33.656,-0.725000023841858,-0.427100002765656,-0.366699993610382,-0.204600006341934,-0.544000029563904,-0.758599996566772,-1.50650000572205,-1.6813999414444
E000V00049,-70.089,-33.676,-1.62810003757477,-1.3507000207901,-0.759700000286102,-0.887600004673004,-1.08159995079041,-1.3614000082016,-1.52649998664856,-1.70439994335175
E000V00057,-71.101,-33.692,-0.358000010251999,-0.370999991893768,-0.0921000018715858,0.426600009202957,-0.0690999999642372,-0.690699994564056,-1.28320002555847,-1.39509999752045
E000V00052,-70.707,-33.707,0.165600001811981,0.41839998960495,0.356299996376038,0.551699995994568,0.12219999730587,-0.683799982070923,-0.789900004863739,-1.21050000190735
E000V00053,-70.639,-33.862,0.165600001811981,0.41839998960495,0.356299996376038,0.551699995994568,0.12219999730587,-0.683799982070923,-0.789900004863739,-1.21050000190735
E000V00179,-70.22,-33.878,0.90200001001358,0.935899972915649,0.17229999601841,-0.748300015926361,-0.654999971389771,-1.44589996337891,-1.44089996814728,-0.876600027084351
E000V00056,-71.394,-33.941,-0.213599994778633,0.224500000476837,-0.0868000015616417,0.265500009059906,0.151199996471405,-0.549300014972687,-1.31949996948242,-1.380499958992
E000V00068,-71.825,-33.959,0.0900000035762787,0.345800012350082,0.265399992465973,0.382099986076355,0.407999992370605,-0.184599995613098,-1.06070005893707,-1.19640004634857
E000V00064,-70.717,-33.983,0.281699985265732,0.667900025844574,0.575100004673004,0.506900012493134,0.13740000128746,-0.58789998292923,-0.872300028800964,-1.41919994354248
E000V00054,-70.995,-34.029,-0.0549999997019768,-0.00430000014603138,0.0135000003501773,0.298200011253357,-0.0646999999880791,-0.584100008010864,-1.19599997997284,-1.40050005912781
E000V00059,-70.772,-34.169,0.953999996185303,1.43190002441406,1.29670000076294,1.07679998874664,0.838500022888184,0.166800007224083,-0.392899990081787,-0.828199982643127
E000V00180,-70.402,-34.203,1.13230001926422,1.53729999065399,0.772899985313416,1.6055999994278,1.53100001811981,0.308999985456467,0.220500007271767,-0.368999987840652
E000V00061,-70.997,-34.215,0.268200010061264,0.444700002670288,0.286500006914139,0.374799996614456,0.179700002074242,-0.444000005722046,-1.11039996147156,-1.52119994163513
E000V00062,-71.3,-34.217,0.0877000018954277,0.186299994587898,0.0604999996721745,0.225299999117851,0.0696000009775162,-0.604600012302399,-1.34029996395111,-1.65349996089935
E000V00060,-70.948,-34.261,0.268200010061264,0.444700002670288,0.286500006914139,0.374799996614456,0.179700002074242,-0.444000005722046,-1.11039996147156,-1.52119994163513
E000V00066,-70.812,-34.279,0.953999996185303,1.43190002441406,1.29670000076294,1.07679998874664,0.838500022888184,0.166800007224083,-0.392899990081787,-0.828199982643127
E000V00065,-70.834,-34.322,0.953999996185303,1.43190002441406,1.29670000076294,1.07679998874664,0.838500022888184,0.166800007224083,-0.392899990081787,-0.828199982643127
E000V00067,-72.019,-34.394,1.4708000421524,2.28640007972717,2.45679998397827,1.91149997711182,1.59669995307922,1.30750000476837,0.361999988555908,-0.0533999986946583
E000V00063,-70.21,-34.411,0.23589999973774,0.254599988460541,-1.72000002861023,-2.01410007476807,-1.16470003128052,-1.12860000133514,-0.268200010061264,-0.442900002002716
E000V00071,-71.463,-34.485,0.438800007104874,0.759899973869324,0.561699986457825,0.469500005245209,0.312099993228912,-0.510299980640411,-1.04610002040863,-1.50829994678497
E000V00069,-71.898,-34.645,0.672500014305115,1.59300005435944,1.70529997348785,1.7496999502182,1.47959995269775,1.32829999923706,0.291999995708466,-0.121100001037121
E000V00072,-71.4,-34.691,1.46819996833801,1.67840003967285,1.02079999446869,1.15600001811981,1.1813999414444,0.245600000023842,-0.700500011444092,-0.980400025844574
E000V00070,-71.63,-34.714,1.25530004501343,1.32780003547668,1.06260001659393,1.09679996967316,1.07690000534058,0.694999992847443,-0.26120001077652,-0.617999970912933
E000340044,-71.02,-34.721,0.920899987220764,1.26160001754761,1.23909997940063,1.10710000991821,0.635699987411499,-0.181799992918968,-0.854300022125244,-1.56260001659393
E000V00181,-70.52,-34.781,0.853100001811981,0.682299971580505,-0.557500004768372,-0.54009997844696,-0.388999998569489,-0.0417000018060207,-0.230800002813339,1.44340002536774
E000V00086,-72.026,-34.855,0.672500014305115,1.59300005435944,1.70529997348785,1.7496999502182,1.47959995269775,1.32829999923706,0.291999995708466,-0.121100001037121
E000V00084,-71.125,-34.96,1.31959998607635,1.52569997310638,1.63209998607635,2.00099992752075,1.22599995136261,0.415199995040894,-0.396200001239777,-0.787299990653992
E000V00083,-71.832,-34.968,1.29939997196198,1.54770004749298,1.39359998703003,1.50849997997284,1.42739999294281,1.12569999694824,0.120300002396107,-0.298500001430511
E000340031,-71.217,-34.969,1.1657999753952,1.32939994335175,1.2335000038147,1.20089995861053,0.770600020885468,-0.154799997806549,-0.828400015830994,-1.38580000400543
E000V00085,-70.811,-35,0.114399999380112,0.594299972057343,-0.17399999499321,1.69840002059937,0.919799983501434,0.0243999995291233,-0.376899987459183,0.988900005817413
E000V00076,-71.956,-35.128,0.864199995994568,1.52620005607605,1.84029996395111,1.68280005455017,1.41600000858307,1.05159997940063,0.666999995708466,0.0595000013709068
E000V00182,-70.83,-35.398,1.51049995422363,1.55630004405975,-0.755699992179871,-0.569100022315979,-0.155000001192093,0.245900005102158,0.83840000629425,1.3396999835968
E000V00079,-71.467,-35.419,0.6942999958992,0.486600011587143,0.204799994826317,0.117200002074242,-0.0763000026345253,-0.872600018978119,-1.38590002059937,-1.77439999580383
E000V00078,-71.7,-35.533,0.930599987506866,0.778800010681152,0.962800025939941,1.04480004310608,0.905099987983704,0.296499997377396,-0.046900000423193,-0.253800004720688
E000V00074,-71.454,-35.663,0.515900015830994,0.287200003862381,-0.188700005412102,-0.472400009632111,-0.736500024795532,-1.40989995002747,-1.69200003147125,-2.41370010375977
E000V00077,-72.082,-35.672,0.46340000629425,0.39410001039505,0.400000005960464,0.418799996376038,0.397100001573563,-0.0322999991476536,0.109200000762939,-0.162900000810623
E000V00080,-71.062,-35.699,1.6936000585556,1.64530003070831,0.834699988365173,0.885699987411499,1.52579998970032,0.774699985980988,0.610300004482269,0.361699998378754
E000V00081,-72.511,-35.707,1.2820999622345,1.37129998207092,1.39979994297028,1.2824000120163,1.2059999704361,0.822099983692169,0.559099972248077,0.144500002264977
E000V00075,-71.631,-35.753,1.05320000648499,0.784300029277802,0.924000024795532,0.861199975013733,0.598399996757507,-0.348600000143051,-0.675899982452393,-1.11039996147156
E000V00082,-72.587,-35.836,1.2820999622345,1.37129998207092,1.39979994297028,1.2824000120163,1.2059999704361,0.822099983692169,0.559099972248077,0.144500002264977
E000V00183,-71.05,-36.06,1.22800004482269,1.34220004081726,0.555400013923645,0.0617999993264675,-0.170000001788139,-0.350499987602234,0.364699989557266,0.867299973964691
E000V00087,-72.783,-36.133,0.571399986743927,0.682200014591217,0.312000006437302,0.0816999971866608,-0.089599996805191,-0.430599987506866,-0.231499999761581,-0.344099998474121
E000V00073,-71.548,-36.257,1.3235000371933,1.00310003757477,0.409799993038177,0.131400004029274,0.218999996781349,-0.38960000872612,-0.302599996328354,-0.669000029563904
E000V00091,-71.9,-36.292,0.872099995613098,0.590399980545044,0.162599995732307,0.219799995422363,-0.0474000014364719,-0.894599974155426,-1.06579995155334,-1.37070000171661
E000V00090,-72.64,-36.43,0.284099996089935,0.394899994134903,0.485300004482269,0.523500025272369,0.301499992609024,-0.168699994683266,-0.0997999981045723,-0.254999995231628
E000V00088,-72.699,-36.492,0.284099996089935,0.394899994134903,0.485300004482269,0.523500025272369,0.301499992609024,-0.168699994683266,-0.0997999981045723,-0.254999995231628
E000V00092,-71.549,-36.56,1.17579996585846,0.691900014877319,0.112400002777576,0.770799994468689,0.535000026226044,0.670700013637543,0.960500001907349,0.370900005102158
E000360011,-72.037,-36.586,1.4835000038147,1.52820003032684,1.13540005683899,0.828700006008148,0.509299993515015,-0.282599985599518,-0.583599984645844,-0.762700021266937
E000V00089,-72.603,-36.625,0.477999985218048,0.463099986314774,0.546199977397919,0.963100016117096,0.673699975013733,-0.296499997377396,-0.221300005912781,-0.0599999986588955
E000V00099,-72.965,-36.672,0.770299971103668,0.901700019836426,0.750500023365021,0.543799996376038,0.28600001335144,0.0939999967813492,0.286700010299683,0.31139999628067
E000V00096,-72.704,-36.697,-0.0144999995827675,-0.0540000014007092,-0.0357000008225441,0.0403999984264374,-0.24040000140667,-0.0973000004887581,0.295399993658066,0.390300005674362
E000V00098,-72.983,-36.733,0.770299971103668,0.901700019836426,0.750500023365021,0.543799996376038,0.28600001335144,0.0939999967813492,0.286700010299683,0.31139999628067
E000360019,-73.066,-36.781,0.770299971103668,0.901700019836426,0.750500023365021,0.543799996376038,0.28600001335144,0.0939999967813492,0.286700010299683,0.31139999628067
E000V00184,-71.5,-36.88,0.65039998292923,0.490200012922287,-0.872200012207031,-1.36450004577637,-1.1003999710083,-1.24759995937347,-0.936299979686737,-1.0300999879837
E000V00093,-72.099,-36.977,0.917800009250641,0.778299987316132,0.0399999991059303,0.0588000006973743,0.158800005912781,-0.0988999977707863,0.256199985742569,0.167500004172325
E000V00095,-73.14,-37.005,-0.708500027656555,-1.02100002765656,-1.93599998950958,-2.67409992218018,-3.23810005187988,-3.4679000377655,-3.23639988899231,-3.23769998550415
E000V00106,-72.403,-37.035,0.258399993181229,-0.0540999993681908,-0.312900006771088,-0.492000013589859,-1.05260002613068,-2.08150005340576,-2.33559989929199,-2.5158998966217
E000V00097,-73.155,-37.092,-0.708500027656555,-1.02100002765656,-1.93599998950958,-2.67409992218018,-3.23810005187988,-3.4679000377655,-3.23639988899231,-3.23769998550415
E000V00105,-71.245,-37.111,0.812099993228912,1.26300001144409,0.0220999997109175,0.00240000011399388,0.708000004291534,-0.588900029659271,-0.0052000000141561,-0.12729999423027
E000V00094,-72.012,-37.141,0.791700005531311,0.725899994373322,-0.062100000679493,-0.0138999996706843,0.229000002145767,-0.422399997711182,0.0196000002324581,-0.353899985551834
E000V00108,-72.946,-37.167,1.11860001087189,1.04879999160767,0.56879997253418,0.500899970531464,0.130300000309944,-0.467599987983704,-0.249099999666214,-0.157499998807907
E000V00107,-72.328,-37.213,0.910600006580353,0.685199975967407,1.03450000286102,1.25800001621246,0.754899978637695,0.117899999022484,0.0489000007510185,0.143900007009506
E000V00111,-71.949,-37.293,0.791700005531311,0.725899994373322,-0.062100000679493,-0.0138999996706843,0.229000002145767,-0.422399997711182,0.0196000002324581,-0.353899985551834
E000V00100,-73.437,-37.305,0.908599972724915,0.503400027751923,-0.0825000032782555,-0.753600001335144,-1.22769999504089,-1.31400001049042,-1.28279995918274,-1.29659998416901
E000V00185,-71.566,-37.323,1.6599999666214,1.21109998226166,-0.755100011825562,-0.748199999332428,-0.19650000333786,-1.53830003738403,-1.15059995651245,-1.19599997997284
E000370033,-72.424,-37.397,-0.462999999523163,-1.1686999797821,-1.25940001010895,-1.71949994564056,-2.13739991188049,-2.4400999546051,-2.14199995994568,-1.87969994544983
E000V00186,-72.83,-37.418,0.461699992418289,-0.202600002288818,-0.521000027656555,-0.741299986839294,-1.14079999923706,-1.67890000343323,-1.85749995708466,-1.67780005931854
E000V00103,-73.33,-37.485,-0.0294000003486872,-0.416900008916855,-0.908200025558472,-1.36450004577637,-1.86070001125336,-1.59430003166199,-1.20200002193451,-1.08120000362396
E000V00110,-71.875,-37.536,0.84469997882843,0.448000013828278,-1.01189994812012,-1.12370002269745,-0.37720000743866,-1.02880001068115,-0.529100000858307,-0.615199983119965
E000V00104,-73.462,-37.627,-0.692399978637695,-1.0291999578476,-1.37109994888306,-1.54830002784729,-1.66859996318817,-0.941500008106232,-0.311500012874603,0.0166999995708466
E000V00109,-72.007,-37.685,0.331900000572205,-0.0772000029683113,-0.970399975776672,-0.431499987840652,-0.51419997215271,-1.05280005931854,-0.464100003242493,-0.4408999979496
E000V00116,-72.605,-37.726,-0.0399999991059303,-0.780700027942657,-1.23090004920959,-1.70679998397827,-2.07870006561279,-2.59439992904663,-2.83689999580383,-2.85389995574951
E000V00101,-73.412,-37.892,1.6110999584198,1.43120002746582,1.02289998531342,0.629599988460541,0.573800027370453,0.671599984169006,0.802100002765656,0.799399971961975
E000V00102,-73.097,-37.95,-0.59960001707077,-1.32179999351501,-2.28419995307922,-3.02729988098145,-3.52880001068115,-3.55320000648499,-3.43880009651184,-3.48620009422302
E000V00112,-71.435,-38.057,1.44920003414154,1.1356999874115,-0.75220000743866,-0.439099997282028,-0.309399992227554,-1.25380003452301,-0.507000029087067,-0.258500009775162
E000V00114,-72.298,-38.146,0.437900006771088,0.437400013208389,0.108900003135204,0.00970000028610229,-0.0221999995410442,-0.180399999022484,0.138899996876717,0.264400005340576
E000V00117,-72.273,-38.228,0.437900006771088,0.437400013208389,0.108900003135204,0.00970000028610229,-0.0221999995410442,-0.180399999022484,0.138899996876717,0.264400005340576
E000V00113,-71.233,-38.25,2.63260006904602,2.52769994735718,1.6110999584198,1.46630001068115,0.879100024700165,-0.223100006580353,-0.586600005626678,-0.846199989318848
E000V00188,-72.956,-38.207,0.198100000619888,-0.379700005054474,-0.649200022220612,-0.695500016212463,-1.12670004367828,-2.01539993286133,-2.16149997711182,-2.61100006103516
E000V00187,-71.75,-38.414,0.351799994707108,0.503799974918365,-0.104500003159046,0.157900005578995,0.375699996948242,-0.688300013542175,-0.0772999972105026,-0.238399997353554
E000V00121,-72.399,-38.435,0.660300016403198,0.682699978351593,0.681100010871887,0.612999975681305,0.261700004339218,0.397000014781952,0.731299996376038,0.746100008487701
E000V00129,-72.85,-38.446,-0.000300000014249235,-0.416999995708466,-0.162300005555153,-0.163200005888939,-0.981599986553192,-1.97109997272491,-1.64040005207062,-1.88460004329681
E000V00126,-72.224,-38.675,0.337700009346008,0.0772999972105026,0.152799993753433,0.517199993133545,0.584999978542328,0.366200000047684,0.72409999370575,0.911199986934662
E000V00115,-71.141,-38.732,1.18859994411469,1.58720004558563,0.290600001811981,0.41729998588562,0.582000017166138,0.275200009346008,1.0789999961853,0.393200010061264
E000380013,-72.46,-38.768,0.25229999423027,-0.197699993848801,-0.0833000019192696,0.198500007390976,-0.156299993395805,-0.877300024032593,-0.833999991416931,-1.03229999542236
E000V00120,-71.683,-38.834,0.644699990749359,0.391999989748001,-0.459199994802475,0.25229999423027,0.589299976825714,-0.593400001525879,0.0152000002563,-0.0421999990940094
E000V00128,-72.787,-39.022,0.144099995493889,-0.444900006055832,-0.328000009059906,-0.096900001168251,-0.174099996685982,-1.11020004749298,-1.21720004081726,-1.40310001373291
E000V00127,-72.252,-39.007,-0.610499978065491,-0.111100003123283,-0.0696000009775162,0.257099986076355,0.605799973011017,0.506600022315979,0.883000016212463,0.717400014400482
E000V00122,-72.922,-39.071,0.552200019359589,-0.0324999988079071,0.00939999986439943,0.0825000032782555,-0.0958999991416931,-0.429500013589859,-0.203899994492531,-0.622699975967407
E000V00118,-72.615,-39.103,0.553699970245361,-0.332300007343292,-0.352999985218048,-0.063900001347065,-0.00769999995827675,-0.740400016307831,-0.991699993610382,-0.981000006198883
E000V00124,-73.133,-39.165,0.564899981021881,-0.0285000000149012,0.295899987220764,0.324600011110306,0.0984999984502792,-0.166999995708466,-0.0773999989032745,-0.441700011491776
E000V00125,-72.261,-39.196,-0.399500012397766,0.0331999994814396,0.0167999994009733,0.272300004959106,0.635699987411499,0.495200008153915,0.809700012207031,0.779699981212616
E000V00119,-71.868,-39.262,0.788699984550476,0.527800023555756,-1.1768000125885,0.350699990987778,0.700200021266937,0.0212999992072582,0.942499995231628,0.66729998588562
E000V00123,-71.926,-39.289,0.344500005245209,-0.133100003004074,-0.912800014019012,0.456299990415573,0.815500020980835,-0.0328000001609325,0.515999972820282,0.250699996948242
E000V00189,-72.55,-39.373,0.566200017929077,-0.107699997723103,-0.269499987363815,0.0535999983549118,0.352999985218048,0.267399996519089,0.490900009870529,0.820699989795685
E000V00190,-73.177,-39.39,0.283300012350082,-0.0410999990999699,0.276399999856949,0.343199998140335,0.445699989795685,0.233500003814697,0.337000012397766,-0.540600001811981
E000V00131,-72.95,-39.632,0.302899986505508,-0.257099986076355,-0.152999997138977,-0.301099985837936,-0.143500000238419,-0.582300007343292,-0.550899982452393,-1.16709995269775
E000390006,-73.087,-39.657,0.302899986505508,-0.257099986076355,-0.152999997138977,-0.301099985837936,-0.143500000238419,-0.582300007343292,-0.550899982452393,-1.16709995269775
E000V00130,-72.501,-39.863,0.601700007915497,-0.440600007772446,-0.861100018024445,-0.582300007343292,-0.0357000008225441,-0.847500026226044,-0.679899990558624,-0.533100008964539
E000V00191,-71.91,-39.88,0.534500002861023,-0.107299998402596,-1.65769994258881,-0.155000001192093,-0.0763999968767166,-0.424400001764297,0.106899999082088,-0.312200009822845
E000V00132,-72.927,-40.096,0.308899998664856,-0.292400002479553,-0.19650000333786,-0.410199999809265,-0.208599999547005,-0.951300024986267,-0.651000022888184,-1.46259999275208
E000V00134,-72.415,-40.134,-0.0595000013709068,-0.106200002133846,0.275599986314774,0.0738999992609024,0.0373999997973442,-0.158600002527237,0.493999987840652,0.582899987697601
E000V00193,-73.647,-40.168,-0.138899996876717,0.237399995326996,-0.226099997758865,-0.335299998521805,-1.2853000164032,-1.32109999656677,-0.932099997997284,-1.32570004463196
E000V00133,-73.024,-40.317,0.360199987888336,-0.428400009870529,-0.562099993228912,-0.77539998292923,-0.57669997215271,-1.70029997825623,-1.59379994869232,-2.3591001033783
E000V00135,-72.979,-40.323,0.360199987888336,-0.428400009870529,-0.562099993228912,-0.77539998292923,-0.57669997215271,-1.70029997825623,-1.59379994869232,-2.3591001033783
E000V00139,-73.308,-40.348,-0.929400026798248,-0.872200012207031,-1.07829999923706,-1.30169999599457,-0.877499997615814,-1.39370000362396,-0.666299998760223,-1.3128000497818
E000V00192,-72,-40.52,0.292100012302399,-0.153500005602837,-1.64250004291534,-0.336299985647202,-0.00480000022798777,-0.673200011253357,-0.133399993181229,-1.0349999666214
E000400009,-73.058,-40.614,-0.33500000834465,-1.01429998874664,-0.970399975776672,-1.05420005321503,-1.03980004787445,-2.12890005111694,-1.98699998855591,-2.46860003471375
E000V00194,-72.116,-40.623,0.292100012302399,-0.153500005602837,-1.64250004291534,-0.336299985647202,-0.00480000022798777,-0.673200011253357,-0.133399993181229,-1.0349999666214
E000V00136,-73.152,-40.765,0.00889999978244305,-0.872500002384186,-0.711399972438812,-0.653800010681152,-0.513499975204468,-1.45120000839233,-1.32400000095367,-1.72309994697571
E000V00138,-73.157,-40.861,0.00889999978244305,-0.872500002384186,-0.711399972438812,-0.653800010681152,-0.513499975204468,-1.45120000839233,-1.32400000095367,-1.72309994697571
E000V00195,-73.815,-40.873,0.513000011444092,0.0560999996960163,0.494500011205673,0.356599986553192,0.453000009059906,0.228300005197525,0.48759999871254,0.1891999989748
E000V00137,-72.886,-40.957,0.537500023841858,-1.50119996070862,-1.41470003128052,-1.8264000415802,-1.20379996299744,-2.18449997901917,-1.41279995441437,-2.07750010490417
E000V00142,-73.377,-41.115,0.150800004601479,-0.847699999809265,-0.751500010490417,-1.08200001716614,-1.15600001811981,-1.51429998874664,-1.28569996356964,-1.94869995117188
E000V00197,-72.339,-41.142,0.897800028324127,0.552200019359589,-0.198599994182587,0.742999970912933,0.47979998588562,-0.611800014972687,0.348399996757507,-0.395399987697601
E000V00143,-73.009,-41.259,-1.08700001239777,-2.13619995117188,-2.22460007667542,-2.47119998931885,-1.86580002307892,-2.21849989891052,-1.50189995765686,-1.83759999275208
E000V00196,-73.809,-41.359,0.453599989414215,-0.639699995517731,-0.447899997234344,-0.717400014400482,-0.880699992179871,-0.927600026130676,-0.698199987411499,-1.7069000005722
E000410005,-73.096,-41.448,0.0987000018358231,-0.306400001049042,-2.03900003433228,-1.4666999578476,-0.118100002408028,-0.463499993085861,0.170900002121925,0.229900002479553
E000V00198,-72.275,-41.579,1.00080001354218,0.726000010967255,-0.815900027751923,0.062100000679493,0.418700009584427,-0.532400012016296,0.11150000244379,-0.568599998950958
E000V00144,-73.672,-41.71,0.113600000739098,-0.94650000333786,-0.888499975204468,-1.27269995212555,-1.26040005683899,-1.64139997959137,-1.26520001888275,-2.12669992446899
E000V00140,-72.435,-41.938,0.562099993228912,0.818199992179871,0.442699998617172,0.583500027656555,0.115900002419949,-0.0131999999284744,0.296999990940094,0.278699994087219
E000V00141,-71.865,-42.075,0.84689998626709,0.404000014066696,-0.659300029277802,-0.449000000953674,-0.284799993038177,-1.35730004310608,-0.832899987697601,-1.31140005588531
E000V00151,-72.417,-42.1,0.562099993228912,0.818199992179871,0.442699998617172,0.583500027656555,0.115900002419949,-0.0131999999284744,0.296999990940094,0.278699994087219
E000V00149,-73.49,-42.157,-0.38060000538826,-1.19019997119904,-1.49430000782013,-1.44130003452301,-1.19690001010895,-0.958000004291534,-0.991800010204315,-0.775200009346008
E000V00199,-74.078,-42.285,0.800400018692017,-0.758499979972839,-0.653699994087219,-0.372399985790253,-0.333799988031387,-0.0496999993920326,0.25560000538826,0.229100003838539
E000V00201,-72.663,-42.355,0.808499991893768,0.404399991035461,-0.99889999628067,0.10639999806881,0.234099999070168,-0.747300028800964,-0.792500019073486,-0.713900029659271
E000V00147,-73.568,-42.404,0.719099998474121,-0.0509999990463257,-0.650600016117096,-0.912400007247925,-1.51219999790192,-0.695699989795685,-0.0690959319472313,-0.350300014019012
E000V00148,-73.633,-42.583,0.0472999997437,-1.40550005435944,-1.01730000972748,-0.454199999570847,-0.52240002155304,-0.0837000012397766,0.439399987459183,0.33160001039505
E000V00146,-73.789,-42.704,0.0961000025272369,-1.64520001411438,-1.54939997196198,-1.51569998264313,-1.55809998512268,-0.511799991130829,-0.259799987077713,-0.948499977588654
E000V00145,-72.717,-42.883,0.518800020217896,0.625999987125397,-0.265399992465973,0.64709997177124,0.0401999987661839,-0.167699992656708,0.0749000012874603,-0.00179999996908009
E000430002,-71.852,-43.189,2.00720000267029,1.76610004901886,1.69719994068146,1.94630002975464,1.97259998321533,1.87860000133514,2.08159995079041,2.00079989433289
E000V00200,-74.295,-43.208,0.932299971580505,-0.185599997639656,0.559599995613098,-0.0566000007092953,-0.0912000015377998,-0.293999999761581,0.120600000023842,0.164700001478195
E000V00202,-72.85,-43.364,0.957300007343292,0.91540002822876,0.290100008249283,0.204699993133545,-0.105999998748302,-0.651899993419647,-0.151299998164177,-0.0888999998569489
E000V00150,-72.126,-43.474,0.759899973869324,0.897499978542328,0.824000000953674,0.574599981307983,0.457100003957748,-1.33669996261597,-0.313400000333786,-0.759500026702881
E000430004,-71.801,-43.612,0.803699970245361,0.571300029754639,1.01719999313354,1.31630003452301,1.52129995822906,0.84579998254776,1.8588000535965,1.43669998645782
E000V00153,-73.74,-43.89,0.310183942317963,-0.104935184121132,-0.0304157044738531,-0.322698354721069,-0.513385593891144,-0.396111339330673,-0.0868017375469208,-0.346258252859116
E000V00152,-72.387,-43.917,0.674700021743774,0.861000001430511,0.741500020027161,0.246500000357628,-0.142700001597404,-0.817499995231628,-0.0980999991297722,-0.732200026512146
E000V00154,-71.847,-44.24,1.99170005321503,1.74210000038147,1.79050004482269,1.31550002098083,1.56190001964569,0.341199994087219,0.90090000629425,0.757700026035309
E000V00203,-73.097,-44.729,-0.259900003671646,-1.47090005874634,-1.59119999408722,-0.776600003242493,-1.00020003318787,-2.11960005760193,-2.04620003700256,-2.12660002708435
E000450001,-72.677,-45.399,1.11800003051758,1.23479998111725,-0.366699993610382,-0.451099991798401,-0.00430000014603138,-0.00139999995008111,0.625999987125397,0.262800008058548
E000450004,-72.102,-45.591,1.40499997138977,0.870500028133392,0.42399999499321,0.2483000010252,0.409299999475479,0.00689999992027879,0.728200018405914,0.00289999996311963
E000450005,-71.678,-45.918,0.715200006961823,-0.0351999998092651,-0.452399998903275,-0.85809999704361,-0.802299976348877,-1.12279999256134,-1.10660004615784,-1.16299998760223
E000V00157,-71.941,-46.278,0.375999987125397,-0.137600004673004,-0.714399993419647,-0.885200023651123,-1.29289996623993,-1.34389996528625,-1.48880004882812,-1.61749994754791
E000V00205,-74.778,-46.355,-0.679799973964691,-2.30419993400574,-1.23140001296997,-1.85590004920959,-2.27160000801086,-2.74329996109009,-1.91519999504089,-2.51640009880066
E000V00204,-73.336,-46.569,2.45700001716614,3.56760001182556,2.105299949646,0.0015999999595806,-0.213499993085861,-0.254700005054474,0.383599996566772,0.347000002861023
E000460001,-71.685,-46.585,-0.845399975776672,-0.676400005817413,-0.724399983882904,-0.979200005531311,-0.833100020885468,-1.27219998836517,-1.24839997291565,-1.47109997272491
E000470001,-72.583,-47.244,1.61360001564026,2.08330011367798,1.26689994335175,-0.390100002288818,-0.782700002193451,-0.943899989128113,-0.163800001144409,-0.491499990224838
E000V00156,-73.536,-47.8,1.95469999313354,2.37809991836548,0.255800008773804,-1.36710000038147,-1.7684999704361,-2,-1.50150001049042,-1.90059995651245
E000V00155,-72.56,-48.471,0.11879999935627,0.375800013542175,-0.617200016975403,-2.38669991493225,-2.1710000038147,-0.86379998922348,-0.446200013160706,-1.50300002098083
E000V00206,-73.941,-48.958,0.359461277723312,0.320147186517715,0.132204115390778,-0.306237280368805,-0.489314466714859,-0.376342266798019,-0.0391820594668388,-0.230413213372231
E000V00207,-73.57,-51.07,-0.79119998216629,-0.687300026416779,0.201100006699562,-0.268299996852875,-0.445600003004074,0.24439999461174,0.789900004863739,0.727999985218048
E000V00158,-72.967,-51.184,0.679400026798248,0.471500009298325,0.312799990177155,-0.867999970912933,-0.849200010299683,-1.84319996833801,-2.13190007209778,-2.92350006103516
E000V00159,-71.164,-52.309,0.574599981307983,0.484699994325638,-0.455700010061264,-0.922999978065491,-1.42030000686646,-2.05450010299683,-2.56599998474121,-3.06780004501343
E000V00161,-70.361,-52.432,0.57779997587204,0.501800000667572,-0.302199989557266,-0.768599987030029,-1.15520000457764,-2.22639989852905,-2.8643000125885,-3.40100002288818
E000V00160,-71.505,-52.601,1.38269996643066,1.03779995441437,-0.0375000014901161,-0.637199997901917,-1.5,-2.41170001029968,-2.77020001411438,-3.08999991416931
E000V00162,-69.27,-52.8,1.11549997329712,0.872900009155273,0.495700001716614,0.147300004959106,-0.51639997959137,-1.51510000228882,-2.20749998092651,-2.68420004844666
E000520006,-70.839,-53.002,1.03680002689362,1.1172000169754,0.574599981307983,0.358200013637543,-0.243399992585182,-1.56019997596741,-2.36960005760193,-2.35770010948181
E000530005,-70.326,-53.254,0.634899973869324,0.581799983978271,-0.240299999713898,-0.580099999904633,-1.02730000019073,-1.86249995231628,-2.34450006484985,-2.21009993553162
E000V00208,-71.38,-53.8,0.77539998292923,0.220799997448921,-0.910600006580353,-1.16120004653931,-1.35710000991821,-1.02279996871948,-0.600799977779388,-1.29509997367859
E000V00163,-68.804,-54.051,1.03149998188019,0.423500001430511,-0.087399996817112,-0.109999999403954,-0.37169998884201,-1.27190005779266,-1.1311000585556,-1.14579999446869
E000550001,-67.616,-54.932,1.1382999420166,0.597000002861023,-0.853999972343445,-1.07130002975464,-0.788800001144409,-0.480199992656708,-0.164599999785423,-0.328000009059906
