Estacion,Lat,Lon,meses:1,3,6,9,12,24,36,48
E000V00003,-69.478,-17.595,1.03480005264282,1.12730002403259,0.984000027179718,0.984200000762939,0.843200027942657,0.231800004839897,1.07669997215271,1.43900001049042
E000V00002,-69.554,-18.197,1.60440003871918,2.02069997787476,2.1784999370575,2.07240009307861,1.92709994316101,1.2063000202179,1.52680003643036,1.88300001621246
E000180005,-70.34,-18.356,-0.121899999678135,0.343800008296967,0.444499999284744,0.451200008392334,0.512199997901917,0.208599999547005,0.482199996709824,1.06330001354218
E000V00001,-69.857,-19.011,1.87339997291565,1.78489995002747,1.46080005168915,1.40779995918274,1.38090002536774,0.927500009536743,1.07360005378723,1.44089996814728
E000V00006,-68.638,-19.276,0.870700001716614,0.886600017547607,0.692200005054474,0.606199979782104,0.477899998426437,0.590099990367889,0.666299998760223,1.12750005722046
E000V00005,-69.427,-19.313,2.34910011291504,2.75939989089966,2.48370003700256,2.15569996833801,2.06760001182556,1.30949997901917,1.41059994697571,1.82749998569489
E000V00007,-69.767,-19.996,-0.492500007152557,-0.31139999628067,-0.0851000025868416,0.0280000008642673,0.124399997293949,0.0408000014722347,0.0907000005245209,0.908599972724915
E000V00004,-70.117,-20.25,-0.654600024223328,0.237000003457069,0.616100013256073,0.915300011634827,1.01170003414154,0.994099974632263,1.26709997653961,1.44340002536774
E000V00008,-69.342,-20.501,1.79209995269775,1.65569996833801,1.5349999666214,1.43130004405975,1.28050005435944,1.09640002250671,1.2940000295639,1.56850004196167
E000200006,-70.181,-20.549,-1.06120002269745,-0.454199999570847,0.100400000810623,0.338200002908707,0.316199988126755,0.292499989271164,0.686800003051758,1.04170000553131
E000V00011,-68.255,-21.224,-0.969099998474121,-1.31050002574921,-1.62600004673004,-1.75460004806519,-1.87220001220703,-1.33169996738434,-1.38090002536774,-1.16310000419617
E000V00013,-70.2,-22.091,-0.438100010156631,-0.356499999761581,0.0425000004470348,0.302599996328354,0.424800008535385,0.76639997959137,1.12619996070862,1.44729995727539
E000V00014,-69.666,-22.35,-0.943000018596649,-0.330700010061264,-0.101099997758865,0.102200001478195,0.149700000882149,0.399599999189377,0.720099985599518,0.968100011348724
E000220002,-68.892,-22.498,-0.104900002479553,0.457300007343292,0.691299974918365,0.753000020980835,0.8192999958992,0.819700002670288,1.02960002422333,1.26660001277924
E000V00009,-69.32,-22.892,-1.03269994258881,0.0509000010788441,-0.0100999996066093,0.0216000005602837,0.169799998402596,0.411700010299683,0.79449999332428,0.921500027179718
E000V00012,-68.213,-22.932,-0.576499998569489,0.160300001502037,0.676699995994568,0.953100025653839,0.865700006484985,0.722299993038177,0.848599970340729,1.11319994926453
E000230001,-70.445,-23.454,-2.75,-2.29739999771118,-2.22399997711182,-2.26769995689392,-2.26200008392334,-1.83500003814697,-1.2882000207901,-0.753199994564056
E000V00166,-67.44,-23.6,1.1923999786377,1.29770004749298,1.28629994392395,1.37409996986389,1.35389995574951,0.970000028610229,1.06420004367828,1.31710004806519
E000V00165,-68.57,-23.94,-0.00499999988824129,0.152899995446205,0.160999998450279,0.307500004768372,0.556299984455109,0.259200006723404,0.518400013446808,0.725600004196167
E000V00164,-69.69,-24.51,-3.49839997291565,-2.68120002746582,-2.37199997901917,-2.24049997329712,-2.2195999622345,-2.50760006904602,-2.09179997444153,-1.81710004806519
E000V00167,-69.3,-25,-1.23469996452332,-0.808000028133392,-0.480599999427795,-0.197300001978874,0.0132999997586012,0.0986000001430511,0.488999992609024,0.743600010871887
E000V00010,-70.484,-25.411,-1.832200050354,-0.782100021839142,-0.669700026512146,-0.572200000286102,-0.358300000429153,0.0822999998927116,0.11710000038147,-0.0939000025391579
E000V00168,-69.27,-25.7,-0.531300008296967,0.145600005984306,0.633499979972839,0.965200006961823,1.08050000667572,1.0896999835968,1.40789997577667,1.72090005874634
E000V00169,-68.99,-26.25,-0.698400020599365,0.412499994039536,1.03910005092621,1.25510001182556,1.32529997825623,1.05219995975494,1.21800005435944,1.75269997119904
E000V00016,-70.611,-26.332,-3.64359998703003,-2.78239989280701,-2.63720011711121,-2.53579998016357,-2.26999998092651,-1.28980004787445,-0.668500006198883,-0.792599976062775
E000V00017,-70.046,-26.391,-1.21309995651245,-0.504299998283386,-0.3783999979496,-0.157700002193451,0.0698999986052513,0.313899993896484,0.449400007724762,0.451499998569489
E000V00170,-69.33,-27.07,0.000500000023748726,0.760999977588654,1.72339999675751,1.64509999752045,1.77629995346069,2.03239989280701,1.56770002841949,1.98479998111725
E000270008,-70.781,-27.254,-2.41910004615784,-0.907700002193451,-0.694000005722046,-0.576200008392334,-0.502399981021881,-0.272399991750717,0.0412999987602234,0.0670000016689301
E000270009,-70.353,-27.359,-0.550800025463104,-0.249799996614456,-0.252000004053116,-0.18299999833107,-0.0940999984741211,0.00870000012218952,0.166800007224083,0.268999993801117
E000V00171,-69.81,-27.98,-0.493699997663498,0.566399991512299,2.2260000705719,2.04460000991821,2.06990003585815,1.41670000553131,1.52020001411438,1.63199996948242
E000V00019,-71.225,-28.463,-0.436500012874603,-0.0232999995350838,-0.18520000576973,-0.089199997484684,0.331999987363815,1.082200050354,0.648500025272369,0.466899991035461
E000V00018,-70.449,-28.768,-0.857500016689301,-0.565400004386902,-0.340099990367889,0.38280001282692,0.721499979496002,0.3091000020504,0.115500003099442,0.126499995589256
E000V00015,-70,-28.976,0.666700005531311,1.12999999523163,1.33529996871948,1.52639997005463,1.66159999370575,1.18920004367828,1.29069995880127,1.42910003662109
E000V00021,-71.116,-29.372,-0.157600000500679,-0.0472999997437,-0.163100004196167,-0.0680999979376793,0.160400003194809,0.290499985218048,-0.0476999990642071,-0.11429999768734
E000290004,-71.207,-29.914,-0.746200025081635,-0.574100017547607,-0.664399981498718,-0.608900010585785,-0.49770000576973,-0.481799989938736,-0.879000008106232,-0.985099971294403
E000V00022,-70.721,-30.031,-1.83689999580383,-0.19820000231266,1.24210000038147,1.32149994373322,1.33990001678467,0.930000007152557,1.34529995918274,1.62230002880096
E000V00020,-71.082,-30.234,-1.54960000514984,-1.34839999675751,-1.22969996929169,-1.13580000400543,-1.03740000724792,-1.07560002803802,-1.37070000171661,-1.46259999275208
E000V00172,-71.72,-30.38,-1.14209997653961,-1.28410005569458,-1.48870003223419,-1.48489999771118,-1.35539996623993,-1.00189995765686,-1.68900001049042,-1.70850002765656
E000V00027,-70.937,-30.746,-1.86549997329712,-1.69620001316071,-1.6220999956131,-1.47599995136261,-1.39750003814697,-1.56710004806519,-1.94659996032715,-2.21799993515015
E000V00028,-71.256,-30.838,-1.28999996185303,-1.12370002269745,-1.15719997882843,-1.03600001335144,-0.905799984931946,-0.783500015735626,-1.36160004138947,-1.65450000762939
E000V00026,-70.999,-31.188,-1.79589998722076,-1.77240002155304,-1.77960002422333,-1.54229998588562,-1.35239994525909,-1.55509996414185,-1.95910000801086,-2.2146999835968
E000V00024,-71.413,-31.39,-1.49179995059967,-1.35629999637604,-1.31089997291565,-1.25220000743866,-1.04100000858307,-0.861100018024445,-1.49829995632172,-1.67309999465942
E000V00023,-71.152,-31.633,-1.47660005092621,-1.38619995117188,-1.46909999847412,-1.4099999666214,-1.24530005455017,-1.09340000152588,-1.60860002040863,-1.76549994945526
E000V00025,-70.97,-31.783,-1.51590001583099,-1.15390002727509,-0.483700007200241,0.749300003051758,0.810800015926361,0.437099993228912,0.455700010061264,-0.336499989032745
E000320019,-70.707,-32.076,-0.370400011539459,-0.0156999994069338,0.232999995350838,1.67729997634888,1.54739999771118,0.58789998292923,1.45669996738434,1.2985999584198
E000V00035,-70.926,-32.251,-1.50100004673004,-1.32229995727539,-1.21609997749329,-1.08980000019073,-0.933899998664856,-1.22490000724792,-1.56579995155334,-1.76259994506836
E000V00174,-70.464,-32.343,-0.563000023365021,-0.18520000576973,-0.658900022506714,0.586300015449524,0.692399978637695,0.357100009918213,1.3918000459671,1.10940003395081
E000V00033,-70.819,-32.362,-0.86269998550415,-0.665899991989136,-1.50339996814728,-0.0839999988675117,0.10639999806881,0.251899987459183,0.634999990463257,0.854900002479553
E000V00034,-71.441,-32.505,-1.76600003242493,-1.5595999956131,-1.23269999027252,-1.50129997730255,-1.49660003185272,-1.42550003528595,-1.78279995918274,-1.75730001926422
E000V00175,-71.014,-32.54,-0.862500011920929,-0.607299983501434,-0.416599988937378,-0.174300000071526,-0.12049999833107,-0.932600021362305,-1.08889997005463,-1.30509996414185
E000V00041,-70.725,-32.594,-0.660099983215332,-0.581799983978271,-1.19019997119904,0.539900004863739,0.579599976539612,0.345200002193451,0.602400004863739,-0.21170000731945
E000V00176,-70.368,-32.618,-0.312599986791611,-0.0362999998033047,-1.00839996337891,-0.607599973678589,-0.876200020313263,-2.24499988555908,-2.10380005836487,-2.52920007705688
E000V00040,-70.809,-32.757,-0.407599985599518,-0.183400005102158,-0.0509000010788441,0.598699986934662,0.790000021457672,-0.216900005936623,-0.726499974727631,-1.25600004196167
E000V00031,-71.526,-32.789,-1.28439998626709,-1.07790005207062,-0.492599993944168,-1.1224000453949,-1.29799997806549,-1.50800001621246,-2.00090003013611,-1.97769999504089
E000V00037,-71.173,-32.79,-1.64750003814697,-1.45589995384216,-0.81879997253418,-1.24899995326996,-1.28229999542236,-1.34909999370575,-1.73440003395081,-1.68079996109009
E000320028,-71.227,-32.828,-1.64750003814697,-1.45589995384216,-0.81879997253418,-1.24899995326996,-1.28229999542236,-1.34909999370575,-1.73440003395081,-1.68079996109009
E000V00032,-70.382,-32.89,-0.813000023365021,-0.116599999368191,-1.49720001220703,-0.314000010490417,0.171200007200241,-0.268999993801117,0.0531000010669231,0.0384999997913837
E000V00036,-71.207,-32.893,-0.923799991607666,-0.906799972057343,-0.068000003695488,-0.615800023078918,-0.815400004386902,-1.22469997406006,-1.71379995346069,-1.8724000453949
E000V00030,-71.517,-32.917,0.0546999983489513,0.029899999499321,0.000500000023748726,-0.661899983882904,-0.834699988365173,-1.11730003356934,-1.68729996681213,-1.96609997749329
E000V00042,-71.261,-32.994,-0.923799991607666,-0.906799972057343,-0.068000003695488,-0.615800023078918,-0.815400004386902,-1.22469997406006,-1.71379995346069,-1.8724000453949
E000330002,-71.648,-33.023,0.294999986886978,0.329800009727478,0.206499993801117,-0.448199987411499,-0.588599979877472,-0.903199970722198,-1.74530005455017,-2.01789999008179
E000330007,-71.556,-33.065,0.0546999983489513,0.029899999499321,0.000500000023748726,-0.661899983882904,-0.834699988365173,-1.11730003356934,-1.68729996681213,-1.96609997749329
E000V00029,-71.4,-33.083,0.0546999983489513,0.029899999499321,0.000500000023748726,-0.661899983882904,-0.834699988365173,-1.11730003356934,-1.68729996681213,-1.96609997749329
E000V00051,-70.834,-33.121,0.976700007915497,0.801699995994568,-0.289400011301041,-0.0781999975442886,0.0438000001013279,-0.481000006198883,-0.658399999141693,-0.874400019645691
E000V00050,-70.66,-33.147,0.578299999237061,0.517199993133545,0.677699983119965,0.12559999525547,-0.0274999998509884,-0.696900010108948,-0.739400029182434,-1.31840002536774
E000V00177,-71.46,-33.23,0.597699999809265,0.281100004911423,0.23870000243187,-0.31020000576973,-0.544000029563904,-0.868499994277954,-1.56789994239807,-2.00200009346008
E000V00178,-71.155,-33.287,0.106200002133846,0.010499999858439,1.19509994983673,0.598200023174286,0.351099997758865,-0.295300006866455,-1.21510004997253,-1.44700002670288
E000V00046,-70.502,-33.353,0.78600001335144,-0.438499987125397,-1.08920001983643,-0.499099999666214,-0.19879999756813,-0.474900007247925,0.699000000953674,0.550400018692017
E000330021,-70.787,-33.378,0.23139999806881,0.170399993658066,0.326900005340576,0.503799974918365,0.513300001621246,-0.320699989795685,-0.443599998950958,-0.620999991893768
E000V00043,-70.733,-33.42,0.23139999806881,0.170399993658066,0.326900005340576,0.503799974918365,0.513300001621246,-0.320699989795685,-0.443599998950958,-0.620999991893768
E000V00055,-71.026,-33.439,-0.434300005435944,-0.151600003242493,1.04419994354248,0.685100018978119,0.368800014257431,-0.424299985170364,-0.991500020027161,-1.21940004825592
E000V00038,-71.624,-33.439,-0.108300000429153,-0.195800006389618,-0.23649999499321,-0.692399978637695,-0.946799993515015,-1.03750002384186,-1.64690005779266,-2.11120009422302
E000330020,-70.683,-33.445,0.23139999806881,0.170399993658066,0.326900005340576,0.503799974918365,0.513300001621246,-0.320699989795685,-0.443599998950958,-0.620999991893768
E000330019,-70.549,-33.455,-0.115699999034405,0.344599992036819,-1.84340000152588,-0.638999998569489,-0.564800024032593,-0.945200026035309,-0.758000016212463,-1.09949994087219
E000V00044,-70.7,-33.467,0.23139999806881,0.170399993658066,0.326900005340576,0.503799974918365,0.513300001621246,-0.320699989795685,-0.443599998950958,-0.620999991893768
E000V00047,-70.766,-33.517,0.23139999806881,0.170399993658066,0.326900005340576,0.503799974918365,0.513300001621246,-0.320699989795685,-0.443599998950958,-0.620999991893768
E000V00039,-71.596,-33.543,-0.108300000429153,-0.195800006389618,-0.23649999499321,-0.692399978637695,-0.946799993515015,-1.03750002384186,-1.64690005779266,-2.11120009422302
E000V00045,-70.548,-33.545,-0.115699999034405,0.344599992036819,-1.84340000152588,-0.638999998569489,-0.564800024032593,-0.945200026035309,-0.758000016212463,-1.09949994087219
E000V00058,-70.902,-33.608,-0.434300005435944,-0.151600003242493,1.04419994354248,0.685100018978119,0.368800014257431,-0.424299985170364,-0.991500020027161,-1.21940004825592
E000V00048,-70.567,-33.617,-0.115699999034405,0.344599992036819,-1.84340000152588,-0.638999998569489,-0.564800024032593,-0.945200026035309,-0.758000016212463,-1.09949994087219
E000330031,-78.833,-33.636,0.0405119508504868,0.0424405261874199,-0.00553556485101581,0.0564455725252628,0.00562231801450253,-0.152529045939445,0.152582377195358,-0.019507659599185
E000330030,-71.613,-33.656,-0.281800001859665,-0.353100001811981,-0.116899996995926,-0.440299987792969,-0.711600005626678,-0.885399997234344,-1.5650999546051,-1.78859996795654
E000V00049,-70.089,-33.676,-0.689199984073639,-0.634400010108948,-0.89300000667572,-0.746900022029877,-1.11899995803833,-1.24839997291565,-1.3231999874115,-1.76300001144409
E000V00057,-71.101,-33.692,-0.507799983024597,-0.32150000333786,0.476200014352798,0.108199998736382,-0.240899994969368,-0.802200019359589,-1.30820000171661,-1.50590002536774
E000V00052,-70.707,-33.707,0.417699992656708,0.426800012588501,0.798799991607666,0.170499995350838,-0.12729999423027,-0.860700011253357,-0.766200006008148,-1.4180999994278
E000V00053,-70.639,-33.862,0.417699992656708,0.426800012588501,0.798799991607666,0.170499995350838,-0.12729999423027,-0.860700011253357,-0.766200006008148,-1.4180999994278
E000V00179,-70.22,-33.878,0.686800003051758,0.0254999995231628,-1.44260001182556,-0.776899993419647,-0.941100001335144,-1.67200005054474,-1.49489998817444,-0.995800018310547
E000V00056,-71.394,-33.941,0.326499998569489,-0.231099992990494,0.151600003242493,0.227699995040894,-0.0815000012516975,-0.676699995994568,-1.33259999752045,-1.50380003452301
E000V00068,-71.825,-33.959,0.501500010490417,0.273900002241135,0.296400010585785,0.493800014257431,0.196999996900558,-0.336699992418289,-1.04130005836487,-1.3458000421524
E000V00064,-70.717,-33.983,0.775699973106384,0.626399993896484,0.538800001144409,0.200200006365776,-0.25,-0.814999997615814,-0.903800010681152,-1.7039999961853
E000V00054,-70.995,-34.029,-0.122100003063679,-0.127499997615814,0.295399993658066,0.0267999991774559,-0.349900007247925,-0.770500004291534,-1.23070001602173,-1.56529998779297
E000V00059,-70.772,-34.169,1.53260004520416,1.19869995117188,1.25039994716644,0.838500022888184,0.515100002288818,-0.0819000005722046,-0.449099987745285,-1.10000002384186
E000V00180,-70.402,-34.203,1.64359998703003,0.0533999986946583,1.52820003032684,1.43739998340607,1.25020003318787,0.0725999996066093,0.216100007295609,-0.586899995803833
E000V00061,-70.997,-34.215,0.477299988269806,0.219500005245209,0.370999991893768,0.239099994301796,-0.169100001454353,-0.657500028610229,-1.192999958992,-1.73800003528595
E000V00062,-71.3,-34.217,0.117700003087521,-0.0364000014960766,0.148300006985664,0.128000006079674,-0.256000012159348,-0.824999988079071,-1.41449999809265,-1.86319994926453
E000V00060,-70.948,-34.261,0.477299988269806,0.219500005245209,0.370999991893768,0.239099994301796,-0.169100001454353,-0.657500028610229,-1.192999958992,-1.73800003528595
E000V00066,-70.812,-34.279,1.53260004520416,1.19869995117188,1.25039994716644,0.838500022888184,0.515100002288818,-0.0819000005722046,-0.449099987745285,-1.10000002384186
E000V00065,-70.834,-34.322,1.53260004520416,1.19869995117188,1.25039994716644,0.838500022888184,0.515100002288818,-0.0819000005722046,-0.449099987745285,-1.10000002384186
E000V00067,-72.019,-34.394,2.37919998168945,2.63019990921021,1.70290005207062,1.52760004997253,1.41840004920959,1.17910003662109,0.39520001411438,-0.210199996829033
E000V00063,-70.21,-34.411,0.12950000166893,-1.99249994754791,-2.36220002174377,-1.41919994354248,-0.982999980449677,-1.26429998874664,-0.18979999423027,-0.479900002479553
E000V00071,-71.463,-34.485,0.928200006484985,0.631200015544891,0.429199993610382,0.324099987745285,-0.103299997746944,-0.701900005340576,-1.13730001449585,-1.75010001659393
E000V00069,-71.898,-34.645,1.86440002918243,1.78810000419617,1.59609997272491,1.57739996910095,1.28400003910065,1.19079995155334,0.303999990224838,-0.281699985265732
E000V00072,-71.4,-34.691,1.25230002403259,0.495599985122681,0.732100009918213,0.938899993896484,0.612100005149841,-0.106499999761581,-0.753799974918365,-1.38039994239807
E000V00070,-71.63,-34.714,0.958000004291534,0.466800004243851,0.82150000333786,0.950200021266937,0.615499973297119,0.418799996376038,-0.260399997234344,-0.983299970626831
E000340044,-71.02,-34.721,1.37390005588531,1.20029997825623,1.04460000991821,0.685500025749207,0.178399994969368,-0.4375,-0.979300022125244,-1.8610999584198
E000V00181,-70.52,-34.781,-0.419999986886978,-0.801100015640259,0.0419999994337559,-0.57669997215271,-0.405900001525879,-0.0813999995589256,-0.221699997782707,1.42980003356934
E000V00086,-72.026,-34.855,1.86440002918243,1.78810000419617,1.59609997272491,1.57739996910095,1.28400003910065,1.19079995155334,0.303999990224838,-0.281699985265732
E000V00084,-71.125,-34.96,0.927600026130676,1.3260999917984,2.12689995765686,1.21480000019073,1.06589996814728,0.280600011348724,-0.455199986696243,-0.960399985313416
E000V00083,-71.832,-34.968,1.33819997310638,0.888499975204468,1.32490003108978,1.37390005588531,0.929499983787537,0.801699995994568,0.014299999922514,-0.744400024414062
E000340031,-71.217,-34.969,1.30130004882812,1.17719995975494,1.15460002422333,0.707499980926514,0.0868000015616417,-0.508700013160706,-0.937399983406067,-1.79219996929169
E000V00085,-70.811,-35,0.563399970531464,-1.2474000453949,2.42179989814758,1.05680000782013,0.814199984073639,-0.138199999928474,-0.395300000905991,0.889999985694885
E000V00076,-71.956,-35.128,1.73039996623993,1.75789999961853,1.60510003566742,1.45280003547668,1.04970002174377,0.896700024604797,0.625699996948242,-0.157800003886223
E000V00182,-70.83,-35.398,1.40699994564056,-2.146399974823,-1.50380003452301,-0.434799998998642,-0.575399994850159,-0.170900002121925,0.704699993133545,0.971599996089935
E000V00079,-71.467,-35.419,0.254099994897842,0.0562000013887882,-0.0784000009298325,-0.165800005197525,-0.776600003242493,-1.25160002708435,-1.4860999584198,-2.1603000164032
E000V00078,-71.7,-35.533,0.323900014162064,0.679099977016449,0.957599997520447,0.97350001335144,0.164700001478195,-0.19030000269413,-0.101899996399879,-0.738499999046326
E000V00074,-71.454,-35.663,-0.0472999997437,-0.417100012302399,-0.82150000333786,-0.943899989128113,-1.30840003490448,-1.58640003204346,-1.85399997234344,-2.72709989547729
E000V00077,-72.082,-35.672,0.13060000538826,0.0355000011622906,0.2466000020504,0.500199973583221,-0.104500003159046,-0.342999994754791,0.161799997091293,-0.480300009250641
E000V00080,-71.062,-35.699,1.35580003261566,-0.0685999989509583,-0.77700001001358,1.42340004444122,1.09210002422333,0.396800011396408,0.547999978065491,0.0850000008940697
E000V00081,-72.511,-35.707,1.37129998207092,1.36779999732971,1.25,1.13960003852844,0.947099983692169,0.669000029563904,0.411900013685226,-0.0480999983847141
E000V00075,-71.631,-35.753,0.29789999127388,0.50739997625351,0.770500004291534,0.631099998950958,-0.305200010538101,-0.986899971961975,-0.803099989891052,-1.63580000400543
E000V00082,-72.587,-35.836,1.37129998207092,1.36779999732971,1.25,1.13960003852844,0.947099983692169,0.669000029563904,0.411900013685226,-0.0480999983847141
E000V00183,-71.05,-36.06,0.972699999809265,0.522700011730194,-0.753400027751923,-0.257999986410141,-0.351200014352798,-0.632600009441376,0.411300003528595,0.779299974441528
E000V00087,-72.783,-36.133,0.501500010490417,0.185699999332428,-0.130999997258186,-0.202399998903275,-0.541899979114532,-0.572099983692169,-0.30919998884201,-0.498100012540817
E000V00073,-71.548,-36.257,0.579200029373169,0.347799986600876,-0.873199999332428,0.0474999994039536,-0.32379999756813,-0.622900009155273,-0.450100004673004,-0.876699984073639
E000V00091,-71.9,-36.292,-0.0701000019907951,-0.334300011396408,-0.556699991226196,-0.191899999976158,-0.987600028514862,-1.44289994239807,-1.26999998092651,-1.84019994735718
E000V00090,-72.64,-36.43,0.365799993276596,0.428299993276596,0.544399976730347,0.464300006628036,0.0255999993532896,-0.272100001573563,-0.130999997258186,-0.324499994516373
E000V00088,-72.699,-36.492,0.365799993276596,0.428299993276596,0.544399976730347,0.464300006628036,0.0255999993532896,-0.272100001573563,-0.130999997258186,-0.324499994516373
E000V00092,-71.549,-36.56,-0.0129000004380941,-0.189999997615814,-0.235599994659424,0.493800014257431,0.240600004792213,0.439300000667572,0.868900001049042,0.189600005745888
E000360011,-72.037,-36.586,1.11179995536804,0.893299996852875,0.346100002527237,0.0873000025749207,-0.493499994277954,-1.00660002231598,-0.870700001716614,-1.28059995174408
E000V00089,-72.603,-36.625,0.181099995970726,0.278200000524521,0.597899973392487,1.06200003623962,-0.180000007152557,-0.964800000190735,-0.352800011634827,-0.523800015449524
E000V00099,-72.965,-36.672,0.719500005245209,0.557600021362305,0.508700013160706,0.245600000023842,-0.115000002086163,0.0242999996989965,0.273900002241135,0.276100009679794
E000V00096,-72.704,-36.697,-0.18860000371933,-0.0675999969244003,0.0890000015497208,0.00249999994412065,-0.423500001430511,-0.0615000016987324,0.355599999427795,0.398699998855591
E000V00098,-72.983,-36.733,0.719500005245209,0.557600021362305,0.508700013160706,0.245600000023842,-0.115000002086163,0.0242999996989965,0.273900002241135,0.276100009679794
E000360019,-73.066,-36.781,0.719500005245209,0.557600021362305,0.508700013160706,0.245600000023842,-0.115000002086163,0.0242999996989965,0.273900002241135,0.276100009679794
E000V00184,-71.5,-36.88,0.263599991798401,-1.05620002746582,-1.41740000247955,-1.18579995632172,-1.42400002479553,-1.45220005512238,-1.02740001678467,-1.17030000686646
E000V00093,-72.099,-36.977,0.608699977397919,-0.118699997663498,-0.877099990844727,-0.0172000005841255,-0.491800010204315,-0.179900005459785,0.1283999979496,0.0276999995112419
E000V00095,-73.14,-37.005,-1.56299996376038,-2.26290011405945,-3.06389999389648,-3.51399993896484,-3.94219994544983,-3.67569994926453,-3.31159996986389,-3.37220001220703
E000V00106,-72.403,-37.035,-0.502499997615814,-0.452300012111664,-0.850799977779388,-1.10479998588562,-1.79949998855591,-2.62930011749268,-2.46309995651245,-3.02390003204346
E000V00097,-73.155,-37.092,-1.56299996376038,-2.26290011405945,-3.06389999389648,-3.51399993896484,-3.94219994544983,-3.67569994926453,-3.31159996986389,-3.37220001220703
E000V00105,-71.245,-37.111,1.54330003261566,0.279000014066696,-0.770399987697601,0.645699977874756,0.42739999294281,-0.78549998998642,-0.0149999996647239,-0.297300010919571
E000V00094,-72.012,-37.141,0.951200008392334,-0.0348000004887581,-1.41989994049072,0.116099998354912,-0.402300000190735,-0.542100012302399,-0.156499996781349,-0.492599993944168
E000V00108,-72.946,-37.167,0.544700026512146,0.111299999058247,0.164700001478195,-0.00139999995008111,-0.644500017166138,-0.764800012111664,-0.344799995422363,-0.334100008010864
E000V00107,-72.328,-37.213,0.535399973392487,1.13450002670288,1.07980000972748,0.874599993228912,0.12219999730587,-0.133300006389618,0.0815000012516975,-0.0498999990522861
E000V00111,-71.949,-37.293,0.951200008392334,-0.0348000004887581,-1.41989994049072,0.116099998354912,-0.402300000190735,-0.542100012302399,-0.156499996781349,-0.492599993944168
E000V00100,-73.437,-37.305,-0.228300005197525,-0.487100005149841,-1.36510002613068,-1.59979999065399,-1.8724000453949,-1.57260000705719,-1.39880001544952,-1.48090004920959
E000V00185,-71.566,-37.323,0.789200007915497,-1.11749994754791,-1.58889997005463,-0.466100007295609,-0.821300029754639,-1.91199994087219,-1.29799997806549,-1.53460001945496
E000370033,-72.424,-37.397,-1.59379994869232,-0.96399998664856,-1.58780002593994,-2.26480007171631,-2.51659989356995,-2.51500010490417,-1.94589996337891,-1.88250005245209
E000V00186,-72.83,-37.418,-0.612299978733063,-0.603200018405914,-0.808000028133392,-1.36880004405975,-1.7525999546051,-2.02270007133484,-1.84809994697571,-1.85940003395081
E000V00103,-73.33,-37.485,-0.735000014305115,-1.14540004730225,-1.44579994678497,-2.11989998817444,-2.38860011100769,-1.55089998245239,-1.17560005187988,-1.07749998569489
E000V00110,-71.875,-37.536,0.185599997639656,-1.46979999542236,-2.00729990005493,-0.491100013256073,-1.17770004272461,-1.41439998149872,-0.69870001077652,-0.882000029087067
E000V00104,-73.462,-37.627,-1.29649996757507,-1.61650002002716,-1.62349998950958,-1.73839998245239,-1.92460000514984,-0.790799975395203,-0.205200001597404,0.0922999978065491
E000V00109,-72.007,-37.685,-0.478199988603592,-1.13320004940033,-1.85710000991821,-0.497999995946884,-1.08120000362396,-1.17709994316101,-0.439399987459183,-0.512000024318695
E000V00116,-72.605,-37.726,-1.27320003509521,-1.28369998931885,-1.8231999874115,-2.41009998321533,-2.64770007133484,-2.82299995422363,-2.83049988746643,-2.98629999160767
E000V00101,-73.412,-37.892,1.49020004272461,0.949000000953674,0.426400005817413,0.356700003147125,0.264499992132187,0.576499998569489,0.725600004196167,0.709399998188019
E000V00102,-73.097,-37.95,-2.32119989395142,-2.84680008888245,-3.56529998779297,-3.94230008125305,-4.02400016784668,-3.73379993438721,-3.59680008888245,-3.70490002632141
E000V00112,-71.435,-38.057,0.719399988651276,-1.45130002498627,-1.45060002803802,-0.528299987316132,-0.9132000207901,-1.61759996414185,-0.513999998569489,-0.460599988698959
E000V00114,-72.298,-38.146,0.687900006771088,0.154899999499321,-0.314200013875961,-0.122100003063679,-0.486999988555908,-0.211500003933907,0.175799995660782,0.201499998569489
E000V00117,-72.273,-38.228,0.687900006771088,0.154899999499321,-0.314200013875961,-0.122100003063679,-0.486999988555908,-0.211500003933907,0.175799995660782,0.201499998569489
E000V00113,-71.233,-38.25,2.04139995574951,1.09130001068115,0.737600028514862,0.575399994850159,0.212799996137619,-0.61269998550415,-0.784600019454956,-1.08039999008179
E000V00188,-72.956,-38.207,-0.872600018978119,-0.918799996376038,-0.827300012111664,-1.15400004386902,-1.62670004367828,-2.17179989814758,-2.24799990653992,-2.83979988098145
E000V00187,-71.75,-38.414,0.607500016689301,-0.0998999997973442,-0.790799975395203,0.337300002574921,-0.100900001823902,-0.895099997520447,-0.214000001549721,-0.279700011014938
E000V00121,-72.399,-38.435,0.786499977111816,0.653400003910065,0.62279999256134,0.211300000548363,0,0.422399997711182,0.806400001049042,0.678300023078918
E000V00129,-72.85,-38.446,-0.496499985456467,0.0738999992609024,0.0780000016093254,-0.5625,-1.63440001010895,-1.8565000295639,-1.46659994125366,-2.11739993095398
E000V00126,-72.224,-38.675,0.201100006699562,0.325500011444092,0.442200005054474,0.749499976634979,0.225299999117851,0.351300001144409,0.85809999704361,0.848900020122528
E000V00115,-71.141,-38.732,1.7208000421524,0.0542000010609627,-0.208100005984306,0.396899998188019,0.0548000000417233,0.244100004434586,1.15859997272491,0.256099998950958
E000380013,-72.46,-38.768,-0.19930000603199,0.0921000018715858,0.268099993467331,0.196899995207787,-0.70389997959137,-0.821699976921082,-0.701600015163422,-1.34399998188019
E000V00120,-71.683,-38.834,0.134200006723404,-0.665199995040894,-1.1356999874115,0.562600016593933,0.0952000021934509,-1.02509999275208,-0.0355000011622906,-0.110200002789497
E000V00128,-72.787,-39.022,-0.638199985027313,-0.171100005507469,-0.0654999986290932,0.134700000286102,-0.54339998960495,-0.962199985980988,-1.09280002117157,-1.75450003147125
E000V00127,-72.252,-39.007,0.885800004005432,0.170000001788139,0.157900005578995,0.675599992275238,0.610300004482269,0.632799983024597,1.0349999666214,0.730199992656708
E000V00122,-72.922,-39.071,-0.25670000910759,-0.0138999996706843,0.0658000037074089,0.0538000017404556,-0.473399996757507,-0.249699994921684,-0.262600004673004,-0.951300024986267
E000V00118,-72.615,-39.103,-0.683799982070923,-0.406800001859665,-0.245900005102158,0.13680000603199,-0.487899988889694,-0.754999995231628,-0.779699981212616,-1.40569996833801
E000V00124,-73.133,-39.165,-0.19539999961853,0.374599993228912,0.357899993658066,0.166999995708466,-0.237900003790855,0.132100000977516,-0.209000006318092,-0.99099999666214
E000V00125,-72.261,-39.196,0.258399993181229,0.0242999996989965,-0.00889999978244305,0.681999981403351,0.607900023460388,0.581399977207184,0.888199985027313,0.762799978256226
E000V00119,-71.868,-39.262,-0.0653000026941299,-1.91600000858307,-0.86269998550415,0.564199984073639,0.459100008010864,-0.365799993276596,0.917900025844574,0.559000015258789
E000V00123,-71.926,-39.289,-0.557600021362305,-1.12440001964569,-0.550700008869171,0.75110000371933,0.563199996948242,-0.39190000295639,0.530200004577637,0.141699999570847
E000V00189,-72.55,-39.373,-0.321999996900558,-0.432500004768372,-0.291500002145767,0.36259999871254,0.193000003695488,0.425999999046326,0.616199970245361,0.75789999961853
E000V00190,-73.177,-39.39,-0.0507000014185905,0.393400013446808,0.320199996232986,0.475100010633469,0.365700006484985,0.543699979782104,0.163399994373322,-1.1003999710083
E000V00131,-72.95,-39.632,-0.401399999856949,-0.187000006437302,-0.477100014686584,-0.293900012969971,-0.232500001788139,-0.337500005960464,-0.778400003910065,-1.69869995117188
E000390006,-73.087,-39.657,-0.401399999856949,-0.187000006437302,-0.477100014686584,-0.293900012969971,-0.232500001788139,-0.337500005960464,-0.778400003910065,-1.69869995117188
E000V00130,-72.501,-39.863,-1.24259996414185,-1.17429995536804,-1.12520003318787,-0.203500002622604,-0.436899989843369,-1.01629996299744,-0.701399981975555,-0.615599989891052
E000V00191,-71.91,-39.88,-1.42760002613068,-2.3445999622345,-1.26800000667572,-0.123000003397465,-0.160199999809265,-0.846800029277802,0.0961000025272369,-0.342000007629395
E000V00132,-72.927,-40.096,-0.56360000371933,-0.381900012493134,-0.66839998960495,-0.344399988651276,-0.302199989557266,-0.792100012302399,-1.07550001144409,-2.08540010452271
E000V00134,-72.415,-40.134,-0.536899983882904,0.00559999980032444,-0.238499999046326,0.0167999994009733,-0.0935000032186508,-0.066600002348423,0.477800011634827,0.547800004482269
E000V00193,-73.647,-40.168,0.66430002450943,-0.213699996471405,-0.678900003433228,-1.29939997196198,-2.01379990577698,-1.40649998188019,-1.06330001354218,-1.45120000839233
E000V00133,-73.024,-40.317,-0.820599973201752,-0.802200019359589,-1.18389999866486,-0.754400014877319,-0.932900011539459,-1.76929998397827,-2.11500000953674,-2.792799949646
E000V00135,-72.979,-40.323,-0.820599973201752,-0.802200019359589,-1.18389999866486,-0.754400014877319,-0.932900011539459,-1.76929998397827,-2.11500000953674,-2.792799949646
E000V00139,-73.308,-40.348,-0.873300015926361,-1.05710005760193,-1.64690005779266,-0.790199995040894,-0.920000016689301,-0.940199971199036,-0.819800019264221,-1.35420000553131
E000V00192,-72,-40.52,-0.967899978160858,-2.44029998779297,-1.6201000213623,-0.00150000001303852,-0.126599997282028,-1.4860999584198,-0.185000002384186,-1.04779994487762
E000400009,-73.058,-40.614,-1.07449996471405,-1.10640001296997,-1.12109994888306,-1.02730000019073,-1.1444000005722,-2.21180009841919,-2.26469993591309,-2.58349990844727
E000V00194,-72.116,-40.623,-0.967899978160858,-2.44029998779297,-1.6201000213623,-0.00150000001303852,-0.126599997282028,-1.4860999584198,-0.185000002384186,-1.04779994487762
E000V00136,-73.152,-40.765,-0.909900009632111,-0.592299997806549,-0.569100022315979,-0.416299998760223,-0.275200009346008,-1.16519999504089,-1.40970003604889,-1.80519998073578
E000V00138,-73.157,-40.861,-0.909900009632111,-0.592299997806549,-0.569100022315979,-0.416299998760223,-0.275200009346008,-1.16519999504089,-1.40970003604889,-1.80519998073578
E000V00195,-73.815,-40.873,0.133300006389618,0.481400012969971,0.431800007820129,0.451799988746643,0.559700012207031,0.40149998664856,0.331800013780594,0.170699998736382
E000V00137,-72.886,-40.957,-1.79489994049072,-1.35899996757507,-1.73570001125336,-0.953999996185303,-0.874800026416779,-1.90659999847412,-1.60049998760223,-1.87160003185272
E000V00142,-73.377,-41.115,-0.966300010681152,-0.650200009346008,-0.992299973964691,-1.19990003108978,-0.890600025653839,-1.14330005645752,-1.67719995975494,-2.01920008659363
E000V00197,-72.339,-41.142,0.449000000953674,-0.0108000002801418,0.124700002372265,0.361000001430511,0.241699993610382,-1.22019994258881,0.338800013065338,-0.622600018978119
E000V00143,-73.009,-41.259,-2.09430003166199,-1.99609994888306,-2.0806999206543,-1.40129995346069,-1.37100005149841,-1.93570005893707,-1.41250002384186,-1.56669998168945
E000V00196,-73.809,-41.359,-0.946900010108948,-0.443399995565414,-0.743900001049042,-0.981700003147125,-0.520299971103668,-0.560199975967407,-1.13450002670288,-1.7092000246048
E000410005,-73.096,-41.448,-0.044599998742342,-1.77300000190735,-1.88119995594025,-0.0303000006824732,0.157399997115135,0.0258000008761883,0.162499994039536,0.153999999165535
E000V00198,-72.275,-41.579,-1.12479996681213,-0.673500001430511,-1.1007000207901,0.10080000013113,0.0640999972820282,-1.10350000858307,-0.0450000017881393,-0.769200026988983
E000V00144,-73.672,-41.71,-1.19869995117188,-0.973599970340729,-1.42139995098114,-1.31299996376038,-1.36870002746582,-1.21140003204346,-1.84440004825592,-2.17230010032654
E000V00140,-72.435,-41.938,1.68309998512268,0.316799998283386,-0.0957999974489212,0.185900002717972,-0.0243999995291233,-0.823800027370453,0.372500002384186,0.205899998545647
E000V00141,-71.865,-42.075,-0.964999973773956,-1.47640001773834,-1.52079999446869,-0.427899986505508,-0.731000006198883,-2.03600001335144,-0.986599981784821,-1.47850000858307
E000V00151,-72.417,-42.1,1.68309998512268,0.316799998283386,-0.0957999974489212,0.185900002717972,-0.0243999995291233,-0.823800027370453,0.372500002384186,0.205899998545647
E000V00149,-73.49,-42.157,-1.50909996032715,-1.4206999540329,-1.66750001907349,-1.53020000457764,-0.810199975967407,-0.575399994850159,-1.230299949646,-0.456800013780594
E000V00199,-74.078,-42.285,-0.92849999666214,-0.836000025272369,-0.410199999809265,0.095600001513958,-0.189600005745888,0.191599994897842,0.144600003957748,0.416299998760223
E000V00201,-72.663,-42.355,-0.920400023460388,-1.71829998493195,-0.473899990320206,0.351700007915497,0.0516999997198582,-1.19780004024506,-0.919099986553192,-0.825600028038025
E000V00147,-73.568,-42.404,-2.43409991264343,-1.83599996566772,-1.58990001678467,-2.14240002632141,-1.92610001564026,-0.3372623026371,-0.150175482034683,-0.963800013065338
E000V00148,-73.633,-42.583,-1.59309995174408,-0.777199983596802,-0.24269999563694,0.333499997854233,-0.542800009250641,0.372500002384186,0.551500022411346,0.634100019931793
E000V00146,-73.789,-42.704,-1.52339994907379,-1.17659997940063,-1.11179995536804,-0.78439998626709,-0.992999970912933,-0.0498000010848045,-0.576900005340576,-0.345499992370605
E000V00145,-72.717,-42.883,0.197799995541573,-0.885599970817566,0.211600005626678,0.256300002336502,-0.194199994206429,-0.545400023460388,0.10980000346899,-0.0212999992072582
E000430002,-71.852,-43.189,1.03020000457764,0.961199998855591,1.53279995918274,1.61870002746582,1.55680000782013,1.96619999408722,1.97440004348755,1.93340003490448
E000V00200,-74.295,-43.208,1.27110004425049,1.0048999786377,0.674000024795532,0.49329999089241,-0.0653000026941299,-0.306100010871887,0.126900002360344,0.332599997520447
E000V00202,-72.85,-43.364,0.551500022411346,0.0434000007808208,0.0414999984204769,-0.171200007200241,-0.336299985647202,-1.00829994678497,-0.199100002646446,-0.203700006008148
E000V00150,-72.126,-43.474,0.722599983215332,0.448000013828278,0.358500003814697,0.26910001039505,0.257299989461899,-1.91190004348755,-0.421999990940094,-0.861299991607666
E000430004,-71.801,-43.612,0.446000009775162,0.682500004768372,1.05139994621277,1.35889995098114,1.07829999923706,1.05350005626678,1.58089995384216,1.16279995441437
E000V00153,-73.74,-43.89,0.0979183912277222,0.126450046896935,-0.0341909788548946,-0.232536822557449,-0.431360870599747,-0.52166348695755,-0.0739462226629257,-0.288830935955048
E000V00152,-72.387,-43.917,0.580999970436096,0.0480000004172325,-0.0785000026226044,-0.0109000001102686,-0.274500012397766,-1.13399994373322,-0.143199995160103,-0.825999975204468
E000V00154,-71.847,-44.24,1.00020003318787,1.47060000896454,0.900799989700317,1.13940000534058,1.28460001945496,0.101099997758865,0.74260002374649,0.672800004482269
E000V00203,-73.097,-44.729,-0.577099978923798,-0.339100003242493,0.321900010108948,-0.0885000005364418,-0.49779999256134,-2.144700050354,-1.51409995555878,-1.74279999732971
E000450001,-72.677,-45.399,0.310900002717972,-0.873799979686737,-0.795300006866455,-0.125499993562698,-0.314599990844727,-0.339199990034103,0.591899991035461,0.198300004005432
E000450004,-72.102,-45.591,0.0518999993801117,-0.0467999987304211,-0.699599981307983,0.108199998736382,-0.220500007271767,-0.482600003480911,0.54830002784729,-0.178200006484985
E000450005,-71.678,-45.918,-0.730599999427795,-0.666700005531311,-1.21379995346069,-0.822700023651123,-1.33449995517731,-1.40910005569458,-1.22689998149872,-1.3286999464035
E000V00157,-71.941,-46.278,-0.462900012731552,-0.928399980068207,-1.25629997253418,-1.35839998722076,-1.6900999546051,-1.7208000421524,-1.54639995098114,-1.82819998264313
E000V00205,-74.778,-46.355,-0.357300013303757,0.102399997413158,-0.718500018119812,-1.03729999065399,-1.7470999956131,-2.43740010261536,-1.61880004405975,-2.20530009269714
E000V00204,-73.336,-46.569,2.3024001121521,0.329499989748001,-1.27799999713898,-0.786899983882904,-1.0058000087738,-0.77539998292923,0.206300005316734,0.130300000309944
E000460001,-71.685,-46.585,-0.733200013637543,-0.5310999751091,-0.671500027179718,-0.621800005435944,-1.0463000535965,-1.34539997577667,-1.21080005168915,-1.52269995212555
E000470001,-72.583,-47.244,0.891700029373169,0.518899977207184,-0.776799976825714,-1.19920003414154,-1.33899998664856,-1.3018000125885,-0.328500002622604,-0.643199980258942
E000V00156,-73.536,-47.8,0.665799975395203,-0.175999999046326,-2.30539989471436,-2.41969990730286,-2.35809993743896,-2.39610004425049,-1.84560000896454,-2.13599991798401
E000V00155,-72.56,-48.471,-0.0971999987959862,-1.11810004711151,-2.7121000289917,-2.42630004882812,-2.40510010719299,-1.16700005531311,-0.604399979114532,-1.60319995880127
E000V00206,-73.941,-48.958,0.0142674446105957,-0.0370659828186035,-0.594512462615967,-0.694367647171021,-0.65364807844162,-0.617259740829468,-0.0848919600248337,-0.302483707666397
E000V00207,-73.57,-51.07,0.118600003421307,0.477200001478195,-0.0297999996691942,-0.271100014448166,-0.325500011444092,0.292600005865097,0.907599985599518,0.818700015544891
E000V00158,-72.967,-51.184,-0.0447000004351139,-0.0218000002205372,-0.810899972915649,-1.17149996757507,-1.54439997673035,-2.24710011482239,-2.45580005645752,-3.04080009460449
E000V00159,-71.164,-52.309,0.022299999371171,-0.816500008106232,-1.50890004634857,-1.82920002937317,-2.29959988594055,-2.37779998779297,-2.91840004920959,-3.2658998966217
E000V00161,-70.361,-52.432,0.122000001370907,-0.656000018119812,-1.14090001583099,-1.48329997062683,-1.83819997310638,-2.45320010185242,-3.15580010414124,-3.50040006637573
E000V00160,-71.505,-52.601,0.358300000429153,-0.628499984741211,-1.38800001144409,-2.1900999546051,-2.69109988212585,-2.94409990310669,-3.14660000801086,-3.31909990310669
E000V00162,-69.27,-52.8,0.463800013065338,0.293799996376038,-0.294699996709824,-0.888199985027313,-1.54840004444122,-1.85269999504089,-2.78819990158081,-2.72670006752014
E000520006,-70.839,-53.002,1.01049995422363,0.274599999189377,-0.0205000005662441,-0.584100008010864,-1.36049997806549,-2.14610004425049,-2.74060010910034,-2.541100025177
E000530005,-70.326,-53.254,0.216499999165535,-0.847299993038177,-1.20099997520447,-1.55830001831055,-1.66879999637604,-2.29019999504089,-2.64720010757446,-2.22690010070801
E000V00208,-71.38,-53.8,-1.40199995040894,-2.33400011062622,-1.96070003509521,-1.41129994392395,-1.79429996013641,-1.4180999994278,-0.611800014972687,-1.3474999666214
E000V00163,-68.804,-54.051,-0.420100003480911,-0.798099994659424,-0.735300004482269,-0.692900002002716,-1.26370000839233,-1.494500041008,-1.5436999797821,-1.11839997768402
E000550001,-67.616,-54.932,-1.79250001907349,-2.6742000579834,-1.71440005302429,-0.918500006198883,-1.30019998550415,-0.779900014400482,-0.133599996566772,-0.347799986600876
