Estacion,Lat,Lon,meses:1,3,6,9,12,24,36,48
E000V00003,-69.478,-17.595,0.838100016117096,0.975399971008301,0.799899995326996,0.655099987983704,1.24080002307892,1.0110000371933,1.00929999351501,1.43369996547699
E000V00002,-69.554,-18.197,1.52989995479584,1.43980002403259,1.74720001220703,1.96700000762939,2.32719993591309,2.34170007705688,1.88409996032715,2.00690007209778
E000180005,-70.34,-18.356,-0.0465999990701675,0.0406999997794628,0.167999997735023,0.22859999537468,0.163499996066093,0.401699990034103,0.273000001907349,0.463099986314774
E000V00001,-69.857,-19.011,0.609499990940094,0.91100001335144,1.26590001583099,1.61909997463226,1.70290005207062,1.54779994487762,1.27369999885559,1.28659999370575
E000V00006,-68.638,-19.276,0.566399991512299,1.38670003414154,1.47319996356964,1.62119996547699,1.46809995174408,1.03719997406006,1.05040001869202,1.0184999704361
E000V00005,-69.427,-19.313,0.296900004148483,1.19949996471405,1.54610002040863,1.72630000114441,1.75,2.01250004768372,1.4860999584198,1.51380002498627
E000V00007,-69.767,-19.996,-1.18439996242523,-0.710099995136261,-0.491299986839294,-0.521399974822998,-0.528400003910065,-0.249799996614456,-0.205200001597404,-0.110699996352196
E000V00004,-70.117,-20.25,-1.22940003871918,-0.620999991893768,0.302500009536743,0.491899996995926,0.156200006604195,0.643299996852875,0.763999998569489,1.0333000421524
E000V00008,-69.342,-20.501,-0.0776000022888184,0.234400004148483,0.835200011730194,1.10420000553131,1.23909997940063,1.17560005187988,1.14300000667572,1.28079998493195
E000200006,-70.181,-20.549,-1.69509994983673,-1.11699998378754,-0.450199991464615,-0.302199989557266,-0.41609999537468,-0.0494999997317791,0.0860000029206276,0.45440000295639
E000V00011,-68.255,-21.224,-0.0623000003397465,-0.717700004577637,-0.570599973201752,-0.221699997782707,-0.359200000762939,-1.31990003585815,-1.05429995059967,-1.30480003356934
E000V00013,-70.2,-22.091,-1.60580003261566,-0.717599987983704,0.0281000006943941,0.192200005054474,0.0701000019907951,0.292800009250641,0.598699986934662,0.932600021362305
E000V00014,-69.666,-22.35,-1.46619999408722,-1.12419998645782,-0.447499990463257,-0.224700003862381,-0.354900002479553,-0.0851999968290329,0.192900002002716,0.492399990558624
E000220002,-68.892,-22.498,-1.42620003223419,-0.963800013065338,-0.357899993658066,-0.137299999594688,-0.142399996519089,0.353700011968613,0.528699994087219,0.762799978256226
E000V00009,-69.32,-22.892,-2.7671000957489,-2.22029995918274,-1.34449994564056,-0.994899988174438,-1.05350005626678,-0.423400014638901,-0.0166999995708466,0.388700008392334
E000V00012,-68.213,-22.932,-1.51590001583099,-1.02690005302429,-0.172199994325638,0.070200003683567,-0.0121999997645617,0.427599996328354,0.487800002098083,0.658399999141693
E000230001,-70.445,-23.454,-2.45740008354187,-1.98230004310608,-1.48810005187988,-1.32539999485016,-1.75650000572205,-2.12709999084473,-1.89619994163513,-1.51349997520447
E000V00166,-67.44,-23.6,0.939199984073639,0.68860000371933,0.898400008678436,1.09599995613098,1.16139996051788,1.244500041008,1.03740000724792,1.10669994354248
E000V00165,-68.57,-23.94,-0.911199986934662,-0.455099999904633,-0.201900005340576,-0.201199993491173,-0.163100004196167,0.189500004053116,0.115099996328354,0.351799994707108
E000V00164,-69.69,-24.51,-1.84510004520416,-1.1217999458313,-0.412099987268448,0.0375000014901161,-0.75900000333786,-1.71800005435944,-2.09509992599487,-1.88479995727539
E000V00167,-69.3,-25,-0.893400013446808,-0.640999972820282,-0.368600010871887,-0.321799993515015,-0.432099997997284,-0.190799996256828,-0.0564999990165234,0.277399986982346
E000V00010,-70.484,-25.411,-2.57399988174438,-2.40039992332458,-2.02290010452271,-1.95860004425049,-2.01950001716614,-1.30239999294281,-0.700999975204468,-0.58569997549057
E000V00168,-69.27,-25.7,-0.799499988555908,-0.475899994373322,0.357400000095367,0.42849999666214,0.252999991178513,0.790600001811981,0.904100000858307,1.19089996814728
E000V00169,-68.99,-26.25,-1.53859996795654,-0.784500002861023,0.664399981498718,0.667500019073486,0.455599993467331,1.12520003318787,0.994300007820129,1.15760004520416
E000V00016,-70.611,-26.332,-2.77929997444153,-2.45830011367798,-1.78020000457764,-1.48759996891022,-2.24329996109009,-2.625,-1.83029997348785,-1.37730002403259
E000V00017,-70.046,-26.391,-1.4452999830246,-1.08270001411438,-0.493099987506866,-0.315299987792969,-0.591899991035461,-0.235300004482269,0.0428999997675419,0.184300005435944
E000V00170,-69.33,-27.07,-0.45320001244545,0.270300000905991,0.742699980735779,0.32039999961853,0.304800003767014,1.40359997749329,1.61769998073578,1.3154000043869
E000270008,-70.781,-27.254,-2.37109994888306,-1.45309996604919,-0.794000029563904,-0.589200019836426,-0.962700009346008,-0.735300004482269,-0.481599986553192,-0.207000002264977
E000270009,-70.353,-27.359,-0.567799985408783,-0.409599989652634,-0.228300005197525,-0.109899997711182,-0.212400004267693,-0.163200005888939,-0.0667999982833862,0.0645999982953072
E000V00171,-69.81,-27.98,0.677500009536743,0.854099988937378,-0.0294000003486872,-0.875599980354309,-0.79559999704361,0.883199989795685,0.693400025367737,0.909500002861023
E000V00019,-71.225,-28.463,-0.935000002384186,-0.804799973964691,-0.665600001811981,-0.584299981594086,-0.58459997177124,-0.0390000008046627,0.629999995231628,0.358300000429153
E000V00018,-70.449,-28.768,1.20169997215271,1.64489996433258,2.4284999370575,2.46849989891052,1.78729999065399,1.50829994678497,0.957799971103668,0.720700025558472
E000V00015,-70,-28.976,-0.240600004792213,-0.375200003385544,-0.034400001168251,-0.80239999294281,-0.699999988079071,0.716300010681152,0.610099971294403,0.822399973869324
E000V00021,-71.116,-29.372,-0.470200002193451,-0.314900010824203,-0.0934000015258789,0.00879999995231628,-0.034400001168251,0.100199997425079,0.205400004982948,-0.0362999998033047
E000290004,-71.207,-29.914,1.08899998664856,0.992999970912933,1.2331999540329,0.968699991703033,0.790600001811981,0.195199996232986,0.0178999993950129,-0.412600010633469
E000V00022,-70.721,-30.031,-0.478899985551834,0.127399995923042,0.070200003683567,-0.493999987840652,-0.560100018978119,0.548099994659424,0.430500000715256,0.847800016403198
E000V00020,-71.082,-30.234,0.750299990177155,0.882099986076355,1.58879995346069,1.57190001010895,1.16830003261566,0.163499996066093,-0.231499999761581,-0.645699977874756
E000V00172,-71.72,-30.38,1.40489995479584,1.14849996566772,1.29019999504089,1.21599996089935,1.08089995384216,-0.0208000000566244,-0.135299995541573,-0.861000001430511
E000V00027,-70.937,-30.746,0.975399971008301,0.975799977779388,1.59739995002747,1.42400002479553,0.919900000095367,-0.177000001072884,-0.708199977874756,-1.22599995136261
E000V00028,-71.256,-30.838,1.50499999523163,1.33430004119873,1.76289999485016,1.67869997024536,1.45580005645752,0.483900010585785,0.194999992847443,-0.433400005102158
E000V00026,-70.999,-31.188,0.688300013542175,0.659500002861023,1.43710005283356,1.54509997367859,1.02269995212555,-0.0568000003695488,-0.662800014019012,-1.1735999584198
E000V00024,-71.413,-31.39,1.37259995937347,1.22790002822876,1.56889998912811,1.55239999294281,1.31889998912811,0.319000005722046,0.0359999984502792,-0.641700029373169
E000V00023,-71.152,-31.633,0.711099982261658,0.590399980545044,1.1628999710083,1.18579995632172,0.864700019359589,-0.0991000011563301,-0.395000010728836,-0.952499985694885
E000V00025,-70.97,-31.783,0.24719999730587,0.925000011920929,0.0280000008642673,-1.46370005607605,-1.61489999294281,-0.550999999046326,-0.759199976921082,-0.512099981307983
E000320019,-70.707,-32.076,0.414900004863739,0.814199984073639,-0.54559999704361,-0.920300006866455,-0.842499971389771,0.552699983119965,0.0126000000163913,0.926500022411346
E000V00035,-70.926,-32.251,0.745500028133392,0.717199981212616,0.871399998664856,0.453799992799759,0.117600001394749,-0.376700013875961,-0.828499972820282,-1.17270004749298
E000V00174,-70.464,-32.343,-0.503700017929077,-0.361999988555908,-0.781599998474121,-1.292799949646,-1.20260000228882,-0.328000009059906,-0.394600003957748,0.639999985694885
E000V00033,-70.819,-32.362,-0.125400006771088,0.213200002908707,0.912199974060059,1.03149998188019,0.929000020027161,0.723800003528595,0.758499979972839,1.13220000267029
E000V00034,-71.441,-32.505,0.510599970817566,0.323900014162064,0.7189000248909,0.608900010585785,0.262199997901917,-0.597000002861023,-0.874899983406067,-1.26219999790192
E000V00175,-71.014,-32.54,0.683700025081635,0.793099999427795,0.359899997711182,0.302599996328354,0.0982000008225441,0.00650000013411045,-0.667500019073486,-0.847500026226044
E000V00041,-70.725,-32.594,-0.261500000953674,-0.620700001716614,1.31009995937347,1.24290001392365,1.22909998893738,1.32850003242493,0.959100008010864,1.25520002841949
E000V00176,-70.368,-32.618,-0.0716999992728233,0.259999990463257,0.383899986743927,-0.488900005817413,-0.449200004339218,-0.988600015640259,-1.97809994220734,-1.9811999797821
E000V00040,-70.809,-32.757,-0.828700006008148,-1.3672000169754,-0.94489997625351,-0.982999980449677,-0.892599999904633,-0.0750999972224236,-0.800300002098083,-1.12960004806519
E000V00031,-71.526,-32.789,-0.0412999987602234,-0.161899998784065,0.263799995183945,0.309500008821487,0.0537000000476837,-0.662800014019012,-1.02149999141693,-1.49689996242523
E000V00037,-71.173,-32.79,0.280499994754791,0.0511000007390976,0.700100004673004,0.732599973678589,0.447499990463257,-0.385300010442734,-0.738300025463104,-1.15559995174408
E000320028,-71.227,-32.828,0.280499994754791,0.0511000007390976,0.700100004673004,0.732599973678589,0.447499990463257,-0.385300010442734,-0.738300025463104,-1.15559995174408
E000V00032,-70.382,-32.89,-1.31270003318787,-0.47299998998642,-0.77700001001358,-0.570599973201752,-0.496499985456467,-0.305200010538101,-0.521899998188019,-0.222800001502037
E000V00036,-71.207,-32.893,-0.00659999996423721,-0.120999999344349,0.327399998903275,0.451400011777878,0.216199994087219,-0.322200000286102,-0.793699979782104,-1.2503000497818
E000V00030,-71.517,-32.917,0.197999998927116,0.0551000013947487,0.20720000565052,0.236599996685982,0.188899993896484,-0.377700001001358,-0.755200028419495,-1.26760005950928
E000V00042,-71.261,-32.994,-0.00659999996423721,-0.120999999344349,0.327399998903275,0.451400011777878,0.216199994087219,-0.322200000286102,-0.793699979782104,-1.2503000497818
E000330002,-71.648,-33.023,0.18350000679493,0.0019000000320375,0.0535000003874302,0.0759999975562096,0.0842999964952469,-0.332199990749359,-0.686200022697449,-1.39160001277924
E000330007,-71.556,-33.065,0.197999998927116,0.0551000013947487,0.20720000565052,0.236599996685982,0.188899993896484,-0.377700001001358,-0.755200028419495,-1.26760005950928
E000V00029,-71.4,-33.083,0.197999998927116,0.0551000013947487,0.20720000565052,0.236599996685982,0.188899993896484,-0.377700001001358,-0.755200028419495,-1.26760005950928
E000V00051,-70.834,-33.121,0.616999983787537,0.987900018692017,0.212599992752075,-0.0658999979496002,0.102200001478195,0.0187999997287989,-0.37279999256134,-0.533100008964539
E000V00050,-70.66,-33.147,0.449699997901917,0.485100001096725,0.646799981594086,0.772199988365173,0.793500006198883,0.375600010156631,-0.218199998140335,-0.353500008583069
E000V00177,-71.46,-33.23,0.350600004196167,0.089699998497963,0.220799997448921,0.382699996232986,0.44539999961853,-0.127900004386902,-0.529900014400482,-1.14950001239777
E000V00178,-71.155,-33.287,0.56470000743866,0.360900014638901,0.60699999332428,0.755900025367737,0.731299996376038,0.586300015449524,0.0489999987185001,-0.739300012588501
E000V00046,-70.502,-33.353,0.402399986982346,-0.290399998426437,-0.368999987840652,0.0428999997675419,0.447899997234344,0.107199996709824,-0.235100001096725,0.715699970722198
E000330021,-70.787,-33.378,-0.337599992752075,-0.455700010061264,0.360199987888336,0.249300003051758,0.344300001859665,0.438499987125397,-0.147400006651878,-0.252600014209747
E000V00043,-70.733,-33.42,-0.337599992752075,-0.455700010061264,0.360199987888336,0.249300003051758,0.344300001859665,0.438499987125397,-0.147400006651878,-0.252600014209747
E000V00055,-71.026,-33.439,-0.207900002598763,-0.317499995231628,-0.111400000751019,0.0348000004887581,-0.0364999994635582,0.172999992966652,-0.347600013017654,-0.800899982452393
E000V00038,-71.624,-33.439,-0.0847999975085258,-0.172600001096725,-0.0964000001549721,-0.0670000016689301,-0.107500001788139,-0.600199997425079,-0.825699985027313,-1.34119999408722
E000330020,-70.683,-33.445,-0.337599992752075,-0.455700010061264,0.360199987888336,0.249300003051758,0.344300001859665,0.438499987125397,-0.147400006651878,-0.252600014209747
E000330019,-70.549,-33.455,-0.1858000010252,-1.01760005950928,-0.230700001120567,1.2474000453949,1.18250000476837,0.326700001955032,-0.202800005674362,-0.15090000629425
E000V00044,-70.7,-33.467,-0.337599992752075,-0.455700010061264,0.360199987888336,0.249300003051758,0.344300001859665,0.438499987125397,-0.147400006651878,-0.252600014209747
E000V00047,-70.766,-33.517,-0.337599992752075,-0.455700010061264,0.360199987888336,0.249300003051758,0.344300001859665,0.438499987125397,-0.147400006651878,-0.252600014209747
E000V00039,-71.596,-33.543,-0.0847999975085258,-0.172600001096725,-0.0964000001549721,-0.0670000016689301,-0.107500001788139,-0.600199997425079,-0.825699985027313,-1.34119999408722
E000V00045,-70.548,-33.545,-0.1858000010252,-1.01760005950928,-0.230700001120567,1.2474000453949,1.18250000476837,0.326700001955032,-0.202800005674362,-0.15090000629425
E000V00058,-70.902,-33.608,-0.207900002598763,-0.317499995231628,-0.111400000751019,0.0348000004887581,-0.0364999994635582,0.172999992966652,-0.347600013017654,-0.800899982452393
E000V00048,-70.567,-33.617,-0.1858000010252,-1.01760005950928,-0.230700001120567,1.2474000453949,1.18250000476837,0.326700001955032,-0.202800005674362,-0.15090000629425
E000330031,-78.833,-33.636,-0.0297705885022879,0.17774173617363,0.280640810728073,0.119727253913879,0.130432158708572,0.0408616214990616,-0.0695501640439034,0.162474319338799
E000330030,-71.613,-33.656,-0.287999987602234,-0.416000008583069,-0.430900007486343,-0.285199999809265,-0.340799987316132,-0.593999981880188,-0.776799976825714,-1.31669998168945
E000V00049,-70.089,-33.676,-0.263099998235703,0.00130000000353903,-0.539600014686584,-0.452499985694885,-0.771499991416931,-1.13460004329681,-1.27219998836517,-1.34099996089935
E000V00057,-71.101,-33.692,-0.588500022888184,-0.672100007534027,-0.454100012779236,-0.362899988889694,-0.396899998188019,-0.36829999089241,-0.745299994945526,-1.13499999046326
E000V00052,-70.707,-33.707,0.252700001001358,0.30019998550415,0.123499996960163,-0.318699985742569,-0.156100004911423,-0.245700001716614,-0.77130001783371,-0.703299999237061
E000V00053,-70.639,-33.862,0.252700001001358,0.30019998550415,0.123499996960163,-0.318699985742569,-0.156100004911423,-0.245700001716614,-0.77130001783371,-0.703299999237061
E000V00179,-70.22,-33.878,0.476700007915497,0.303799986839294,-0.881099998950958,-0.340299993753433,-0.195299997925758,-0.912299990653992,-1.52030003070831,-1.48520004749298
E000V00056,-71.394,-33.941,0.0491999983787537,-0.273400008678436,-0.36939999461174,-0.0531000010669231,-0.0121999997645617,-0.111000001430511,-0.535399973392487,-1.03550004959106
E000V00068,-71.825,-33.959,0.172999992966652,0.0366999991238117,-0.095600001513958,0.0190999992191792,0.0830999985337257,0.0984999984502792,-0.267699986696243,-0.798900008201599
E000V00064,-70.717,-33.983,0.283600002527237,0.172999992966652,0.0263000000268221,-0.280900001525879,-0.0119000002741814,-0.261099994182587,-0.694100022315979,-0.775799989700317
E000V00054,-70.995,-34.029,-0.466800004243851,-0.490299999713898,-0.0939999967813492,0.185000002384186,0.145799994468689,-0.152899995446205,-0.529500007629395,-0.901899993419647
E000V00059,-70.772,-34.169,0.468100011348724,0.24609999358654,-0.224399998784065,-1.41190004348755,-0.893100023269653,-0.330099999904633,-0.610300004482269,-0.811299979686737
E000V00180,-70.402,-34.203,0.785899996757507,-0.00350000010803342,0.0489999987185001,-0.621100008487701,-0.247500002384186,0.583999991416931,-0.239600002765656,0.00100000004749745
E000V00061,-70.997,-34.215,-0.135199993848801,-0.293799996376038,-0.119400002062321,0.088299997150898,0.185000002384186,-0.070200003683567,-0.461899995803833,-0.909600019454956
E000V00062,-71.3,-34.217,-0.249099999666214,-0.302300006151199,-0.1300999969244,0.0904999971389771,0.117899999022484,-0.143500000238419,-0.606199979782104,-1.09070003032684
E000V00060,-70.948,-34.261,-0.135199993848801,-0.293799996376038,-0.119400002062321,0.088299997150898,0.185000002384186,-0.070200003683567,-0.461899995803833,-0.909600019454956
E000V00066,-70.812,-34.279,0.468100011348724,0.24609999358654,-0.224399998784065,-1.41190004348755,-0.893100023269653,-0.330099999904633,-0.610300004482269,-0.811299979686737
E000V00065,-70.834,-34.322,0.468100011348724,0.24609999358654,-0.224399998784065,-1.41190004348755,-0.893100023269653,-0.330099999904633,-0.610300004482269,-0.811299979686737
E000V00067,-72.019,-34.394,1.73940002918243,1.07920002937317,0.501500010490417,0.667900025844574,1.04770004749298,1.42340004444122,1.3610999584198,0.815699994564056
E000V00063,-70.21,-34.411,-0.666599988937378,-0.948499977588654,1.99580001831055,1.37080001831055,1.24349999427795,0.233400002121925,-0.284599989652634,0.64190000295639
E000V00071,-71.463,-34.485,0.205400004982948,0.0794999971985817,0.175999999046326,0.391600012779236,0.513899981975555,0.115599997341633,-0.359499990940094,-0.767499983310699
E000V00069,-71.898,-34.645,1.22070002555847,0.947099983692169,0.465999990701675,0.640900015830994,0.921000003814697,1.31920003890991,1.3095999956131,0.675599992275238
E000V00072,-71.4,-34.691,0.120300002396107,0.234400004148483,0.356400012969971,0.540899991989136,1.09399998188019,0.801800012588501,0.261500000953674,-0.222699999809265
E000V00070,-71.63,-34.714,0.479699999094009,0.82669997215271,0.744899988174438,0.853500008583069,1.23730003833771,0.941999971866608,0.755999982357025,0.270399987697601
E000340044,-71.02,-34.721,0.349200010299683,0.0744000002741814,0.558600008487701,0.612800002098083,0.81879997253418,0.429899990558624,-0.0917999967932701,-0.592000007629395
E000V00181,-70.52,-34.781,-0.562699973583221,0.0109999999403954,-0.0857999995350838,-0.25670000910759,-0.145199999213219,-0.424499988555908,-0.218600004911423,-0.325399994850159
E000V00086,-72.026,-34.855,1.22070002555847,0.947099983692169,0.465999990701675,0.640900015830994,0.921000003814697,1.31920003890991,1.3095999956131,0.675599992275238
E000V00084,-71.125,-34.96,0.14360000193119,-0.235300004482269,0.407400012016296,1.30299997329712,1.49279999732971,1.48430001735687,0.949599981307983,0.25900000333786
E000V00083,-71.832,-34.968,0.62720000743866,0.963800013065338,1.01310002803802,1.00629997253418,1.49590003490448,1.26349997520447,1.15690004825592,0.622399985790253
E000340031,-71.217,-34.969,0.422500014305115,0.657599985599518,0.883199989795685,0.777800023555756,1.08570003509521,0.47409999370575,-0.0370000004768372,-0.424800008535385
E000V00085,-70.811,-35,-1.85539996623993,-1.62660002708435,-0.222399994730949,-0.822799980640411,-0.695999979972839,0.12559999525547,-0.68419998884201,-0.840099990367889
E000V00076,-71.956,-35.128,0.904299974441528,0.934700012207031,0.922500014305115,1.0106999874115,1.27100002765656,1.26900005340576,1.1188999414444,0.959299981594086
E000V00182,-70.83,-35.398,1.57159996032715,0.653599977493286,-0.875800013542175,-0.627699971199036,-0.102700002491474,-0.501999974250793,-0.323100000619888,0.527800023555756
E000V00079,-71.467,-35.419,-0.120899997651577,0.0364000014960766,0.360300004482269,0.369199991226196,0.459899991750717,-0.327199995517731,-0.803699970245361,-1.06149995326996
E000V00078,-71.7,-35.533,0.254900008440018,0.688099980354309,0.770900011062622,0.759100019931793,0.978900015354156,0.57480001449585,0.230100005865097,0.407200008630753
E000V00074,-71.454,-35.663,-0.372200012207031,-0.425999999046326,0.065700002014637,-0.043699998408556,0.065700002014637,-0.826799988746643,-1.17120003700256,-1.53269994258881
E000V00077,-72.082,-35.672,-0.0615000016987324,-0.0220999997109175,-0.184499993920326,-0.179800003767014,-0.0302000008523464,-0.230399996042252,-0.324999988079071,0.180299997329712
E000V00080,-71.062,-35.699,1.13660001754761,0.0864000022411346,0.530900001525879,-1.13699996471405,-0.091499999165535,0.582599997520447,0.162300005555153,0.509199976921082
E000V00081,-72.511,-35.707,1.48849999904633,1.41820001602173,1.60459995269775,1.47490000724792,1.45609998703003,1.23179996013641,0.953000009059906,0.716600000858307
E000V00075,-71.631,-35.753,0.268900007009506,0.505299985408783,0.290199995040894,0.254200011491776,0.585399985313416,0.0359000004827976,-0.526400029659271,-0.368999987840652
E000V00082,-72.587,-35.836,1.48849999904633,1.41820001602173,1.60459995269775,1.47490000724792,1.45609998703003,1.23179996013641,0.953000009059906,0.716600000858307
E000V00183,-71.05,-36.06,0.710200011730194,0.837199985980988,1.61710000038147,0.767700016498566,1.15699994564056,0.277099996805191,-0.0688000023365021,0.688499987125397
E000V00087,-72.783,-36.133,0.25,0.324600011110306,0.414499998092651,0.398400008678436,0.507700026035309,-0.124700002372265,-0.231900006532669,-0.0913999974727631
E000V00073,-71.548,-36.257,-0.1283999979496,-0.108999997377396,0.0851999968290329,0.110399998724461,0.354499995708466,-0.0882000029087067,-0.33950001001358,-0.260699987411499
E000V00091,-71.9,-36.292,0.162200003862381,-0.209600001573563,-0.55239999294281,-0.451200008392334,-0.0671999976038933,-0.774500012397766,-1.14950001239777,-0.989799976348877
E000V00090,-72.64,-36.43,0.193299993872643,0.518400013446808,0.444999992847443,0.300900012254715,0.340999990701675,0.128600001335144,-0.0975999981164932,-0.0390999987721443
E000V00088,-72.699,-36.492,0.193299993872643,0.518400013446808,0.444999992847443,0.300900012254715,0.340999990701675,0.128600001335144,-0.0975999981164932,-0.0390999987721443
E000V00092,-71.549,-36.56,-0.0579999983310699,-0.619199991226196,0.88400000333786,-0.3158999979496,-0.219899997115135,-0.123499996960163,0.156100004911423,0.560699999332428
E000360011,-72.037,-36.586,0.63239997625351,0.695800006389618,0.638300001621246,0.650099992752075,1.18509995937347,0.279500007629395,-0.284200012683868,-0.230700001120567
E000V00089,-72.603,-36.625,-0.111100003123283,0.213799998164177,0.609099984169006,0.104500003159046,0.29789999127388,-0.145600005984306,-0.636300027370453,-0.133399993181229
E000V00099,-72.965,-36.672,0.62720000743866,0.591899991035461,0.568300008773804,0.675300002098083,0.766099989414215,0.279599994421005,0.239999994635582,0.402799993753433
E000V00096,-72.704,-36.697,-0.30349999666214,-0.229100003838539,-0.1858000010252,-0.273000001907349,-0.226300001144409,-0.498299986124039,-0.167999997735023,0.199699997901917
E000V00098,-72.983,-36.733,0.62720000743866,0.591899991035461,0.568300008773804,0.675300002098083,0.766099989414215,0.279599994421005,0.239999994635582,0.402799993753433
E000360019,-73.066,-36.781,0.62720000743866,0.591899991035461,0.568300008773804,0.675300002098083,0.766099989414215,0.279599994421005,0.239999994635582,0.402799993753433
E000V00184,-71.5,-36.88,-0.0876000002026558,-0.256199985742569,0,-1.68980002403259,-1.16449999809265,-1.64769995212555,-1.66709995269775,-1.2791999578476
E000V00093,-72.099,-36.977,-1.75109994411469,-1.00699996948242,0.134299993515015,-0.238999992609024,0.0406999997794628,-0.355800002813339,-0.106899999082088,0.117700003087521
E000V00095,-73.14,-37.005,-1.27279996871948,-1.20729994773865,-1.32179999351501,-1.20529997348785,-1.17610001564026,-2.95009994506836,-2.96009993553162,-2.833899974823
E000V00106,-72.403,-37.035,-0.77539998292923,-0.709299981594086,-0.830399990081787,-0.881900012493134,-0.644299983978271,-1.82000005245209,-2.28999996185303,-2.25789999961853
E000V00097,-73.155,-37.092,-1.27279996871948,-1.20729994773865,-1.32179999351501,-1.20529997348785,-1.17610001564026,-2.95009994506836,-2.96009993553162,-2.833899974823
E000V00105,-71.245,-37.111,1.80280005931854,1.06470000743866,-0.287900000810623,-2.27539992332458,-1.90349996089935,-1.34099996089935,-2.05299997329712,-1.08249998092651
E000V00094,-72.012,-37.141,-1.10769999027252,-0.408800005912781,0.274300009012222,-0.136399999260902,0.0777999982237816,-0.34799998998642,-0.434899985790253,-0.142599999904633
E000V00108,-72.946,-37.167,0.810199975967407,0.89300000667572,0.748499989509583,0.799099981784821,0.966099977493286,0.0458999983966351,-0.150000005960464,0.117299996316433
E000V00107,-72.328,-37.213,0.142299994826317,0.933000028133392,1.08430004119873,0.972100019454956,1.1055999994278,0.637899994850159,0.315100014209747,0.433299988508224
E000V00111,-71.949,-37.293,-1.10769999027252,-0.408800005912781,0.274300009012222,-0.136399999260902,0.0777999982237816,-0.34799998998642,-0.434899985790253,-0.142599999904633
E000V00100,-73.437,-37.305,-0.0566999986767769,0.399300009012222,0.250900000333786,0.507499992847443,0.544099986553192,-0.794099986553192,-0.880999982357025,-0.866400003433228
E000V00185,-71.566,-37.323,-0.116499997675419,-0.951200008392334,-1.81200003623962,-1.27610003948212,-0.688700020313263,-1.25940001010895,-2.1654999256134,-1.61310005187988
E000370033,-72.424,-37.397,-1.02929997444153,-1.17560005187988,-1.13429999351501,-1.13150000572205,-1.23000001907349,-2.26099991798401,-2.29559993743896,-1.94480001926422
E000V00186,-72.83,-37.418,-0.336600005626678,-0.141000002622604,0.0318000018596649,0.113600000739098,-0.00609999988228083,-1.17739999294281,-1.56900000572205,-1.53100001811981
E000V00103,-73.33,-37.485,-0.410400003194809,-0.353899985551834,-0.308800011873245,-0.276199996471405,-0.337000012397766,-1.61080002784729,-1.23000001907349,-1.05139994621277
E000V00110,-71.875,-37.536,-0.373400002717972,-0.626699984073639,0.600399971008301,0.294699996709824,0.425300002098083,-0.755900025367737,-1.03149998188019,-0.412699997425079
E000V00104,-73.462,-37.627,-0.572799980640411,-0.474999994039536,-0.120399996638298,-0.234699994325638,-0.439999997615814,-1.20060002803802,-0.652300000190735,-0.225600004196167
E000V00109,-72.007,-37.685,-1.48689997196198,-1.02760004997253,-0.166600003838539,-0.568499982357025,-0.564599990844727,-1.20949995517731,-1.3202999830246,-0.671899974346161
E000V00116,-72.605,-37.726,-1.05250000953674,-0.847599983215332,-0.597500026226044,-0.830099999904633,-0.875599980354309,-2.06730008125305,-2.38969993591309,-2.53600001335144
E000V00101,-73.412,-37.892,1.62390005588531,1.32570004463196,1.68320000171661,1.73440003395081,1.69480001926422,1.04419994354248,1.04670000076294,1.13269996643066
E000V00102,-73.097,-37.95,-1.35500001907349,-1.31470000743866,-1.52409994602203,-1.49279999732971,-1.50769996643066,-3.06870007514954,-3.04530000686646,-3.05010008811951
E000V00112,-71.435,-38.057,1.11989998817444,0.153899997472763,-0.105099998414516,-0.433099985122681,-0.148200005292892,-0.969200015068054,-1.55729997158051,-0.512899994850159
E000V00114,-72.298,-38.146,0.417100012302399,0.884599983692169,1.33080005645752,1.07389998435974,1.09389996528625,0.330199986696243,0.33050000667572,0.58789998292923
E000V00117,-72.273,-38.228,0.417100012302399,0.884599983692169,1.33080005645752,1.07389998435974,1.09389996528625,0.330199986696243,0.33050000667572,0.58789998292923
E000V00113,-71.233,-38.25,0.818199992179871,1.36349999904633,1.20869994163513,1.18970000743866,1.65020000934601,0.992999970912933,0.17569999396801,-0.1283999979496
E000V00188,-72.956,-38.207,-0.0335999988019466,0.0859000012278557,0.0408999994397163,-0.184499993920326,-0.273299992084503,-1.20860004425049,-1.73210000991821,-1.98829996585846
E000V00187,-71.75,-38.414,0.629599988460541,1.08299994468689,0.446700006723404,-0.133699998259544,-0.0148999998345971,-0.274599999189377,-0.912500023841858,-0.310600012540817
E000V00121,-72.399,-38.435,-0.0640000030398369,0.259700000286102,0.531899988651276,0.541999995708466,0.617399990558624,0.292199999094009,0.565299987792969,0.875899970531464
E000V00129,-72.85,-38.446,-0.513199985027313,-0.0961000025272369,-0.151999995112419,-0.593299984931946,-0.615299999713898,-1.58179998397827,-1.72699999809265,-1.3717999458313
E000V00126,-72.224,-38.675,0.396200001239777,1.42349994182587,1.35989999771118,1.05320000648499,1.05610001087189,0.690100014209747,0.754199981689453,1.17480003833771
E000V00115,-71.141,-38.732,0.71780002117157,1.09270000457764,0.0636000037193298,0.208100005984306,0.560500025749207,0.237900003790855,0.388000011444092,1.19900000095367
E000380013,-72.46,-38.768,-0.376399993896484,0.0386999994516373,0.578199982643127,0.563499987125397,0.249899998307228,-0.533500015735626,-0.568700015544891,-0.422399997711182
E000V00120,-71.683,-38.834,1.23629999160767,1.05920004844666,0.336699992418289,-0.359699994325638,-0.251500010490417,-0.263099998235703,-1.04229998588562,-0.177300006151199
E000V00128,-72.787,-39.022,-0.231299996376038,0.259200006723404,0.608399987220764,0.483900010585785,0.0737999975681305,-0.53930002450943,-0.731199979782104,-0.803600013256073
E000V00127,-72.252,-39.007,0.18970000743866,1.29540002346039,0.865899980068207,0.435799986124039,0.417199999094009,0.567499995231628,0.638000011444092,1.00839996337891
E000V00122,-72.922,-39.071,-0.0122999995946884,0.610199987888336,1.10660004615784,1.04390001296997,0.78030002117157,0.0732999965548515,0.330599993467331,0.277900010347366
E000V00118,-72.615,-39.103,-0.295199990272522,0.449999988079071,1.46949994564056,1.52230000495911,0.915799975395203,0.0722000002861023,-0.0201999992132187,-0.0379999987781048
E000V00124,-73.133,-39.165,-0.228000000119209,0.179399996995926,0.654500007629395,0.728900015354156,0.517700016498566,-0.0395999997854233,0.412699997425079,0.140699997544289
E000V00125,-72.261,-39.196,0.952899992465973,1.36870002746582,1.33780002593994,0.979900002479553,0.904999971389771,0.808899998664856,0.762899994850159,0.997099995613098
E000V00119,-71.868,-39.262,0.373299986124039,0.239500001072884,0.481299996376038,-0.851199984550476,-0.758199989795685,-0.253199994564056,-0.808000028133392,0.44870001077652
E000V00123,-71.926,-39.289,-1.03380000591278,-0.946600019931793,0.18979999423027,-0.773100018501282,-0.809499979019165,-0.23479999601841,-0.837100028991699,0.0816000029444695
E000V00189,-72.55,-39.373,-0.487899988889694,0.393200010061264,1.50139999389648,1.60829997062683,1.32239997386932,0.773899972438812,0.945299983024597,1.06700003147125
E000V00190,-73.177,-39.39,-0.160199999809265,0.531599998474121,1.52439999580383,1.33039999008179,0.923699975013733,0.686600029468536,0.966199994087219,0.664399981498718
E000V00131,-72.95,-39.632,-0.537000000476837,0.152799993753433,0.767499983310699,0.653199970722198,0.31029999256134,-0.192800000309944,-0.161899998784065,-0.608500003814697
E000390006,-73.087,-39.657,-0.537000000476837,0.152799993753433,0.767499983310699,0.653199970722198,0.31029999256134,-0.192800000309944,-0.161899998784065,-0.608500003814697
E000V00130,-72.501,-39.863,-0.630800008773804,0.283100008964539,1.70099997520447,0.853799998760223,0.476999998092651,-0.0272000003606081,-0.488999992609024,-0.263099998235703
E000V00191,-71.91,-39.88,-1.2257000207901,-0.362199991941452,0.0891000032424927,-0.953800022602081,-0.948899984359741,-0.79559999704361,-1.17729997634888,-0.337000012397766
E000V00132,-72.927,-40.096,-0.732200026512146,-0.131099998950958,0.433299988508224,0.231000006198883,-0.0670000016689301,-0.443800002336502,-0.703800022602081,-1.19210004806519
E000V00134,-72.415,-40.134,-0.873799979686737,-0.244499996304512,0.980400025844574,0.537199974060059,0.487100005149841,0.201199993491173,0.205599993467331,0.631200015544891
E000V00193,-73.647,-40.168,0.480399996042252,1.25520002841949,1.21889996528625,0.894699990749359,0.819000005722046,-0.965799987316132,-0.723599970340729,-0.568300008773804
E000V00133,-73.024,-40.317,-0.44530001282692,-0.116999998688698,0.32490000128746,0.196700006723404,-0.266799986362457,-0.972599983215332,-1.43630003929138,-2.01160001754761
E000V00135,-72.979,-40.323,-0.44530001282692,-0.116999998688698,0.32490000128746,0.196700006723404,-0.266799986362457,-0.972599983215332,-1.43630003929138,-2.01160001754761
E000V00139,-73.308,-40.348,-1.1680999994278,-0.270599991083145,0.604200005531311,-0.324600011110306,-0.852800011634827,-1.35689997673035,-1.11699998378754,-1.16340005397797
E000V00192,-72,-40.52,-0.681900024414062,-0.91430002450943,-0.763999998569489,-1.61520004272461,-1.58640003204346,-1.60870003700256,-2.36989998817444,-1.27310001850128
E000400009,-73.058,-40.614,-1.14810001850128,-0.787999987602234,-0.463600009679794,-0.85589998960495,-1.39209997653961,-1.63359999656677,-2.18179988861084,-2.25430011749268
E000V00194,-72.116,-40.623,-0.681900024414062,-0.91430002450943,-0.763999998569489,-1.61520004272461,-1.58640003204346,-1.60870003700256,-2.36989998817444,-1.27310001850128
E000V00136,-73.152,-40.765,-0.59799998998642,-0.262199997901917,0.550499975681305,0.146300002932549,-0.805000007152557,-0.794799983501434,-1.30789995193481,-1.71290004253387
E000V00138,-73.157,-40.861,-0.59799998998642,-0.262199997901917,0.550499975681305,0.146300002932549,-0.805000007152557,-0.794799983501434,-1.30789995193481,-1.71290004253387
E000V00195,-73.815,-40.873,-0.171100005507469,0.663699984550476,1.16879999637604,1.11179995536804,0.949199974536896,0.787500023841858,0.668099999427795,0.512899994850159
E000V00137,-72.886,-40.957,-1.17219996452332,-0.439900010824203,0.613600015640259,1.40869998931885,-0.0428000018000603,-0.530600011348724,-1.0654000043869,-1.19519996643066
E000V00142,-73.377,-41.115,-0.920300006866455,-0.640999972820282,-0.414299994707108,-0.514400005340576,-1.10609996318817,-1.10490000247955,-1.35609996318817,-1.90760004520416
E000V00197,-72.339,-41.142,-0.535600006580353,-0.397399991750717,0.00350000010803342,-1.15289998054504,-0.975099980831146,-0.723100006580353,-1.84089994430542,-0.432300001382828
E000V00143,-73.009,-41.259,-0.541700005531311,0.629800021648407,1.26859998703003,1.81719994544983,0.325300008058548,-0.554799973964691,-1.18120002746582,-0.857699990272522
E000V00196,-73.809,-41.359,-0.94379997253418,-0.0916000008583069,0.511399984359741,0.581099987030029,-0.208599999547005,-0.329299986362457,-0.501900017261505,-1.18420004844666
E000410005,-73.096,-41.448,0.546999990940094,0.723999977111816,1.10629999637604,2.20760011672974,1.74430000782013,1.41359996795654,1.12150001525879,1.49070000648499
E000V00198,-72.275,-41.579,-1.49460005760193,-0.797500014305115,-0.144899994134903,-1.8121999502182,-1.5650999546051,-1.10099995136261,-2.02760004997253,-1.01639997959137
E000V00144,-73.672,-41.71,-1.63489997386932,-0.699299991130829,-0.00380000006407499,0.362100005149841,-0.707599997520447,-1.28620004653931,-1.26499998569489,-1.93219995498657
E000V00140,-72.435,-41.938,-0.515900015830994,0.289299994707108,1.04460000991821,-1.08379995822906,-0.795099973678589,-0.767000019550323,-1.35829997062683,-0.214800000190735
E000V00141,-71.865,-42.075,-0.543799996376038,-1.80390000343323,-0.472299993038177,-2.31459999084473,-2.21620011329651,-2.4103000164032,-2.7153000831604,-2.06629991531372
E000V00151,-72.417,-42.1,-0.515900015830994,0.289299994707108,1.04460000991821,-1.08379995822906,-0.795099973678589,-0.767000019550323,-1.35829997062683,-0.214800000190735
E000V00149,-73.49,-42.157,-1.52820003032684,-1.4375,-0.87720000743866,-0.341699987649918,-1.00039994716644,-1.07710003852844,-1.12969994544983,-1.51440000534058
E000V00199,-74.078,-42.285,-2.91219997406006,-1.0949000120163,-0.93010002374649,-1.0657000541687,-1.25460004806519,-0.927600026130676,-0.423400014638901,-0.363200008869171
E000V00201,-72.663,-42.355,-1.76219999790192,-1.01559996604919,-0.802600026130676,-2.5239999294281,-2.49239993095398,-1.62109994888306,-2.16179990768433,-1.89740002155304
E000V00147,-73.568,-42.404,-0.639297604560852,-0.0663401857018471,0.105828300118446,-0.20666179060936,-0.344064921140671,-0.466186493635178,-0.497425645589828,-0.325379580259323
E000V00148,-73.633,-42.583,-2.0239999294281,-1.65559995174408,-0.775600016117096,-1.01870000362396,-1.61759996414185,-1.25530004501343,-0.624899983406067,-0.405699998140335
E000V00146,-73.789,-42.704,-1.71109998226166,-2.23900008201599,-0.665000021457672,-1.91639995574951,-2.46440005302429,-2.18540000915527,-1.76279997825623,-1.95620000362396
E000V00145,-72.717,-42.883,-0.256999999284744,0.234300002455711,0.392599999904633,0.0954999998211861,0.197400003671646,-0.0205000005662441,-0.310600012540817,0.23649999499321
E000430002,-71.852,-43.189,1.58350002765656,2.00379991531372,1.81879997253418,1.55529999732971,1.94480001926422,2.27069997787476,2.31699991226196,2.21650004386902
E000V00200,-74.295,-43.208,0.0557000003755093,1.24430000782013,0.270500004291534,0.3817999958992,0.267899990081787,-0.0469999983906746,-0.154699996113777,0.120600000023842
E000V00202,-72.85,-43.364,0.862399995326996,1.2581000328064,0.0375999994575977,-0.675499975681305,-0.33500000834465,-0.41100001335144,-0.876299977302551,-0.230499997735023
E000V00150,-72.126,-43.474,0.766700029373169,0.969600021839142,0.472600013017654,-1.41639995574951,-1.15869998931885,-0.848100006580353,-2.31389999389648,-1.07340002059937
E000430004,-71.801,-43.612,0.684400022029877,1.32369995117188,0.89410001039505,0.337999999523163,0.589999973773956,1.36059999465942,1.37940001487732,1.66449999809265
E000V00153,-73.74,-43.89,-0.25689822435379,0.0452060960233212,-0.0197537820786238,-0.436421394348145,-0.426382482051849,-0.615760862827301,-0.626549601554871,-0.275823295116425
E000V00152,-72.387,-43.917,0.223199993371964,0.631200015544891,-0.0551000013947487,-0.855599999427795,-0.730499982833862,-0.902599990367889,-1.707200050354,-0.623000025749207
E000V00154,-71.847,-44.24,1.00650000572205,2.18779993057251,1.85979998111725,1.33739995956421,1.70840001106262,1.98280000686646,0.839999973773956,1.15359997749329
E000V00203,-73.097,-44.729,-1.90659999847412,-0.959100008010864,-0.919099986553192,-1.01929998397827,-1.31620001792908,-1.43369996547699,-2.74219989776611,-1.91369998455048
E000450001,-72.677,-45.399,0.931900024414062,0.574999988079071,0.0261000003665686,0.0461000017821789,0.210299998521805,-0.145400002598763,-0.222000002861023,0.48870000243187
E000450004,-72.102,-45.591,0.546599984169006,1.52980005741119,1.31749999523163,-0.340499997138977,-0.0410999990999699,-0.175999999046326,-0.54119998216629,0.396600008010864
E000450005,-71.678,-45.918,0.044599998742342,0.624400019645691,0.85809999704361,-0.112499997019768,-0.126499995589256,-0.901600003242493,-1.2791999578476,-1.06270003318787
E000V00157,-71.941,-46.278,-0.455000013113022,0.0894000008702278,0.639400005340576,0.264400005340576,0.137899994850159,-1.12170004844666,-1.42630004882812,-1.2635999917984
E000V00205,-74.778,-46.355,-3.44420003890991,-1.88390004634857,-1.2503000497818,-1.91149997711182,-2.21909999847412,-2.71449995040894,-2.9456000328064,-2.22480010986328
E000V00204,-73.336,-46.569,-0.913100004196167,0.527800023555756,0.136199995875359,-0.449299991130829,0.351300001144409,-0.516600012779236,-0.46000000834465,0.312400013208389
E000460001,-71.685,-46.585,0.948300004005432,1.29240000247955,1.18859994411469,-0.508899986743927,-0.678699970245361,-1.05529999732971,-1.47070002555847,-1.30219995975494
E000470001,-72.583,-47.244,-1.13230001926422,-1.57309997081757,-0.580799996852875,-0.542699992656708,-0.0368999987840652,-0.846199989318848,-1.03410005569458,-0.237100005149841
E000V00156,-73.536,-47.8,-1.84210002422333,-1.69500005245209,-1.90470004081726,-1.9938999414444,-1.34039998054504,-2.1900999546051,-2.42650008201599,-2.00740003585815
E000V00155,-72.56,-48.471,-0.401800006628036,-0.224000006914139,0.480699986219406,-0.580299973487854,-0.475499987602234,-1.72150003910065,-1.31959998607635,-0.807399988174438
E000V00206,-73.941,-48.958,-0.175551056861877,0.167317524552345,0.132329687476158,-0.367750406265259,-0.187120497226715,-0.566580176353455,-0.583763957023621,-0.129757896065712
E000V00207,-73.57,-51.07,1.40729999542236,1.53999996185303,0.873300015926361,-0.18970000743866,-0.30689999461174,-0.484100013971329,0.068400003015995,0.557500004768372
E000V00158,-72.967,-51.184,0.312599986791611,0.813799977302551,1.27040004730225,0.718400001525879,0.742999970912933,-0.771799981594086,-1.46249997615814,-1.84210002422333
E000V00159,-71.164,-52.309,-0.400099992752075,0.0939000025391579,0.821099996566772,0.215800002217293,0.318300008773804,-1.33739995956421,-1.67340004444122,-2.28810000419617
E000V00161,-70.361,-52.432,-0.803200006484985,0.0063999998383224,0.815999984741211,0.538500010967255,0.543500006198883,-0.950399994850159,-1.72300004959106,-2.59159994125366
E000V00160,-71.505,-52.601,-0.615000009536743,0.068000003695488,0.84689998626709,0.172900006175041,0.515600025653839,-1.46599996089935,-2.02270007133484,-2.40639996528625
E000V00162,-69.27,-52.8,0.419600009918213,0.828000009059906,1.24699997901917,0.944400012493134,0.990100026130676,-0.608200013637543,-1.04229998588562,-2.02020001411438
E000520006,-70.839,-53.002,-0.150000005960464,0.493699997663498,1.19190001487732,0.384299993515015,0.724900007247925,-0.620999991893768,-1.49199998378754,-2.0543999671936
E000530005,-70.326,-53.254,-0.164900004863739,0.543600022792816,0.758199989795685,0.184799998998642,0.357100009918213,-0.926400005817413,-1.75240004062653,-2.07189989089966
E000V00208,-71.38,-53.8,0.457899987697601,-0.17849999666214,0.450500011444092,0.278499990701675,0.297699987888336,-1.02339994907379,-0.955900013446808,-0.288599997758865
E000V00163,-68.804,-54.051,-0.694800019264221,0.0804999992251396,1.24380004405975,1.24749994277954,1.03779995441437,-0.282700002193451,-0.585300028324127,-0.717299997806549
E000550001,-67.616,-54.932,0.79449999332428,0.398400008678436,-0.0649999976158142,-1.36020004749298,-1.03079998493195,-1.55649995803833,-1.18499994277954,-0.577700018882751
