Estacion,Lat,Lon,meses:1,3,6,9,12,24,36,48
E000V00003,-69.478,-17.595,0.296678304672241,0.328337818384171,0.256630510091782,0.227144226431847,0.180786699056625,0.250998139381409,0.275466531515121,0.290069192647934
E000V00002,-69.554,-18.197,0.00842828769236803,0.00872643012553453,0.00763199105858803,0.00687690638005733,0.00565269030630589,0.00667045498266816,0.00733944214880466,0.00775015354156494
E000180005,-70.34,-18.356,0.25389900803566,0.259582012891769,0.224047243595123,0.201569408178329,0.16512793302536,0.198464766144753,0.218437016010284,0.230561494827271
E000V00001,-69.857,-19.011,0.0206831209361553,0.0177069250494242,0.022223949432373,0.0207560285925865,0.0182890724390745,0.0135363759472966,0.0149422641843557,0.0158274974673986
E000V00006,-68.638,-19.276,0.021723534911871,0.0211821217089891,0.0217892397195101,0.0200522784143686,0.0171088986098766,0.0161874406039715,0.0178694576025009,0.018955834209919
E000V00005,-69.427,-19.313,0.0182427056133747,0.0147484950721264,0.0231571458280087,0.0219529215246439,0.0199036207050085,0.0112740965560079,0.0124571304768324,0.0132128112018108
E000V00007,-69.767,-19.996,0.00203397800214589,0.000592182506807148,0.996426701545715,0.996380805969238,0.996299147605896,0.000452795822639018,0.000502498645801097,0.000535068567842245
E000V00004,-70.117,-20.25,0.852811455726624,0.0230678096413612,0.111391454935074,0.1096386089921,0.106467485427856,0.0176415387541056,0.0196152105927467,0.0209127869457006
E000V00008,-69.342,-20.501,0.0234926473349333,0.0164064560085535,0.0261409860104322,0.0249156896024942,0.0226678270846605,0.0125441700220108,0.0139569230377674,0.0149153573438525
E000200006,-70.181,-20.549,0.738441348075867,0.108839355409145,0.178855583071709,0.170749634504318,0.155828237533569,0.0832546576857567,0.0927569791674614,0.0990137979388237
E000V00011,-68.255,-21.224,0.00146768370177597,0.00155838078353554,0.00121338188182563,0.00110253470484167,0.000890780473127961,0.001191136543639,0.0013279888080433,0.00142715568654239
E000V00013,-70.2,-22.091,0.370785504579544,0.376213371753693,0.282283961772919,0.258277833461761,0.207774713635445,0.288138508796692,0.326792687177658,0.353375405073166
E000V00014,-69.666,-22.35,0.0391729213297367,0.0409877635538578,0.0300138257443905,0.0274768993258476,0.0219991207122803,0.0313921608030796,0.035714328289032,0.0388265065848827
E000220002,-68.892,-22.498,0.0261637959629297,0.028282580897212,0.0201213285326958,0.0184048004448414,0.0146381398662925,0.0216537062078714,0.0246009677648544,0.0268986560404301
E000V00009,-69.32,-22.892,0.0394834540784359,0.0427657961845398,0.0295973271131516,0.0272064581513405,0.021563159301877,0.0327747650444508,0.0377607010304928,0.0417511612176895
E000V00012,-68.213,-22.932,0.0149162616580725,0.0165494587272406,0.011378763243556,0.0104139531031251,0.00822329986840487,0.0126663111150265,0.0143587375059724,0.0158246252685785
E000230001,-70.445,-23.454,0.549726963043213,0.587376296520233,0.397672355175018,0.368348896503448,0.291599035263062,0.451167076826096,0.541894972324371,0.59833288192749
E000V00166,-67.44,-23.6,0.0338355861604214,0.0382078215479851,0.0257994625717402,0.0236227754503489,0.0185866430401802,0.0292218532413244,0.0329121313989162,0.036330372095108
E000V00165,-68.57,-23.94,0.0255838874727488,0.0277164075523615,0.018535565584898,0.0171982422471046,0.0136020435020328,0.0212551224976778,0.0246076416224241,0.028310839086771
E000V00164,-69.69,-24.51,0.0143447238951921,0.0142917847260833,0.00943920947611332,0.00888703856617212,0.00706287054345012,0.0110030323266983,0.0146879563108087,0.0175917241722345
E000V00167,-69.3,-25,0.0110414400696754,0.0105311265215278,0.00689275562763214,0.00654044654220343,0.00521138217300177,0.00811473466455936,0.0103448899462819,0.0158892627805471
E000V00010,-70.484,-25.411,0.0495838336646557,0.0382764153182507,0.0247567612677813,0.023897722363472,0.019155390560627,0.0296575576066971,0.965896904468536,0.972992599010468
E000V00168,-69.27,-25.7,0.0179384909570217,0.0142126884311438,0.00917593948543072,0.0088602639734745,0.00710531696677208,0.0109919970855117,0.0137944100424647,0.980864405632019
E000V00169,-68.99,-26.25,0.000678339507430792,0.000559388718102127,0.000358399382093921,0.000349711859598756,0.000281576561974362,0.000433429464465007,0.000511150516103953,0.000810848432593048
E000V00016,-70.611,-26.332,0.219738528132439,0.0910998210310936,0.0580052174627781,0.0573248863220215,0.0463527664542198,0.0710381865501404,0.0999111831188202,0.113766342401505
E000V00017,-70.046,-26.391,1.76234972476959,0.0746486708521843,0.0473119132220745,0.0470659621059895,0.0381513386964798,0.0582751333713531,0.0726275369524956,0.0873294696211815
E000V00170,-69.33,-27.07,0.0854659751057625,0.0697395205497742,0.0439321659505367,0.0440678298473358,0.0358347781002522,0.0544706247746944,0.0625686347484589,0.0730258822441101
E000270008,-70.781,-27.254,0.0100559219717979,0.00769383367151022,0.00476561347022653,0.00492611480876803,0.00404752651229501,0.0060909534804523,0.00703156273812056,0.00774126825854182
E000270009,-70.353,-27.359,0.184755757451057,0.133326828479767,0.0826981142163277,0.0852225720882416,0.0699241235852242,0.105349503457546,0.121562726795673,0.135313138365746
E000V00171,-69.81,-27.98,0.0450620912015438,0.0370967164635658,0.0225270260125399,0.0240031257271767,0.0198845118284225,0.0296409483999014,0.0333758145570755,0.0366377159953117
E000V00019,-71.225,-28.463,1.98561680316925,0.0247080195695162,0.0143331112340093,0.0164343509823084,0.0140509037300944,0.0203917697072029,0.023095341399312,0.0249702949076891
E000V00018,-70.449,-28.768,1.96120059490204,0.0393371284008026,0.0222060531377792,0.0264421217143536,0.0226298794150352,0.0331326015293598,0.0373569540679455,0.0403915122151375
E000V00015,-70,-28.976,0.0132641950622201,0.00851365365087986,0.00480989273637533,0.00571838347241282,0.00484924018383026,0.00716093275696039,0.00802370719611645,0.00869377609342337
E000V00021,-71.116,-29.372,1.20044434070587,0.373506188392639,0.189700081944466,0.262329250574112,0.244622156023979,0.336528599262238,0.385212272405624,0.411365419626236
E000290004,-71.207,-29.914,1.19699203968048,0.319117575883865,0.104175709187984,0.253235846757889,0.91360467672348,0.311953783035278,0.420463025569916,0.435419797897339
E000V00022,-70.721,-30.031,1.98432803153992,1.013631939888,0.024743827059865,0.997458577156067,0.988592445850372,1.95986521244049,1.97484803199768,1.97852468490601
E000V00020,-71.082,-30.234,1.94692254066467,1.07910633087158,0.096411295235157,1.00500786304474,0.20102621614933,1.09481930732727,1.92447209358215,1.93880200386047
E000V00172,-71.72,-30.38,1.86071169376373,1.88582599163055,0.881085515022278,1.38727009296417,1.1938796043396,1.6729975938797,2.00583529472351,2.12862753868103
E000V00027,-70.937,-30.746,1.98985016345978,1.99085509777069,0.0896409675478935,1.07981598377228,0.206342801451683,1.97439384460449,2.04494452476501,2.05826997756958
E000V00028,-71.256,-30.838,1.98235309123993,1.98694312572479,0.163767799735069,1.83568203449249,1.74403810501099,1.95623397827148,2.77548599243164,2.79820656776428
E000V00026,-70.999,-31.188,1.99368166923523,2.03198885917664,0.176422789692879,1.09847569465637,1.06949818134308,2.01135969161987,2.0523738861084,2.0753972530365
E000V00024,-71.413,-31.39,1.98606443405151,2.13566493988037,1.70193123817444,1.86723113059998,1.79360687732697,2.07254862785339,2.70645952224731,2.79110407829285
E000V00023,-71.152,-31.633,1.97819817066193,2.26489973068237,1.52749788761139,1.79255628585815,1.70131254196167,2.44291114807129,2.55792450904846,2.69391965866089
E000V00025,-70.97,-31.783,1.99206113815308,2.8960268497467,0.214096963405609,1.11368024349213,1.09584832191467,2.04911255836487,2.05887460708618,2.09074831008911
E000320019,-70.707,-32.076,1.37476789951324,2.14875507354736,1.73860216140747,1.92086935043335,1.83223915100098,2.03339076042175,1.44936871528625,2.22090339660645
E000V00035,-70.926,-32.251,1.98017144203186,2.11478281021118,1.22222769260406,1.96746063232422,1.29802334308624,2.03852319717407,2.09029746055603,2.88795518875122
E000V00174,-70.464,-32.343,1.94658207893372,2.16766738891602,1.27607762813568,1.96330142021179,1.86464750766754,2.03988265991211,2.02197122573853,2.26074242591858
E000V00033,-70.819,-32.362,1.86431515216827,2.16679310798645,1.60790157318115,1.95746028423309,1.74159824848175,2.05040407180786,1.97356641292572,2.68272757530212
E000V00034,-71.441,-32.505,1.90992975234985,2.4397029876709,1.64019477367401,1.93233621120453,1.68375325202942,2.16080760955811,2.41587924957275,2.67953944206238
E000V00175,-71.014,-32.54,2.0066442489624,2.06398510932922,1.12816226482391,1.99158668518066,1.951211810112,2.03319811820984,2.86419534683228,2.9597761631012
E000V00041,-70.725,-32.594,2.0364077091217,2.17569589614868,1.40614628791809,1.97915184497833,1.88269507884979,2.09091639518738,2.17274141311646,2.85370373725891
E000V00176,-70.368,-32.618,2.02059483528137,2.37718749046326,1.3943008184433,1.95791113376617,1.5478036403656,2.06953763961792,2.12775754928589,2.35443305969238
E000V00040,-70.809,-32.757,2.63878750801086,2.17464065551758,1.83596277236938,1.99141180515289,1.94488084316254,2.68055486679077,2.73655438423157,2.92360353469849
E000V00031,-71.526,-32.789,1.68834483623505,2.33523535728455,1.55655205249786,1.97103607654572,1.56386852264404,2.16701078414917,2.37901830673218,2.55606126785278
E000V00037,-71.173,-32.79,1.97129607200623,2.13476777076721,1.89603638648987,1.99046850204468,1.91827833652496,2.16511678695679,2.83783459663391,2.91505360603333
E000320028,-71.227,-32.828,1.97129607200623,2.13476777076721,1.89603638648987,1.99046850204468,1.91827833652496,2.16511678695679,2.83783459663391,2.91505360603333
E000V00032,-70.382,-32.89,2.06573104858398,2.97035193443298,1.86851751804352,1.98933613300323,1.8819432258606,2.21095681190491,2.29521727561951,2.64741134643555
E000V00036,-71.207,-32.893,1.99322271347046,2.01619863510132,1.98945188522339,1.99953401088715,1.98956859111786,2.9713876247406,2.98173594474792,2.98916840553284
E000V00030,-71.517,-32.917,1.2960684299469,2.20670318603516,1.25652086734772,1.99220812320709,1.25206327438354,2.08252239227295,2.1426568031311,2.24703764915466
E000V00042,-71.261,-32.994,1.99322271347046,2.01619863510132,1.98945188522339,1.99953401088715,1.98956859111786,2.9713876247406,2.98173594474792,2.98916840553284
E000330002,-71.648,-33.023,1.65761649608612,2.47709131240845,1.53908848762512,1.96738541126251,1.50771260261536,2.10986876487732,2.23412251472473,2.49202752113342
E000330007,-71.556,-33.065,1.2960684299469,2.20670318603516,1.25652086734772,1.99220812320709,1.25206327438354,2.08252239227295,2.1426568031311,2.24703764915466
E000V00029,-71.4,-33.083,1.2960684299469,2.20670318603516,1.25652086734772,1.99220812320709,1.25206327438354,2.08252239227295,2.1426568031311,2.24703764915466
E000V00051,-70.834,-33.121,2.08561229705811,2.73999309539795,1.88540935516357,1.9917151927948,1.9083366394043,2.29307913780212,2.39743447303772,2.86892700195312
E000V00050,-70.66,-33.147,2.0422523021698,3.33282279968262,1.95857739448547,2.00616526603699,1.95087659358978,2.20664548873901,2.28726243972778,2.93513917922974
E000V00177,-71.46,-33.23,1.92646479606628,3.58023834228516,1.8995532989502,1.99569737911224,1.89250040054321,2.03996515274048,2.07189607620239,2.88443994522095
E000V00178,-71.155,-33.287,1.93795073032379,2.92032098770142,1.85766994953156,1.9939888715744,1.84473323822021,2.44443893432617,2.56811237335205,2.83074522018433
E000V00046,-70.502,-33.353,2.05013251304626,3.47960877418518,1.95529007911682,2.00554418563843,1.94040942192078,2.14696288108826,2.20775842666626,2.9077045917511
E000330021,-70.787,-33.378,2.01694965362549,3.95028901100159,1.99607026576996,2.00904297828674,1.99346089363098,2.01914978027344,2.04140257835388,2.99163269996643
E000V00043,-70.733,-33.42,2.01694965362549,3.95028901100159,1.99607026576996,2.00904297828674,1.99346089363098,2.01914978027344,2.04140257835388,2.99163269996643
E000V00055,-71.026,-33.439,2.05148029327393,3.75437951087952,1.97380900382996,2.01329731941223,1.96052157878876,2.08503603935242,2.68160486221313,2.95232391357422
E000V00038,-71.624,-33.439,2.00964879989624,2.46316623687744,1.93529725074768,1.99138569831848,1.90961372852325,2.06712579727173,2.1452910900116,2.81611204147339
E000330020,-70.683,-33.445,2.01694965362549,3.95028901100159,1.99607026576996,2.00904297828674,1.99346089363098,2.01914978027344,2.04140257835388,2.99163269996643
E000330019,-70.549,-33.455,2.04265213012695,3.23868322372437,1.9879378080368,2.01793169975281,1.97508251667023,2.04584646224976,2.07779121398926,2.96497893333435
E000V00044,-70.7,-33.467,2.01694965362549,3.95028901100159,1.99607026576996,2.00904297828674,1.99346089363098,2.01914978027344,2.04140257835388,2.99163269996643
E000V00047,-70.766,-33.517,2.01694965362549,3.95028901100159,1.99607026576996,2.00904297828674,1.99346089363098,2.01914978027344,2.04140257835388,2.99163269996643
E000V00039,-71.596,-33.543,2.00964879989624,2.46316623687744,1.93529725074768,1.99138569831848,1.90961372852325,2.06712579727173,2.1452910900116,2.81611204147339
E000V00045,-70.548,-33.545,2.04265213012695,3.23868322372437,1.9879378080368,2.01793169975281,1.97508251667023,2.04584646224976,2.07779121398926,2.96497893333435
E000V00058,-70.902,-33.608,2.05148029327393,3.75437951087952,1.97380900382996,2.01329731941223,1.96052157878876,2.08503603935242,2.68160486221313,2.95232391357422
E000V00048,-70.567,-33.617,2.04265213012695,3.23868322372437,1.9879378080368,2.01793169975281,1.97508251667023,2.04584646224976,2.07779121398926,2.96497893333435
E000330031,-78.833,-33.636,2.07235598564148,2.63555908203125,1.8752259016037,1.4663565158844,1.02658724784851,1.98527729511261,2.17119431495667,2.20445275306702
E000330030,-71.613,-33.656,2.09439206123352,2.75264596939087,1.95204055309296,1.98767709732056,1.9009336233139,2.08378934860229,2.21072912216187,2.66292452812195
E000V00049,-70.089,-33.676,2.08912038803101,3.12623643875122,1.96754276752472,1.99895024299622,1.43908107280731,2.06437516212463,2.13707518577576,2.32530474662781
E000V00057,-71.101,-33.692,2.20944905281067,3.73727560043335,1.97126758098602,2.04623961448669,1.93875300884247,2.13829374313354,2.42479300498962,2.92606210708618
E000V00052,-70.707,-33.707,2.64981818199158,4.38592481613159,1.98673117160797,2.55605602264404,1.96894085407257,2.60214805603027,2.72844934463501,2.9598400592804
E000V00053,-70.639,-33.862,2.64981818199158,4.38592481613159,1.98673117160797,2.55605602264404,1.96894085407257,2.60214805603027,2.72844934463501,2.9598400592804
E000V00179,-70.22,-33.878,2.17225742340088,3.25395488739014,1.97553014755249,2.02518272399902,1.88315439224243,2.11109662055969,2.2203061580658,2.48973846435547
E000V00056,-71.394,-33.941,2.18418383598328,3.12170267105103,1.97057819366455,1.98455190658569,1.90298044681549,2.11357116699219,2.2707667350769,2.8714964389801
E000V00068,-71.825,-33.959,2.08588004112244,3.00031042098999,1.97846734523773,1.98268306255341,1.92279207706451,2.04305768013,2.13102078437805,2.89970636367798
E000V00064,-70.717,-33.983,2.89880394935608,4.71194982528687,1.99470388889313,2.03955578804016,1.98231971263885,2.10776519775391,2.9185996055603,2.97762036323547
E000V00054,-70.995,-34.029,2.92698121070862,3.95472168922424,1.9959671497345,2.00524568557739,1.98709750175476,2.03739833831787,2.9438271522522,2.98538732528687
E000V00059,-70.772,-34.169,2.86862015724182,3.90075397491455,1.99401676654816,2.0064754486084,1.96982085704803,2.75557017326355,2.8943772315979,2.96469759941101
E000V00180,-70.402,-34.203,2.30273270606995,3.35759711265564,1.98443961143494,2.01576495170593,1.92160320281982,2.18779468536377,2.34253644943237,2.86846661567688
E000V00061,-70.997,-34.215,2.94042348861694,3.94690871238708,1.99732279777527,2.00023174285889,1.98607754707336,2.06554126739502,2.95660734176636,2.98590230941772
E000V00062,-71.3,-34.217,2.79105424880981,3.79837155342102,1.99147033691406,1.99432849884033,1.95353496074677,2.69362926483154,2.84976243972778,2.95477318763733
E000V00060,-70.948,-34.261,2.94042348861694,3.94690871238708,1.99732279777527,2.00023174285889,1.98607754707336,2.06554126739502,2.95660734176636,2.98590230941772
E000V00066,-70.812,-34.279,2.86862015724182,3.90075397491455,1.99401676654816,2.0064754486084,1.96982085704803,2.75557017326355,2.8943772315979,2.96469759941101
E000V00065,-70.834,-34.322,2.86862015724182,3.90075397491455,1.99401676654816,2.0064754486084,1.96982085704803,2.75557017326355,2.8943772315979,2.96469759941101
E000V00067,-72.019,-34.394,2.32150912284851,3.00878524780273,1.99302220344543,1.96871709823608,1.88182616233826,2.01705694198608,2.12995147705078,2.89505290985107
E000V00063,-70.21,-34.411,2.14682221412659,3.10329627990723,1.98719680309296,1.98557806015015,1.90927004814148,2.05772304534912,2.14924240112305,2.32285165786743
E000V00071,-71.463,-34.485,2.06154227256775,3.84185266494751,1.99733471870422,1.99317288398743,1.9675190448761,2.01531338691711,2.89583373069763,2.97283482551575
E000V00069,-71.898,-34.645,2.78441882133484,2.99547600746155,1.99905431270599,1.96722972393036,1.85651051998138,2.00673079490662,2.11504888534546,2.87416005134583
E000V00072,-71.4,-34.691,2.31893587112427,3.03141236305237,1.99620604515076,1.97162592411041,1.85063123703003,2.00962090492249,2.40109086036682,2.89308547973633
E000V00070,-71.63,-34.714,2.68934941291809,3.01720070838928,1.99718916416168,1.96540987491608,1.83969557285309,2.01051807403564,2.43940997123718,2.86607623100281
E000340044,-71.02,-34.721,0.301866799592972,1.28594303131104,1.99854218959808,1.99407875537872,1.96326398849487,1.14787888526917,2.90951752662659,2.97578883171082
E000V00181,-70.52,-34.781,2.93237948417664,3.01436448097229,1.99808526039124,1.99452471733093,1.97454750537872,2.00916743278503,2.036954164505,2.97259974479675
E000V00086,-72.026,-34.855,2.78441882133484,2.99547600746155,1.99905431270599,1.96722972393036,1.85651051998138,2.00673079490662,2.11504888534546,2.87416005134583
E000V00084,-71.125,-34.96,1.97273290157318,2.81979417800903,1.99741435050964,1.96013867855072,1.71969711780548,1.95257484912872,2.19144868850708,2.84531116485596
E000V00083,-71.832,-34.968,2.78411269187927,2.98218512535095,2.00212621688843,1.96325743198395,1.77516567707062,1.99579203128815,2.12370204925537,2.80492210388184
E000340031,-71.217,-34.969,0.519925594329834,2.22842264175415,1.99966144561768,1.98715925216675,1.18064033985138,1.99151790142059,2.05238819122314,2.95006799697876
E000V00085,-70.811,-35,2.79133749008179,2.98417949676514,1.99802350997925,1.98081851005554,1.90638935565948,1.99482750892639,2.07789158821106,2.92492651939392
E000V00076,-71.956,-35.128,2.74296617507935,2.92428588867188,2.01582407951355,1.92095553874969,1.25661015510559,1.98211276531219,2.13784241676331,2.29457402229309
E000V00182,-70.83,-35.398,2.20105576515198,2.96641945838928,2.00576090812683,1.89847075939178,1.15769267082214,1.91198694705963,2.11626195907593,2.23588824272156
E000V00079,-71.467,-35.419,2.83861398696899,2.95898532867432,2.00830292701721,1.93838858604431,1.06755423545837,1.84434282779694,2.06514096260071,2.11253380775452
E000V00078,-71.7,-35.533,2.89970231056213,2.95926833152771,2.00775194168091,1.95767986774445,1.04857575893402,1.96810114383698,2.0483226776123,2.0740339756012
E000V00074,-71.454,-35.663,2.84159064292908,2.9373664855957,2.01406645774841,1.89155256748199,1.01500058174133,1.52606046199799,2.0679759979248,2.0850293636322
E000V00077,-72.082,-35.672,2.74299120903015,2.40233707427979,2.03778481483459,1.85905516147614,1.06668055057526,1.95502364635468,2.15056753158569,2.12388968467712
E000V00080,-71.062,-35.699,2.79581475257874,2.9671676158905,2.00846648216248,1.88792061805725,1.00079154968262,1.23614132404327,2.05922365188599,2.09079217910767
E000V00081,-72.511,-35.707,2.03964877128601,2.97091841697693,2.01686882972717,1.97615313529968,1.92430877685547,1.99729955196381,2.94792366027832,2.03031301498413
E000V00075,-71.631,-35.753,2.77785038948059,2.86854887008667,2.02624940872192,1.85287261009216,1.03445160388947,1.90047574043274,2.10978174209595,2.11731505393982
E000V00082,-72.587,-35.836,2.03964877128601,2.97091841697693,2.01686882972717,1.97615313529968,1.92430877685547,1.99729955196381,2.94792366027832,2.03031301498413
E000V00183,-71.05,-36.06,2.135981798172,2.95745182037354,2.01230430603027,1.17145180702209,0.270459741353989,1.193235039711,2.05717301368713,2.06649899482727
E000V00087,-72.783,-36.133,2.49952459335327,2.62979364395142,2.52989983558655,1.88756012916565,1.41945278644562,2.01040124893188,2.85181045532227,2.5264732837677
E000V00073,-71.548,-36.257,2.89901208877563,2.09284663200378,2.01309514045715,0.193389803171158,0.109776981174946,1.12675678730011,2.05158996582031,2.02491092681885
E000V00091,-71.9,-36.292,2.13254356384277,2.27087092399597,2.07344388961792,1.20403051376343,0.888806283473969,1.90655279159546,2.18554425239563,2.08948373794556
E000V00090,-72.64,-36.43,2.08109021186829,2.11774945259094,2.12660336494446,1.95868945121765,1.03534841537476,2.03636860847473,2.95117902755737,2.11554670333862
E000V00088,-72.699,-36.492,2.08109021186829,2.11774945259094,2.12660336494446,1.95868945121765,1.03534841537476,2.03636860847473,2.95117902755737,2.11554670333862
E000V00092,-71.549,-36.56,2.14362931251526,2.16679716110229,2.03577852249146,0.33867147564888,0.172943279147148,1.90481114387512,2.75323748588562,2.0421302318573
E000360011,-72.037,-36.586,1.57698476314545,2.21464514732361,2.0828537940979,1.13926684856415,0.332211017608643,1.41662168502808,2.18340611457825,2.06436491012573
E000V00089,-72.603,-36.625,2.2768223285675,2.48051166534424,2.40038013458252,1.77007973194122,0.926365733146667,2.09326982498169,2.77623414993286,2.26046466827393
E000V00099,-72.965,-36.672,2.01488757133484,2.02418971061707,2.98053169250488,1.98822355270386,0.99870377779007,2.00354981422424,2.98516607284546,2.97380113601685
E000V00096,-72.704,-36.697,2.63381290435791,2.70197010040283,2.77290773391724,1.91882073879242,1.5166562795639,2.55924534797668,2.90637159347534,2.72624516487122
E000V00098,-72.983,-36.733,2.01488757133484,2.02418971061707,2.98053169250488,1.98822355270386,0.99870377779007,2.00354981422424,2.98516607284546,2.97380113601685
E000360019,-73.066,-36.781,2.01488757133484,2.02418971061707,2.98053169250488,1.98822355270386,0.99870377779007,2.00354981422424,2.98516607284546,2.97380113601685
E000V00184,-71.5,-36.88,2.30105924606323,2.42465329170227,2.10659670829773,0.648144364356995,0.188990354537964,1.96706175804138,2.23861527442932,2.05002951622009
E000V00093,-72.099,-36.977,2.3663387298584,2.49280142784119,2.36059832572937,1.36914300918579,0.173533737659454,1.96380436420441,2.81172823905945,2.04163527488708
E000V00095,-73.14,-37.005,2.37006139755249,2.61100554466248,2.68438148498535,1.58988893032074,0.798410177230835,1.96975958347321,2.49033737182617,2.36802220344543
E000V00106,-72.403,-37.035,2.22004914283752,2.80798625946045,2.72018432617188,1.77130544185638,0.381113529205322,1.98904144763947,2.78430128097534,2.10877585411072
E000V00097,-73.155,-37.092,2.37006139755249,2.61100554466248,2.68438148498535,1.58988893032074,0.798410177230835,1.96975958347321,2.49033737182617,2.36802220344543
E000V00105,-71.245,-37.111,2.72612309455872,2.83867502212524,2.06894063949585,1.00404191017151,0.176347926259041,1.97368407249451,2.15387964248657,2.0483672618866
E000V00094,-72.012,-37.141,2.86681389808655,2.94309687614441,2.82520031929016,1.82261347770691,0.0901500284671783,1.98376822471619,2.8712306022644,2.0194365978241
E000V00108,-72.946,-37.167,2.67126965522766,2.89198923110962,2.82364273071289,1.6902027130127,0.762750089168549,1.96746480464935,2.16491532325745,2.09120416641235
E000V00107,-72.328,-37.213,2.69749188423157,2.85776782035828,2.72332525253296,1.72108256816864,0.630195438861847,1.92445635795593,2.76909041404724,2.03670191764832
E000V00111,-71.949,-37.293,2.86681389808655,2.94309687614441,2.82520031929016,1.82261347770691,0.0901500284671783,1.98376822471619,2.8712306022644,2.0194365978241
E000V00100,-73.437,-37.305,2.82840538024902,2.94657516479492,2.88966059684753,1.09459102153778,0.84833437204361,1.94530737400055,2.08051919937134,2.05009055137634
E000V00185,-71.566,-37.323,2.80691337585449,2.91743206977844,2.10419368743896,1.07350873947144,0.133071422576904,1.98427760601044,2.715895652771,2.03494501113892
E000370033,-72.424,-37.397,2.24111247062683,2.58735847473145,2.28705310821533,1.20593500137329,0.232207641005516,1.61734139919281,2.23408389091492,2.05076360702515
E000V00186,-72.83,-37.418,2.18929719924927,2.90284156799316,2.66844487190247,1.16813576221466,0.223404839634895,1.94167101383209,2.16235160827637,2.05493903160095
E000V00103,-73.33,-37.485,2.7696738243103,2.9597008228302,2.87132334709167,1.07899796962738,0.17519699037075,1.35404777526855,2.06950879096985,2.03601551055908
E000V00110,-71.875,-37.536,2.79288125038147,3.00328826904297,2.21261382102966,1.1840980052948,0.149735853075981,1.98336553573608,2.32384586334229,2.03658485412598
E000V00104,-73.462,-37.627,2.21036553382874,2.95137166976929,2.76175451278687,1.07724750041962,0.197941109538078,1.92070305347443,2.08949208259583,2.04435348510742
E000V00109,-72.007,-37.685,2.89065337181091,3.73018956184387,2.09453272819519,1.05627167224884,0.0661130920052528,1.99125194549561,2.09249305725098,2.01464080810547
E000V00116,-72.605,-37.726,2.20283794403076,2.98218131065369,2.20389437675476,1.09420096874237,0.148141354322433,1.95465075969696,2.16181707382202,2.03272771835327
E000V00101,-73.412,-37.892,2.26103258132935,2.91394376754761,2.41440057754517,1.09280073642731,0.332044124603271,1.96332442760468,2.16521143913269,2.07327389717102
E000V00102,-73.097,-37.95,2.11037921905518,2.97927975654602,2.13962006568909,0.90435528755188,0.11635560542345,1.98681473731995,2.07692980766296,2.02361488342285
E000V00112,-71.435,-38.057,2.90171575546265,3.05428743362427,2.13297533988953,1.0446925163269,0.0792651697993279,2.00247740745544,2.07509756088257,2.01791310310364
E000V00114,-72.298,-38.146,2.94929933547974,3.93181610107422,2.94933032989502,1.00227475166321,0.0134765319526196,1.99931132793427,2.9355194568634,2.00063276290894
E000V00117,-72.273,-38.228,2.94929933547974,3.93181610107422,2.94933032989502,1.00227475166321,0.0134765319526196,1.99931132793427,2.9355194568634,2.00063276290894
E000V00113,-71.233,-38.25,3.97867393493652,3.98633694648743,2.98959565162659,1.0017431974411,0.00358771602623165,2.00042200088501,2.00267148017883,2.00079274177551
E000V00188,-72.956,-38.207,2.04335045814514,2.99128723144531,2.05102157592773,0.191096022725105,0.0467722043395042,1.99901437759399,2.02840662002563,2.00642704963684
E000V00187,-71.75,-38.414,2.19252800941467,3.09836983680725,2.82888197898865,1.02081143856049,0.063322976231575,2.01462388038635,2.06101083755493,2.00714063644409
E000V00121,-72.399,-38.435,2.14343738555908,3.03398036956787,2.21666693687439,0.898329317569733,0.0859301090240479,1.94551646709442,1.98323571681976,1.93753707408905
E000V00129,-72.85,-38.446,2.09481883049011,2.97121953964233,2.1296923160553,0.457943379878998,0.0931059271097183,1.98399972915649,2.01911950111389,1.98003923892975
E000V00126,-72.224,-38.675,2.6097936630249,3.54974150657654,2.68972253799438,0.927246570587158,0.0481749810278416,1.95462119579315,1.90760660171509,1.92603623867035
E000V00115,-71.141,-38.732,2.85829305648804,3.74322128295898,2.81530380249023,1.03284597396851,0.0852392837405205,2.03017401695251,2.06374073028564,2.01560473442078
E000380013,-72.46,-38.768,1.20880436897278,2.17442774772644,2.05006694793701,0.15651747584343,0.0217590294778347,1.17001664638519,0.340707838535309,1.16079115867615
E000V00120,-71.683,-38.834,2.74441361427307,3.651207447052,2.77289843559265,1.01797187328339,0.0771376118063927,2.04223275184631,2.07604074478149,2.00517606735229
E000V00128,-72.787,-39.022,2.01382970809937,2.14252114295959,2.02203154563904,0.991428077220917,0.0224502626806498,2.00361132621765,1.99772524833679,1.99285459518433
E000V00127,-72.252,-39.007,2.00225806236267,3.0014386177063,2.00270318984985,0.999624192714691,0.000659238488879055,2.00130748748779,2.00101566314697,1.99959433078766
E000V00122,-72.922,-39.071,2.05286359786987,2.30498766899109,2.06027317047119,0.992879927158356,0.0946397259831429,2.02685785293579,2.02470350265503,1.99727976322174
E000V00118,-72.615,-39.103,2.06804823875427,2.89140915870667,2.17024540901184,0.901020705699921,0.0862244740128517,1.9954195022583,1.90787255764008,1.90202653408051
E000V00124,-73.133,-39.165,2.1334810256958,2.6635468006134,2.11438298225403,1.05638444423676,0.369475990533829,2.13162755966187,2.10319566726685,2.0176522731781
E000V00125,-72.261,-39.196,2.8131639957428,3.77983903884888,2.81674599647522,0.997530937194824,0.0300181787461042,2.79822969436646,2.79293775558472,1.99679112434387
E000V00119,-71.868,-39.262,2.59751439094543,3.53423953056335,2.59223675727844,1.00573527812958,0.0697941184043884,2.52305507659912,2.5280282497406,2.0056004524231
E000V00123,-71.926,-39.289,2.30886960029602,3.26822733879089,2.30960392951965,0.99956077337265,0.0422550886869431,2.27650928497314,2.27496123313904,1.99993467330933
E000V00189,-72.55,-39.373,2.15080666542053,3.01515531539917,2.16309523582458,0.992647409439087,0.0886494591832161,2.12741851806641,2.10700488090515,1.98818838596344
E000V00190,-73.177,-39.39,2.10724830627441,2.54614496231079,2.07319474220276,1.06879854202271,0.579970240592957,2.1531617641449,2.09089636802673,2.01570320129395
E000V00131,-72.95,-39.632,2.05049419403076,2.31835293769836,2.02814793586731,1.03533601760864,0.760698735713959,2.10522794723511,2.044921875,2.00613331794739
E000390006,-73.087,-39.657,2.05049419403076,2.31835293769836,2.02814793586731,1.03533601760864,0.760698735713959,2.10522794723511,2.044921875,2.00613331794739
E000V00130,-72.501,-39.863,2.07248878479004,2.96846532821655,2.05745625495911,1.01470446586609,0.126476839184761,2.14949250221252,2.07340121269226,2.00646734237671
E000V00191,-71.91,-39.88,2.0902898311615,3.01388716697693,2.06822657585144,0.559233009815216,0.122345253825188,2.23694467544556,2.14996552467346,2.01501560211182
E000V00132,-72.927,-40.096,2.08012199401855,2.93731236457825,2.02575016021729,1.07390308380127,0.222173035144806,2.26296663284302,2.06730341911316,2.00879383087158
E000V00134,-72.415,-40.134,2.07452821731567,3.00218796730042,2.0310366153717,1.05370700359344,0.152571201324463,2.69995713233948,2.14136648178101,2.01606106758118
E000V00193,-73.647,-40.168,2.31922745704651,3.17419838905334,2.05864381790161,1.39079320430756,0.604536592960358,2.58543395996094,2.26964259147644,2.04066586494446
E000V00133,-73.024,-40.317,2.04090332984924,3.0198712348938,2.00600671768188,1.04327046871185,0.0687081590294838,2.86419177055359,2.02981472015381,2.00311493873596
E000V00135,-72.979,-40.323,2.04090332984924,3.0198712348938,2.00600671768188,1.04327046871185,0.0687081590294838,2.86419177055359,2.02981472015381,2.00311493873596
E000V00139,-73.308,-40.348,2.54827570915222,3.4930408000946,2.01617288589478,1.56143641471863,0.630400657653809,2.79851245880127,2.08507370948792,2.00889110565186
E000V00192,-72,-40.52,2.0019166469574,2.99986624717712,2.00082969665527,1.00082206726074,0.00435620686039329,2.99343299865723,2.99001264572144,2.00093531608582
E000400009,-73.058,-40.614,2.15140986442566,3.1181321144104,2.01074409484863,1.17231512069702,0.222286596894264,2.56533312797546,2.14030480384827,2.00833749771118
E000V00194,-72.116,-40.623,2.0019166469574,2.99986624717712,2.00082969665527,1.00082206726074,0.00435620686039329,2.99343299865723,2.99001264572144,2.00093531608582
E000V00136,-73.152,-40.765,2.71315741539001,3.69624280929565,2.00862431526184,1.77044796943665,0.811262667179108,2.86211776733398,2.71970772743225,2.00582838058472
E000V00138,-73.157,-40.861,2.71315741539001,3.69624280929565,2.00862431526184,1.77044796943665,0.811262667179108,2.86211776733398,2.71970772743225,2.00582838058472
E000V00195,-73.815,-40.873,2.67710447311401,3.6579864025116,2.03458285331726,1.77734887599945,0.881536841392517,2.88501071929932,2.71530032157898,2.03199553489685
E000V00137,-72.886,-40.957,2.23687553405762,3.21471381187439,2.00474548339844,1.39841914176941,0.456397980451584,2.88399791717529,2.34199810028076,1.99652826786041
E000V00142,-73.377,-41.115,2.2540168762207,3.25725722312927,2.04674816131592,1.74695813655853,0.874833941459656,2.89136338233948,2.33650159835815,2.03462624549866
E000V00197,-72.339,-41.142,2.0307924747467,2.89907383918762,1.90552115440369,0.979244410991669,0.161087796092033,3.44290518760681,2.7873215675354,2.56817984580994
E000V00143,-73.009,-41.259,2.00180959701538,3.001305103302,2.00000691413879,1.99434077739716,0.996074259281158,2.99540686607361,2.9880952835083,1.99740600585938
E000V00196,-73.809,-41.359,2.10269856452942,3.69025278091431,2.61687111854553,1.83450043201447,1.53295612335205,3.52195739746094,2.76248693466187,2.61387729644775
E000410005,-73.096,-41.448,2.03072690963745,3.00974154472351,1.99374830722809,1.80485653877258,0.896943330764771,2.34338045120239,1.62638247013092,1.41644084453583
E000V00198,-72.275,-41.579,2.0076003074646,2.17477226257324,1.17993950843811,0.214990630745888,0.0789220482110977,2.98409652709961,2.90603828430176,2.03829741477966
E000V00144,-73.672,-41.71,2.00823879241943,3.09214878082275,2.13628220558167,1.42028427124023,1.01189112663269,2.96504688262939,2.45808434486389,2.16905498504639
E000V00140,-72.435,-41.938,1.94327044487,2.77245283126831,1.81761622428894,0.998547971248627,0.602259278297424,2.77628564834595,2.51900863647461,2.01719188690186
E000V00141,-71.865,-42.075,1.92543792724609,2.71726393699646,1.8281170129776,0.965802252292633,0.482031315565109,2.62784647941589,2.40770983695984,2.03016567230225
E000V00151,-72.417,-42.1,1.94327044487,2.77245283126831,1.81761622428894,0.998547971248627,0.602259278297424,2.77628564834595,2.51900863647461,2.01719188690186
E000V00149,-73.49,-42.157,1.79212605953217,2.9681088924408,1.9891265630722,1.04259812831879,0.987350046634674,2.98264932632446,2.70784687995911,2.0216908454895
E000V00199,-74.078,-42.285,1.97009062767029,2.15325307846069,1.99309515953064,1.04851007461548,1.00225961208344,2.99286293983459,2.07373189926147,2.02993059158325
E000V00201,-72.663,-42.355,1.93675422668457,2.91155385971069,1.9351372718811,1.00861215591431,0.875978767871857,2.90908479690552,2.78212642669678,2.00564932823181
E000V00147,-73.568,-42.404,1.30744242668152,2.93483662605286,1.96940815448761,1.08824801445007,1.01938736438751,3.01492476463318,2.19637846946716,2.07617282867432
E000V00148,-73.633,-42.583,1.65758419036865,2.86065483093262,1.96304869651794,1.34653604030609,1.25320994853973,3.23769974708557,2.44383192062378,2.32160496711731
E000V00146,-73.789,-42.704,1.97001838684082,2.97167134284973,1.98621904850006,1.91610896587372,1.89750623703003,3.89376068115234,2.93186831474304,2.9137761592865
E000V00145,-72.717,-42.883,1.1322146654129,2.12634348869324,1.15989029407501,0.195568829774857,0.13995960354805,2.85463428497314,2.06966686248779,2.00032329559326
E000430002,-71.852,-43.189,1.07540571689606,2.07006812095642,1.89939868450165,0.124834544956684,0.0804226398468018,2.07648015022278,2.03238606452942,1.19599747657776
E000V00200,-74.295,-43.208,1.98925840854645,2.03113079071045,1.04022538661957,1.01046371459961,0.997629642486572,2.99031949043274,2.01623916625977,2.0077691078186
E000V00202,-72.85,-43.364,1.12796366214752,2.12967777252197,1.17967057228088,0.22501415014267,0.161212235689163,2.25481963157654,2.06864905357361,1.99762809276581
E000V00150,-72.126,-43.474,1.02826964855194,2.07068729400635,1.14378643035889,0.140214338898659,0.097780629992485,2.14253091812134,2.03588008880615,1.95990860462189
E000430004,-71.801,-43.612,1.17967462539673,2.18705153465271,1.597811460495,0.371190279722214,0.248275056481361,2.23559713363647,2.08595323562622,1.67195618152618
E000V00153,-73.74,-43.89,1.53359854221344,2.39452171325684,1.66910374164581,1.09289801120758,0.878943204879761,2.60983204841614,2.25345301628113,2.08925127983093
E000V00152,-72.387,-43.917,0.312521040439606,2.06072592735291,1.13065624237061,0.188110709190369,0.146334052085876,2.8584942817688,2.04152846336365,1.9967565536499
E000V00154,-71.847,-44.24,1.16805255413055,2.21770000457764,1.54344856739044,0.790382087230682,0.601217210292816,2.43663954734802,2.1086757183075,1.89472818374634
E000V00203,-73.097,-44.729,1.02096498012543,2.00496101379395,1.96162140369415,1.91056489944458,1.89531147480011,2.93783164024353,2.90684652328491,2.88788652420044
E000450001,-72.677,-45.399,0.988589346408844,1.14145648479462,1.91751837730408,1.86785233020782,1.85711169242859,2.06046271324158,1.99615359306335,1.94763875007629
E000450004,-72.102,-45.591,0.174737125635147,1.18399739265442,1.10271048545837,1.04758179187775,1.02955102920532,2.09019231796265,1.224853515625,0.413800358772278
E000450005,-71.678,-45.918,0.109273657202721,1.89066338539124,1.06754910945892,1.03833067417145,1.02893602848053,2.81692838668823,1.9733282327652,1.92823421955109
E000V00157,-71.941,-46.278,0.0547358840703964,1.06302666664124,1.0359913110733,1.0235059261322,1.02071118354797,2.02552056312561,1.9931343793869,1.97775590419769
E000V00205,-74.778,-46.355,0.075737252831459,2.01247882843018,1.03293561935425,1.0090868473053,1.94666290283203,2.01874160766602,2.00434994697571,1.99125015735626
E000V00204,-73.336,-46.569,1.01064300537109,1.98947596549988,1.05167984962463,1.01695072650909,1.91786193847656,2.92749905586243,1.99996674060822,1.9698600769043
E000460001,-71.685,-46.585,0.881296396255493,1.88650965690613,1.84044349193573,1.81318688392639,1.80607461929321,2.03944683074951,1.99317991733551,1.96844220161438
E000470001,-72.583,-47.244,1.94377768039703,1.05175793170929,1.96847283840179,1.00972700119019,1.00930035114288,2.01245975494385,1.99519419670105,1.0362845659256
E000V00156,-73.536,-47.8,0.0304058156907558,1.99850678443909,1.01104247570038,1.00224113464355,1.0022873878479,2.00469040870667,1.99723565578461,1.01328647136688
E000V00155,-72.56,-48.471,1.00318884849548,1.99839627742767,1.01014864444733,1.00174820423126,0.999309897422791,2.00182938575745,1.02038359642029,1.01019179821014
E000V00206,-73.941,-48.958,1.001460313797,1.99950933456421,1.00716531276703,1.00041341781616,0.99787962436676,2.00048351287842,1.99560606479645,1.00854158401489
E000V00207,-73.57,-51.07,0.0563739612698555,0.0777123123407364,0.0354613251984119,0.0251191221177578,0.01942303404212,1.02214884757996,1.01598179340363,0.0328413397073746
E000V00158,-72.967,-51.184,0.986919164657593,1.00026798248291,0.0216818694025278,0.0148361567407846,0.0111861079931259,1.01250839233398,1.0079847574234,0.0186676532030106
E000V00159,-71.164,-52.309,0.94215327501297,1.98809146881104,1.96501076221466,0.993599057197571,0.971346914768219,1.9682754278183,0.995378434658051,0.985487163066864
E000V00161,-70.361,-52.432,0.954854846000671,1.95778071880341,1.04074311256409,0.974575340747833,0.0459378212690353,1.02110111713409,0.088607132434845,0.0639555975794792
E000V00160,-71.505,-52.601,0.090252012014389,1.98738813400269,1.97006475925446,0.993921756744385,0.976078033447266,1.97333741188049,0.999565184116364,0.990603625774384
E000V00162,-69.27,-52.8,0.0100655844435096,1.00962340831757,1.00495266914368,0.998373985290527,0.00539224967360497,1.00291085243225,0.998879194259644,0.00723567279055715
E000520006,-70.839,-53.002,0.482461333274841,1.55942571163177,1.30851650238037,0.662892937660217,0.33762314915657,1.00626969337463,0.575184047222137,0.483993172645569
E000530005,-70.326,-53.254,0.0240781754255295,1.0247528553009,1.01172387599945,0.0319142453372478,0.0130383679643273,0.0442403703927994,0.028975198045373,0.0198878366500139
E000V00208,-71.38,-53.8,0.0426140129566193,1.04797112941742,1.02968645095825,0.990622222423553,0.0349316596984863,1.02734982967377,1.00074076652527,0.989432573318481
E000V00163,-68.804,-54.051,0.999202728271484,1.99825489521027,1.99139857292175,0.998976945877075,0.989956378936768,1.0068427324295,1.00185465812683,0.0103853913024068
E000550001,-67.616,-54.932,1.97636067867279,2.97318696975708,1.98990261554718,1.00088512897491,0.018884664401412,1.98647689819336,1.00993800163269,0.0255745388567448
