Estacion,Lat,Lon,meses:1,3,6,9,12,24,36,48
E000V00003,-69.478,-17.595,0.236098691821098,0.120680071413517,0.112930595874786,0.153382584452629,0.221123620867729,0.166251555085182,0.304806858301163,0.234772518277168
E000V00002,-69.554,-18.197,0.00631217192858458,0.00323522859252989,0.00383998057805002,0.00490730861201882,0.00588445225730538,0.00441181799396873,0.00816551223397255,0.00627147918567061
E000180005,-70.34,-18.356,0.187716975808144,0.096282571554184,0.11122740060091,0.142972096800804,0.175074726343155,0.131271094083786,0.242871671915054,0.186633691191673
E000V00001,-69.857,-19.011,0.0128986015915871,0.00662911077961326,0.014591459184885,0.0167399533092976,0.0119588924571872,0.00893878005445004,0.0167336631566286,0.0128045929595828
E000V00006,-68.638,-19.276,0.0154624432325363,0.0079409284517169,0.0126770557835698,0.0152431642636657,0.0143063236027956,0.0106846261769533,0.0200601946562529,0.0153247714042664
E000V00005,-69.427,-19.313,0.0107726324349642,0.00553831551223993,0.0168178379535675,0.0186027549207211,0.00996525399386883,0.00744074210524559,0.0139893051236868,0.0106857633218169
E000V00007,-69.767,-19.996,0.000436543195974082,0.000224873903789558,0.996174573898315,0.996245622634888,0.000400889577576891,0.000298307772027329,0.000569563882891089,0.000432476110290736
E000V00004,-70.117,-20.25,0.0170611031353474,0.00879662111401558,0.101605422794819,0.104363426566124,0.015628308057785,0.0116152754053473,0.0223080441355705,0.016901945695281
E000V00008,-69.342,-20.501,0.0121863074600697,0.00627192249521613,0.0192018542438745,0.0211589317768812,0.0111183561384678,0.00825412757694721,0.0159530006349087,0.0120393987745047
E000200006,-70.181,-20.549,0.0807640552520752,0.0416818484663963,0.132847860455513,0.145818188786507,0.0737969502806664,0.0547812357544899,0.105849660933018,0.0800228789448738
E000V00011,-68.255,-21.224,0.00117030332330614,0.00060035934438929,0.000559663400053978,0.000744296994525939,0.00105722947046161,0.000782509858254343,0.00153509923256934,0.00114875542931259
E000V00013,-70.2,-22.091,0.288132756948471,0.148159667849541,0.127369210124016,0.171256974339485,0.256437212228775,0.188760370016098,0.388751268386841,0.284513086080551
E000V00014,-69.666,-22.35,0.031739205121994,0.0162082687020302,0.0132161369547248,0.0179823227226734,0.027958057820797,0.0205477643758059,0.0432984456419945,0.0311473794281483
E000220002,-68.892,-22.498,0.0221303962171078,0.0112026548013091,0.00856246892362833,0.0118456790223718,0.0192937403917313,0.0141648668795824,0.0302088018506765,0.0214714091271162
E000V00009,-69.32,-22.892,0.0343439988791943,0.0171560160815716,0.0123366396874189,0.0172568261623383,0.0292528010904789,0.0213986951857805,0.0491253361105919,0.0331110656261444
E000V00012,-68.213,-22.932,0.0131496759131551,0.00658398773521185,0.0046530719846487,0.00656650215387344,0.0112961456179619,0.0082763833925128,0.0177448783069849,0.0125496638938785
E000230001,-70.445,-23.454,0.476562947034836,0.240004882216454,0.164550244808197,0.231296524405479,0.403536140918732,0.293931216001511,0.726026713848114,0.479166090488434
E000V00166,-67.44,-23.6,0.030440267175436,0.0152207287028432,0.0103132287040353,0.0147207099944353,0.0260754749178886,0.0190801881253719,0.0399003587663174,0.028772346675396
E000V00165,-68.57,-23.94,0.0240828357636929,0.0113113671541214,0.00756676401942968,0.0107149882242084,0.0190225783735514,0.0138317765668035,0.0341760590672493,0.0216930452734232
E000V00164,-69.69,-24.51,0.0137841869145632,0.00600059982389212,0.00394183536991477,0.00553705357015133,0.00987868942320347,0.00713462335988879,0.987372636795044,0.0132293682545424
E000V00167,-69.3,-25,0.0143559435382485,0.0044711846858263,0.00289948238059878,0.00406661862507463,0.00729755265638232,0.00524976011365652,0.0219638478010893,0.00929447822272778
E000V00010,-70.484,-25.411,0.0371298566460609,0.0168226417154074,0.0107633471488953,0.0149176195263863,0.0267673507332802,0.0191092118620872,0.979511320590973,0.962196171283722
E000V00168,-69.27,-25.7,0.985928237438202,0.00620576133951545,0.00396630959585309,0.00551619660109282,0.00991891883313656,0.00707758031785488,0.983149349689484,0.0124365165829659
E000V00169,-68.99,-26.25,0.99963641166687,0.00024779568775557,0.00015738740330562,0.00021791884500999,0.000391851150197908,0.000278245832305402,0.000866482965648174,0.000459230970591307
E000V00016,-70.611,-26.332,0.0880022943019867,0.0417084097862244,0.026341961696744,0.0360104851424694,0.0644032061100006,0.0454758144915104,0.122853897511959,0.0915505811572075
E000V00017,-70.046,-26.391,0.0811377763748169,0.0344163402915001,0.0216836221516132,0.0295954495668411,0.052875705063343,0.0372179448604584,0.0943779349327087,0.0659143999218941
E000V00170,-69.33,-27.07,0.0779843553900719,0.0322922505438328,0.0202996823936701,0.0276958215981722,0.0494668260216713,0.0346891433000565,0.0784456133842468,0.0564935505390167
E000270008,-70.781,-27.254,0.00738623552024364,0.00383658590726554,0.00237328303046525,0.00315499352291226,0.00556736951693892,0.0038459193892777,0.00839595030993223,0.00638575060293078
E000270009,-70.353,-27.359,0.128412559628487,0.065544955432415,0.0406694151461124,0.0543956942856312,0.0961445719003677,0.0665295347571373,0.146420478820801,0.110398985445499
E000V00171,-69.81,-27.98,0.035976454615593,0.0190088115632534,0.0116853984072804,0.0154986847192049,0.0271188672631979,0.0184723064303398,0.0396895743906498,0.0305167250335217
E000V00019,-71.225,-28.463,1.00337696075439,0.0162930600345135,0.00914955325424671,0.0112623116001487,0.0190952476114035,0.0123731642961502,0.0289839711040258,0.0213360041379929
E000V00018,-70.449,-28.768,0.997174263000488,0.0259876865893602,0.0144873429089785,0.0182805210351944,0.0306675750762224,0.0194464325904846,0.0465068519115448,0.0347662270069122
E000V00015,-70,-28.976,0.00993652641773224,0.00508565874770284,0.00298805488273501,0.00389141100458801,0.00655516842380166,0.00420490652322769,0.00963056646287441,0.00748262647539377
E000V00021,-71.116,-29.372,1.11246883869171,0.956770479679108,0.189470276236534,0.208806321024895,0.328770875930786,0.17918473482132,1.1142772436142,0.364146083593369
E000290004,-71.207,-29.914,1.84473955631256,1.78181779384613,1.62810409069061,0.898789465427399,1.04790306091309,0.124257475137711,0.482392936944962,0.40962415933609
E000V00022,-70.721,-30.031,1.02444016933441,1.00885665416718,0.0350567251443863,0.98540186882019,1.01119017601013,0.0285635758191347,1.9885356426239,1.97245717048645
E000V00020,-71.082,-30.234,1.12464022636414,1.05425906181335,0.174505621194839,0.199269875884056,1.07655119895935,0.141352370381355,1.99210059642792,1.91506445407867
E000V00172,-71.72,-30.38,1.74558866024017,1.28321051597595,0.923478722572327,1.02885413169861,1.62028729915619,1.12812685966492,2.42053890228271,1.90460395812988
E000V00027,-70.937,-30.746,1.9719113111496,1.06294524669647,1.02141356468201,1.03821885585785,1.96383249759674,1.06194150447845,2.98338866233826,2.03606414794922
E000V00028,-71.256,-30.838,1.95518052577972,1.80455076694489,1.73533844947815,1.76150798797607,1.94040369987488,1.80125868320465,3.66781997680664,2.75585222244263
E000V00026,-70.999,-31.188,1.9882071018219,1.05219686031342,1.00127136707306,1.0392050743103,1.98497533798218,1.92750537395477,2.97028851509094,2.03465056419373
E000V00024,-71.413,-31.39,1.97209584712982,1.18853509426117,0.989862084388733,1.13566899299622,1.96438646316528,1.80005323886871,2.89739942550659,2.12852263450623
E000V00023,-71.152,-31.633,1.98008036613464,1.56356883049011,0.988844335079193,1.51829540729523,1.97899508476257,1.76947033405304,2.86875677108765,2.50823044776917
E000V00025,-70.97,-31.783,1.99650883674622,1.06968426704407,0.997464537620544,1.06770730018616,1.99664509296417,1.94928658008575,2.96665811538696,2.06146597862244
E000320019,-70.707,-32.076,1.99307513237,1.10291564464569,0.990099847316742,1.71697127819061,1.99895679950714,0.609094440937042,1.6673846244812,2.09763360023499
E000V00035,-70.926,-32.251,1.99763429164886,1.14634191989899,1.00595963001251,1.16508388519287,2.00876355171204,1.84143352508545,2.90512657165527,2.17981338500977
E000V00174,-70.464,-32.343,1.99520027637482,1.12579035758972,0.965139925479889,1.17448258399963,2.01052117347717,1.15066993236542,2.2344663143158,2.11957144737244
E000V00033,-70.819,-32.362,1.99620342254639,1.16405427455902,0.990954875946045,1.51900970935822,2.01542806625366,1.4973452091217,2.58301711082458,2.39881992340088
E000V00034,-71.441,-32.505,1.99984729290009,1.65692722797394,1.09848594665527,1.33563005924225,2.01718258857727,1.51890599727631,2.84310698509216,2.39988994598389
E000V00175,-71.014,-32.54,2.00059771537781,1.88936078548431,1.01668620109558,1.08756577968597,2.01548767089844,1.93606948852539,2.98368215560913,2.8896427154541
E000V00041,-70.725,-32.594,2.00077772140503,1.23593437671661,0.998341917991638,1.29334020614624,2.0589771270752,1.784334897995,2.88353037834167,2.33100867271423
E000V00176,-70.368,-32.618,1.99597716331482,1.20818054676056,0.663506329059601,1.13271069526672,2.02518820762634,1.22981238365173,2.42341470718384,2.13407111167908
E000V00040,-70.809,-32.757,2.00420427322388,1.7912962436676,1.01569807529449,1.71966171264648,2.65478134155273,1.86467742919922,2.96003913879395,2.73976755142212
E000V00031,-71.526,-32.789,2.00940632820129,1.82212841510773,1.1299592256546,1.32461559772491,2.02140855789185,1.42022025585175,2.71164679527283,2.37259459495544
E000V00037,-71.173,-32.79,2.00575542449951,1.92311215400696,1.6325272321701,1.80749464035034,2.01847696304321,1.86460149288177,3.55393290519714,2.83615183830261
E000320028,-71.227,-32.828,2.00575542449951,1.92311215400696,1.6325272321701,1.80749464035034,2.01847696304321,1.86460149288177,3.55393290519714,2.83615183830261
E000V00032,-70.382,-32.89,2.01643514633179,1.46820056438446,1.08472681045532,1.23914885520935,2.16572451591492,1.37731444835663,2.88845324516296,2.26006102561951
E000V00036,-71.207,-32.893,2.00162720680237,1.99496865272522,1.00909054279327,1.97964382171631,2.0023980140686,1.98311388492584,2.99744915962219,2.98170614242554
E000V00030,-71.517,-32.917,2.0092990398407,1.94043481349945,1.03545868396759,1.12119150161743,2.0129222869873,1.15173971652985,2.28545260429382,2.16395044326782
E000V00042,-71.261,-32.994,2.00162720680237,1.99496865272522,1.00909054279327,1.97964382171631,2.0023980140686,1.98311388492584,2.99744915962219,2.98170614242554
E000330002,-71.648,-33.023,2.01061773300171,1.80220699310303,1.02530920505524,1.17044174671173,2.01304316520691,1.25181484222412,2.55323553085327,2.23569798469543
E000330007,-71.556,-33.065,2.0092990398407,1.94043481349945,1.03545868396759,1.12119150161743,2.0129222869873,1.15173971652985,2.28545260429382,2.16395044326782
E000V00029,-71.4,-33.083,2.0092990398407,1.94043481349945,1.03545868396759,1.12119150161743,2.0129222869873,1.15173971652985,2.28545260429382,2.16395044326782
E000V00051,-70.834,-33.121,2.02261257171631,1.74614977836609,1.16592526435852,1.3379567861557,2.23580837249756,1.63906574249268,2.93709421157837,2.36345148086548
E000V00050,-70.66,-33.147,2.02880549430847,1.80143904685974,1.15502524375916,1.21734166145325,2.17533135414124,1.40087509155273,2.95895791053772,2.23233246803284
E000V00177,-71.46,-33.23,2.01176238059998,1.95634269714355,1.01474225521088,1.05557131767273,2.01333141326904,1.07461059093475,2.89674210548401,2.78295063972473
E000V00178,-71.155,-33.287,2.33363103866577,1.87640130519867,1.35340893268585,1.48390626907349,2.34542798995972,1.58704197406769,2.87136006355286,2.56551337242126
E000V00046,-70.502,-33.353,2.02173018455505,1.41833078861237,1.08103811740875,1.15273058414459,2.11850500106812,1.23744511604309,2.94145846366882,2.16757893562317
E000330021,-70.787,-33.378,2.01167631149292,1.95521986484528,1.01086401939392,1.01874327659607,2.01454758644104,1.04228520393372,2.9935188293457,2.02151799201965
E000V00043,-70.733,-33.42,2.01167631149292,1.95521986484528,1.01086401939392,1.01874327659607,2.01454758644104,1.04228520393372,2.9935188293457,2.02151799201965
E000V00055,-71.026,-33.439,2.04724931716919,1.8859258890152,1.04331207275391,1.08757126331329,2.05576944351196,1.6858823299408,2.9633104801178,2.10361170768738
E000V00038,-71.624,-33.439,2.02169895172119,1.87913262844086,1.01165390014648,1.16208922863007,2.02274179458618,1.14148211479187,2.8324773311615,2.13135457038879
E000330020,-70.683,-33.445,2.01167631149292,1.95521986484528,1.01086401939392,1.01874327659607,2.01454758644104,1.04228520393372,2.9935188293457,2.02151799201965
E000330019,-70.549,-33.455,2.02382111549377,1.20175170898438,1.01126158237457,1.04349935054779,2.03266477584839,1.07869565486908,2.97139978408813,2.05182862281799
E000V00044,-70.7,-33.467,2.01167631149292,1.95521986484528,1.01086401939392,1.01874327659607,2.01454758644104,1.04228520393372,2.9935188293457,2.02151799201965
E000V00047,-70.766,-33.517,2.01167631149292,1.95521986484528,1.01086401939392,1.01874327659607,2.01454758644104,1.04228520393372,2.9935188293457,2.02151799201965
E000V00039,-71.596,-33.543,2.02169895172119,1.87913262844086,1.01165390014648,1.16208922863007,2.02274179458618,1.14148211479187,2.8324773311615,2.13135457038879
E000V00045,-70.548,-33.545,2.02382111549377,1.20175170898438,1.01126158237457,1.04349935054779,2.03266477584839,1.07869565486908,2.97139978408813,2.05182862281799
E000V00058,-70.902,-33.608,2.04724931716919,1.8859258890152,1.04331207275391,1.08757126331329,2.05576944351196,1.6858823299408,2.9633104801178,2.10361170768738
E000V00048,-70.567,-33.617,2.02382111549377,1.20175170898438,1.01126158237457,1.04349935054779,2.03266477584839,1.07869565486908,2.97139978408813,2.05182862281799
E000330031,-78.833,-33.636,1.785360455513,0.817937254905701,0.50304788351059,0.848974883556366,1.70817899703979,1.33019471168518,2.25600719451904,1.76301348209381
E000330030,-71.613,-33.656,2.01526236534119,1.78197681903839,0.983843147754669,1.30945765972137,2.01298689842224,1.18570446968079,2.67809200286865,2.119384765625
E000V00049,-70.089,-33.676,2.01776480674744,1.16276371479034,0.37722909450531,1.04597926139832,2.01970553398132,1.12787652015686,2.33935451507568,2.07631230354309
E000V00057,-71.101,-33.692,2.06763005256653,1.74035680294037,1.04063892364502,1.11663508415222,2.07258319854736,1.39511060714722,2.93646740913391,2.15839648246765
E000V00052,-70.707,-33.707,2.56444478034973,1.7993870973587,1.54280185699463,1.58482313156128,2.56827878952026,1.69555854797363,2.96508812904358,2.61045503616333
E000V00053,-70.639,-33.862,2.56444478034973,1.7993870973587,1.54280185699463,1.58482313156128,2.56827878952026,1.69555854797363,2.96508812904358,2.61045503616333
E000V00179,-70.22,-33.878,2.04115152359009,1.21583414077759,0.479763209819794,1.0658757686615,2.04073047637939,1.18506622314453,2.49853825569153,2.12386226654053
E000V00056,-71.394,-33.941,2.00262236595154,1.71239328384399,0.956121623516083,1.12255084514618,1.99749338626862,1.21375381946564,2.88122701644897,2.13659358024597
E000V00068,-71.825,-33.959,1.99797451496124,1.79715597629547,0.960460007190704,1.05493807792664,1.99047255516052,1.09376323223114,2.90880513191223,2.05780386924744
E000V00064,-70.717,-33.983,2.04240489006042,1.14985370635986,1.0230416059494,1.05183053016663,2.04309296607971,1.15867614746094,2.97892022132874,2.11189556121826
E000V00054,-70.995,-34.029,2.00737714767456,1.07510161399841,0.998857438564301,1.01831960678101,2.0077953338623,1.92993175983429,2.98625755310059,2.04086184501648
E000V00059,-70.772,-34.169,2.00707340240479,1.79413759708405,0.968288362026215,1.02296662330627,2.00885486602783,1.85425817966461,2.96312284469604,2.76391434669495
E000V00180,-70.402,-34.203,2.02366089820862,1.26672303676605,0.519412755966187,1.04644346237183,2.02291321754456,1.27698755264282,2.86942720413208,2.20288848876953
E000V00061,-70.997,-34.215,1.99961054325104,1.08617329597473,0.989879190921783,1.01408398151398,2.00110006332397,1.94058108329773,2.98456144332886,2.07015991210938
E000V00062,-71.3,-34.217,1.99434328079224,1.76970338821411,0.968061566352844,1.66728937625885,1.99639916419983,1.79274249076843,2.95298671722412,2.70662379264832
E000V00060,-70.948,-34.261,1.99961054325104,1.08617329597473,0.989879190921783,1.01408398151398,2.00110006332397,1.94058108329773,2.98456144332886,2.07015991210938
E000V00066,-70.812,-34.279,2.00707340240479,1.79413759708405,0.968288362026215,1.02296662330627,2.00885486602783,1.85425817966461,2.96312284469604,2.76391434669495
E000V00065,-70.834,-34.322,2.00707340240479,1.79413759708405,0.968288362026215,1.02296662330627,2.00885486602783,1.85425817966461,2.96312284469604,2.76391434669495
E000V00067,-72.019,-34.394,1.98728549480438,1.06993162631989,0.894087135791779,0.972815632820129,1.96304130554199,1.04705584049225,2.91324067115784,2.02515292167664
E000V00063,-70.21,-34.411,1.99753165245056,1.10281884670258,0.2624751329422,1.00429427623749,1.9892121553421,1.1102579832077,2.32401347160339,2.07017803192139
E000V00071,-71.463,-34.485,1.9918714761734,1.03754675388336,0.971664309501648,1.00655341148376,1.9911675453186,1.03048360347748,2.97276544570923,2.02178454399109
E000V00069,-71.898,-34.645,1.98581421375275,1.02804791927338,0.82330185174942,0.91431587934494,1.9519852399826,1.02255666255951,2.91129040718079,2.01345205307007
E000V00072,-71.4,-34.691,1.94890320301056,1.05153286457062,0.853817105293274,0.96166604757309,1.95057380199432,1.03419506549835,2.89467167854309,2.03446269035339
E000V00070,-71.63,-34.714,1.97461295127869,1.04389679431915,0.779991507530212,0.88393223285675,1.94359302520752,1.02995204925537,2.89337372779846,2.02484345436096
E000340044,-71.02,-34.721,1.12235283851624,1.0201712846756,0.946363508701324,1.85060322284698,1.98981189727783,0.161160230636597,2.11130285263062,2.01696562767029
E000V00181,-70.52,-34.781,1.99452078342438,1.01806223392487,0.0592053048312664,0.992884635925293,1.99263846874237,1.02066910266876,2.9703254699707,2.01492667198181
E000V00086,-72.026,-34.855,1.98581421375275,1.02804791927338,0.82330185174942,0.91431587934494,1.9519852399826,1.02255666255951,2.91129040718079,2.01345205307007
E000V00084,-71.125,-34.96,1.82270777225494,1.00738954544067,0.386529207229614,0.838110983371735,1.9055073261261,0.979147970676422,2.79180645942688,2.03583025932312
E000V00083,-71.832,-34.968,1.9759259223938,1.00450682640076,0.264176994562149,0.401470363140106,1.91772770881653,0.986264646053314,2.87870454788208,2.00986433029175
E000340031,-71.217,-34.969,1.22387850284576,1.00313174724579,0.850417077541351,0.975095510482788,1.96883988380432,0.993670701980591,2.94386196136475,2.00862860679626
E000V00085,-70.811,-35,1.968785405159,1.00448226928711,0.128596097230911,0.225445866584778,1.95716345310211,1.01303267478943,2.91216969490051,2.01969885826111
E000V00076,-71.956,-35.128,1.97623252868652,0.962858617305756,0.23240128159523,0.791138112545013,1.80141627788544,0.918284058570862,2.74155640602112,1.99614405632019
E000V00182,-70.83,-35.398,1.96330785751343,0.401809424161911,0.186659529805183,0.305086761713028,1.313800573349,0.935618221759796,2.24120378494263,2.00424981117249
E000V00079,-71.467,-35.419,1.9806797504425,0.824744403362274,0.0966674834489822,0.169917121529579,1.15876078605652,0.232570052146912,2.12881374359131,1.99407064914703
E000V00078,-71.7,-35.533,1.98962199687958,0.953791379928589,0.0639345049858093,0.134795948863029,1.11708223819733,0.167503625154495,2.09573769569397,1.99449408054352
E000V00074,-71.454,-35.663,1.98461294174194,0.490544587373734,0.0769307240843773,0.151842251420021,1.1256251335144,0.223531469702721,2.10211777687073,1.97857224941254
E000V00077,-72.082,-35.672,1.98035407066345,0.888786733150482,0.113632567226887,0.768138945102692,1.2422331571579,0.390424132347107,2.18382930755615,1.97038185596466
E000V00080,-71.062,-35.699,1.98325562477112,0.187665432691574,0.0802916809916496,0.137134119868279,1.13126051425934,0.235485970973969,2.09903860092163,1.98998367786407
E000V00081,-72.511,-35.707,1.99591970443726,0.97599858045578,0.0279984101653099,0.972997725009918,1.96456241607666,1.00390338897705,2.94518852233887,1.99351561069489
E000V00075,-71.631,-35.753,1.98020589351654,0.846611559391022,0.106899760663509,0.26518839597702,1.19256401062012,0.331144988536835,2.15233397483826,1.96922123432159
E000V00082,-72.587,-35.836,1.99591970443726,0.97599858045578,0.0279984101653099,0.972997725009918,1.96456241607666,1.00390338897705,2.94518852233887,1.99351561069489
E000V00183,-71.05,-36.06,1.98603975772858,0.147526741027832,0.0628123134374619,0.113812938332558,1.10523438453674,0.205737978219986,2.07774019241333,1.97998702526093
E000V00087,-72.783,-36.133,1.98149800300598,0.594694912433624,0.473710983991623,0.816268384456635,1.84578490257263,1.5070983171463,2.52093744277954,1.95465350151062
E000V00073,-71.548,-36.257,1.99343276023865,0.0781831294298172,0.0240843817591667,0.064225822687149,0.204341799020767,0.142569378018379,2.04871582984924,1.13816034793854
E000V00091,-71.9,-36.292,1.9787917137146,0.793230295181274,0.0812762752175331,0.781088829040527,1.20301580429077,0.448275774717331,2.1316511631012,1.93396413326263
E000V00090,-72.64,-36.43,1.99311983585358,0.0973615050315857,0.0688483715057373,0.86935430765152,1.91831624507904,1.11756706237793,2.07525205612183,1.9807345867157
E000V00088,-72.699,-36.492,1.99311983585358,0.0973615050315857,0.0688483715057373,0.86935430765152,1.91831624507904,1.11756706237793,2.07525205612183,1.9807345867157
E000V00092,-71.549,-36.56,1.98542630672455,0.128678888082504,0.0416650325059891,0.118251912295818,1.05840241909027,1.61219072341919,2.73061895370483,1.90928864479065
E000360011,-72.037,-36.586,1.98026847839355,0.78461492061615,0.0572652369737625,0.792541086673737,1.19103348255157,0.442988127470016,2.10504174232483,1.94123673439026
E000V00089,-72.603,-36.625,1.96399855613708,0.319696396589279,0.196796089410782,0.441626608371735,1.76368510723114,1.36438620090485,2.22344636917114,1.89736986160278
E000V00099,-72.965,-36.672,1.9979076385498,0.0148274442180991,0.0090479888021946,0.0223857723176479,1.02438271045685,1.9754946231842,2.00934267044067,1.99260818958282
E000V00096,-72.704,-36.697,1.98540306091309,0.639320492744446,0.597776412963867,0.716507196426392,1.80111026763916,1.74798429012299,2.60214877128601,1.95413947105408
E000V00098,-72.983,-36.733,1.9979076385498,0.0148274442180991,0.0090479888021946,0.0223857723176479,1.02438271045685,1.9754946231842,2.00934267044067,1.99260818958282
E000360019,-73.066,-36.781,1.9979076385498,0.0148274442180991,0.0090479888021946,0.0223857723176479,1.02438271045685,1.9754946231842,2.00934267044067,1.99260818958282
E000V00184,-71.5,-36.88,1.96574175357819,0.138242036104202,0.0525715984404087,0.144306287169456,1.36098992824554,1.20357549190521,2.09619665145874,1.91470205783844
E000V00093,-72.099,-36.977,1.96968948841095,0.131988570094109,0.037559412419796,0.146270126104355,1.85098481178284,1.75935697555542,2.44559240341187,1.91776883602142
E000V00095,-73.14,-37.005,1.94431960582733,0.283391177654266,0.102215722203255,0.425987869501114,1.38867127895355,1.38567876815796,2.09363341331482,1.68141770362854
E000V00106,-72.403,-37.035,1.94888377189636,0.198619410395622,0.0730694457888603,0.25226017832756,1.79444336891174,1.6786767244339,2.07681965827942,1.85403490066528
E000V00097,-73.155,-37.092,1.94431960582733,0.283391177654266,0.102215722203255,0.425987869501114,1.38867127895355,1.38567876815796,2.09363341331482,1.68141770362854
E000V00105,-71.245,-37.111,1.96824407577515,0.126228898763657,0.0528762079775333,0.128832340240479,1.77158403396606,1.12777948379517,2.07917833328247,1.92793071269989
E000V00094,-72.012,-37.141,1.97459709644318,0.0664679259061813,0.0186502803117037,0.0756585747003555,1.91810727119446,1.8764134645462,2.03700113296509,1.92659878730774
E000V00108,-72.946,-37.167,1.95909571647644,0.116987228393555,0.0436975359916687,0.673990845680237,1.18274998664856,1.11073195934296,2.03124475479126,1.73639965057373
E000V00107,-72.328,-37.213,1.90682363510132,0.577855050563812,0.0311526507139206,0.598519504070282,1.81314361095428,1.69642841815948,1.99729299545288,1.77083849906921
E000V00111,-71.949,-37.293,1.97459709644318,0.0664679259061813,0.0186502803117037,0.0756585747003555,1.91810727119446,1.8764134645462,2.03700113296509,1.92659878730774
E000V00100,-73.437,-37.305,1.97618067264557,0.774874448776245,0.0307846926152706,0.804484963417053,1.80515098571777,1.01999628543854,2.02450895309448,1.13028943538666
E000V00185,-71.566,-37.323,1.96343445777893,0.0962177887558937,0.0386955849826336,0.106735087931156,1.85169792175293,1.73199832439423,2.05198383331299,1.9121105670929
E000370033,-72.424,-37.397,1.57180428504944,0.15110544860363,0.0438999868929386,0.195811331272125,1.30388200283051,0.872848570346832,1.66854679584503,0.939867854118347
E000V00186,-72.83,-37.418,1.90362191200256,0.116881236433983,0.0421038083732128,0.181054815649986,1.21726512908936,1.11266720294952,1.99139022827148,1.2078503370285
E000V00103,-73.33,-37.485,1.96769165992737,0.112754791975021,0.0260190088301897,0.148118928074837,1.14909517765045,0.426567703485489,2.01695656776428,1.11851239204407
E000V00110,-71.875,-37.536,1.93589878082275,0.108372271060944,0.0417338721454144,0.130973607301712,1.80320250988007,1.73077833652496,2.04202461242676,1.79534494876862
E000V00104,-73.462,-37.627,1.93413436412811,0.13700644671917,0.0451792255043983,0.180291354656219,1.19738399982452,1.03344810009003,2.02675533294678,1.15943515300751
E000V00109,-72.007,-37.685,1.95876491069794,0.0485037975013256,0.0183715298771858,0.0647486075758934,1.18990004062653,1.16518557071686,2.0080201625824,1.1552711725235
E000V00116,-72.605,-37.726,1.8877546787262,0.100436136126518,0.0362029299139977,0.13925002515316,1.24722504615784,1.17018032073975,1.98445785045624,1.16153478622437
E000V00101,-73.412,-37.892,1.81204223632812,0.240611225366592,0.094685897231102,0.337201088666916,1.38763904571533,1.21643900871277,2.04615235328674,1.31282341480255
E000V00102,-73.097,-37.95,1.78275060653687,0.0835266709327698,0.0321266017854214,0.121994465589523,1.16271209716797,1.11664605140686,2.00788497924805,1.1232990026474
E000V00112,-71.435,-38.057,1.22673368453979,0.061354398727417,0.0271515678614378,0.0881264433264732,1.9032289981842,1.8911110162735,2.01787066459656,1.13713574409485
E000V00114,-72.298,-38.146,1.9710019826889,0.0126964105293155,0.00442855479195714,0.0226372964680195,1.95966672897339,1.9720686674118,1.99757695198059,1.0228283405304
E000V00117,-72.273,-38.228,1.9710019826889,0.0126964105293155,0.00442855479195714,0.0226372964680195,1.95966672897339,1.9720686674118,1.99757695198059,1.0228283405304
E000V00113,-71.233,-38.25,1.00988578796387,0.00287273153662682,0.00134502223227173,0.00444113183766603,1.99634146690369,1.99590873718262,2.00084280967712,1.0055148601532
E000V00188,-72.956,-38.207,1.13513088226318,0.0390071421861649,0.0146565120667219,0.0589355006814003,1.08122801780701,1.0683741569519,1.9995573759079,1.05348014831543
E000V00187,-71.75,-38.414,1.92140436172485,0.0582349114120007,0.0237939599901438,0.124887689948082,1.24755954742432,1.91193103790283,2.00152134895325,1.12639582157135
E000V00121,-72.399,-38.435,1.36263751983643,0.150222882628441,0.029838789254427,0.203814670443535,1.27174055576324,1.66615581512451,1.85546159744263,1.11946451663971
E000V00129,-72.85,-38.446,1.27798640727997,0.114836387336254,0.0317988134920597,0.164815291762352,1.23493611812592,1.25073742866516,1.93866693973541,1.11589694023132
E000V00126,-72.224,-38.675,1.82800149917603,0.125263169407845,0.0181773956865072,0.762267649173737,1.75211179256439,1.77339625358582,1.84385883808136,1.67145764827728
E000V00115,-71.141,-38.732,1.91528081893921,0.0745281279087067,0.0355258323252201,0.149682179093361,1.92107677459717,1.91533279418945,2.01734733581543,1.14743316173553
E000380013,-72.46,-38.768,1.09843170642853,0.862392246723175,0.00793365109711885,0.0763364434242249,0.273196041584015,0.28104043006897,0.317854583263397,0.228268772363663
E000V00120,-71.683,-38.834,1.91421246528625,0.0767287537455559,0.0308498702943325,0.212119176983833,1.85760712623596,1.89856481552124,1.99764811992645,1.19782447814941
E000V00128,-72.787,-39.022,1.06919324398041,0.032056849449873,0.00763321900740266,0.0604908317327499,1.95948588848114,1.9532151222229,1.98328042030334,1.03900015354156
E000V00127,-72.252,-39.007,1.99838411808014,0.00113747420255095,0.000258852087426931,0.997852385044098,1.99831533432007,1.99829375743866,1.99911272525787,1.99710607528687
E000V00122,-72.922,-39.071,1.21807384490967,0.107469484210014,0.0309256315231323,0.19143046438694,1.89596462249756,1.8605580329895,1.98443853855133,1.12510907649994
E000V00118,-72.615,-39.103,1.45532536506653,0.193855941295624,0.0316521748900414,0.407549798488617,1.69404208660126,1.68231737613678,1.79435729980469,1.25946354866028
E000V00124,-73.133,-39.165,1.6547714471817,0.399497807025909,0.100929729640484,0.645901441574097,1.84478080272675,1.64613938331604,2.01446557044983,1.35072827339172
E000V00125,-72.261,-39.196,1.95207667350769,0.0381071269512177,0.0121125504374504,0.940512359142303,1.96567189693451,1.96002793312073,1.9919410943985,1.91647219657898
E000V00119,-71.868,-39.262,1.94171261787415,0.0739026963710785,0.0315851345658302,0.876452922821045,1.94026017189026,1.93381953239441,2.00693655014038,1.84281301498413
E000V00123,-71.926,-39.289,1.95455658435822,0.0488057248294353,0.0183731578290462,0.927838325500488,1.9577808380127,1.95288503170013,1.99750757217407,1.90136671066284
E000V00189,-72.55,-39.373,1.70340585708618,0.114511147141457,0.0310847777873278,0.683743178844452,1.90552079677582,1.87739956378937,1.9716522693634,1.60380554199219
E000V00190,-73.177,-39.39,1.83113694190979,0.62581342458725,0.0901144444942474,0.866965353488922,1.91851162910461,1.48725736141205,2.02242374420166,1.31332802772522
E000V00131,-72.95,-39.632,1.94680094718933,0.80440765619278,0.0419139117002487,0.980144917964935,1.97692155838013,1.28652107715607,2.01342153549194,1.18567860126495
E000390006,-73.087,-39.657,1.94680094718933,0.80440765619278,0.0419139117002487,0.980144917964935,1.97692155838013,1.28652107715607,2.01342153549194,1.18567860126495
E000V00130,-72.501,-39.863,1.93238413333893,0.160849496722221,0.0462108477950096,0.960631847381592,1.96541976928711,1.91882014274597,2.02086901664734,1.82023024559021
E000V00191,-71.91,-39.88,1.94106495380402,0.155709400773048,0.0706457272171974,1.03077173233032,1.96946156024933,2.00149917602539,2.08744621276855,1.86405444145203
E000V00132,-72.927,-40.096,1.95626962184906,0.379956007003784,0.0664202719926834,1.04086792469025,1.98682868480682,1.88190865516663,2.02411770820618,1.34282875061035
E000V00134,-72.415,-40.134,1.95401585102081,0.267532765865326,0.093633159995079,1.09744656085968,1.99637615680695,2.01284980773926,2.08720850944519,1.83510851860046
E000V00193,-73.647,-40.168,1.90384316444397,0.753946959972382,0.33010795712471,1.31662738323212,2.05042195320129,1.9642174243927,2.08138871192932,1.71109008789062
E000V00133,-73.024,-40.317,1.989537358284,0.888769447803497,0.0310522001236677,1.04141616821289,2.00049996376038,1.98941004276276,2.01020407676697,1.88241493701935
E000V00135,-72.979,-40.323,1.989537358284,0.888769447803497,0.0310522001236677,1.04141616821289,2.00049996376038,1.98941004276276,2.01020407676697,1.88241493701935
E000V00139,-73.308,-40.348,1.97167134284973,0.8721524477005,0.0956471189856529,1.54914534091949,2.00459408760071,1.9716010093689,2.0246434211731,1.84021198749542
E000V00192,-72,-40.52,1.9985066652298,0.00651295809075236,0.00355458841659129,1.9883120059967,2.00037717819214,2.98637986183167,2.98851609230042,1.99654960632324
E000400009,-73.058,-40.614,1.9786788225174,0.900104403495789,0.15099248290062,1.19360280036926,2.01510691642761,2.00209856033325,2.03280425071716,1.59580719470978
E000V00194,-72.116,-40.623,1.9985066652298,0.00651295809075236,0.00355458841659129,1.9883120059967,2.00037717819214,2.98637986183167,2.98851609230042,1.99654960632324
E000V00136,-73.152,-40.765,1.98477923870087,0.962891399860382,0.760826408863068,1.79330122470856,2.03369808197021,2.02123546600342,2.02973818778992,1.87605440616608
E000V00138,-73.157,-40.861,1.98477923870087,0.962891399860382,0.760826408863068,1.79330122470856,2.03369808197021,2.02123546600342,2.02973818778992,1.87605440616608
E000V00195,-73.815,-40.873,1.96695923805237,0.951562166213989,0.784655094146729,1.77860939502716,2.61495780944824,2.59025812149048,2.05917239189148,1.90164589881897
E000V00137,-72.886,-40.957,1.97970879077911,0.969789862632751,0.41243788599968,1.81129837036133,2.12060761451721,2.09440016746521,2.10772228240967,1.89429020881653
E000V00142,-73.377,-41.115,1.96771371364594,0.989046216011047,0.761947751045227,1.76947164535522,2.17985653877258,2.14592051506042,2.08788156509399,1.88314819335938
E000V00197,-72.339,-41.142,1.96116352081299,0.883388459682465,0.789154767990112,1.80903553962708,2.69271159172058,2.71414589881897,2.74416542053223,1.92087757587433
E000V00143,-73.009,-41.259,1.99946773052216,1.00209546089172,0.992643892765045,1.99391758441925,2.98908543586731,2.9858980178833,2.98606944084167,1.99551486968994
E000V00196,-73.809,-41.359,1.97347557544708,1.58033835887909,0.873302161693573,1.85854125022888,2.71403646469116,2.69326543807983,2.64475393295288,1.93015968799591
E000410005,-73.096,-41.448,1.97453022003174,1.56612503528595,0.28485095500946,1.29065597057343,2.17877578735352,1.57435166835785,1.57264018058777,1.34742915630341
E000V00198,-72.275,-41.579,1.97919452190399,0.95794552564621,0.920488059520721,1.91866612434387,2.87392544746399,2.87660479545593,2.88691806793213,1.96416759490967
E000V00144,-73.672,-41.71,1.91947937011719,1.07258319854736,0.773681044578552,1.71560382843018,2.39343094825745,2.39175033569336,2.24627757072449,1.84612727165222
E000V00140,-72.435,-41.938,1.84312546253204,0.822510600090027,0.708197832107544,1.65527439117432,2.42074847221375,2.44194436073303,2.41533041000366,1.82297670841217
E000V00141,-71.865,-42.075,1.74899673461914,0.658744335174561,0.561272442340851,1.43972194194794,2.1877236366272,2.23459148406982,2.28616714477539,1.74095153808594
E000V00151,-72.417,-42.1,1.84312546253204,0.822510600090027,0.708197832107544,1.65527439117432,2.42074847221375,2.44194436073303,2.41533041000366,1.82297670841217
E000V00149,-73.49,-42.157,1.97594809532166,0.977059364318848,0.980737090110779,1.96678996086121,2.69769096374512,2.8964409828186,2.04007482528687,1.97421443462372
E000V00199,-74.078,-42.285,1.98147916793823,0.978875339031219,0.994109511375427,1.97634220123291,2.06477808952332,2.08888077735901,2.04040336608887,1.97854363918304
E000V00201,-72.663,-42.355,1.91141927242279,0.910254836082458,0.902360200881958,1.87648475170135,2.74836778640747,2.78394389152527,2.73106241226196,1.93194246292114
E000V00147,-73.568,-42.404,1.95416402816772,0.94943904876709,1.02497434616089,1.99997985363007,2.18230080604553,2.85464334487915,2.1021466255188,1.96461367607117
E000V00148,-73.633,-42.583,1.94644176959991,0.93382316827774,1.25596702098846,2.21368813514709,2.42909598350525,2.74741148948669,2.34916543960571,1.95278716087341
E000V00146,-73.789,-42.704,1.98553717136383,0.979619860649109,1.90328896045685,2.89068388938904,2.93116188049316,2.9532470703125,2.91959691047668,1.98967480659485
E000V00145,-72.717,-42.883,1.1245995759964,0.129774957895279,0.939857184886932,1.92013311386108,2.04087829589844,2.78965854644775,2.03908133506775,1.94778800010681
E000430002,-71.852,-43.189,0.269457578659058,0.0729480311274529,0.0979491472244263,0.325833231210709,1.20548045635223,2.02898621559143,1.21432077884674,0.357625484466553
E000V00200,-74.295,-43.208,1.98877990245819,0.0350204482674599,1.94973206520081,1.98905861377716,2.96434259414673,2.96638798713684,2.01111006736755,1.99169898033142
E000V00202,-72.85,-43.364,1.13025772571564,0.140465170145035,0.915995240211487,1.89773452281952,2.03148579597473,2.17685794830322,2.03117418289185,1.93113553524017
E000V00150,-72.126,-43.474,1.03861379623413,0.0826385617256165,0.192825511097908,1.85600805282593,1.97419881820679,2.09220671653748,1.97909307479858,1.88271450996399
E000430004,-71.801,-43.612,0.880310297012329,0.212143212556839,0.315368980169296,1.16002559661865,1.69730377197266,2.09500336647034,1.72136652469635,1.24685525894165
E000V00153,-73.74,-43.89,1.63137459754944,0.590766489505768,0.983357429504395,1.7441463470459,2.22854447364807,2.27097153663635,2.16457796096802,1.85192930698395
E000V00152,-72.387,-43.917,1.08472812175751,0.105310991406441,0.934930801391602,1.92512631416321,2.01399779319763,2.79888415336609,2.01611256599426,1.9469975233078
E000V00154,-71.847,-44.24,1.274862408638,0.430052846670151,0.684186398983002,1.56747961044312,1.97172200679779,2.1434109210968,1.99187517166138,1.65779161453247
E000V00203,-73.097,-44.729,1.94534969329834,0.96116977930069,1.88474690914154,2.86532402038574,2.90200209617615,2.90425324440002,2.89900803565979,2.86675429344177
E000450001,-72.677,-45.399,1.87107038497925,0.949128091335297,1.00412666797638,1.96508681774139,2.01108407974243,1.98392271995544,1.98626482486725,1.91426646709442
E000450004,-72.102,-45.591,0.246535524725914,0.88795006275177,0.949466705322266,1.9368451833725,1.99183666706085,1.21027636528015,1.21441197395325,0.365229547023773
E000450005,-71.678,-45.918,0.254998385906219,0.0974831432104111,0.250820875167847,1.9197826385498,1.97128999233246,1.96272647380829,1.96714925765991,1.8303918838501
E000V00157,-71.941,-46.278,1.8964775800705,0.0449087247252464,1.89222955703735,1.95243430137634,1.98075568675995,1.98868501186371,1.99035954475403,1.04271495342255
E000V00205,-74.778,-46.355,1.97101414203644,1.92480289936066,1.94014489650726,1.97178411483765,2.94298553466797,1.991823554039,1.99638891220093,1.03029775619507
E000V00204,-73.336,-46.569,1.93165361881256,0.968979775905609,1.91141510009766,1.96449875831604,1.99812519550323,1.98713219165802,1.98782861232758,1.94355690479279
E000460001,-71.685,-46.585,0.289740353822708,0.849158406257629,0.27481946349144,0.365157097578049,1.19165420532227,1.98263514041901,1.98695528507233,1.84768986701965
E000470001,-72.583,-47.244,1.00809872150421,0.974968791007996,1.94284284114838,1.97175085544586,1.99152266979218,1.98708355426788,1.98663485050201,1.01856315135956
E000V00156,-73.536,-47.8,0.031782504171133,0.0147345624864101,1.0021721124649,1.98790144920349,1.99770879745483,1.9911801815033,1.01748287677765,1.00367259979248
E000V00155,-72.56,-48.471,1.00179576873779,0.0112076392397285,0.997803330421448,1.98531925678253,1.99479496479034,1.01362216472626,1.01350498199463,0.0256692785769701
E000V00206,-73.941,-48.958,1.00192308425903,0.00918461661785841,0.995473623275757,1.00662231445312,1.99365878105164,1.0100816488266,1.0099310874939,0.0223479457199574
E000V00207,-73.57,-51.07,0.973987519741058,0.00913938786834478,0.0135141722857952,0.0221651587635279,0.0359659045934677,0.0288525000214577,0.0323101729154587,0.021676504984498
E000V00158,-72.967,-51.184,0.029179859906435,0.00493366969749331,0.00686759036034346,0.0114912735298276,0.0199452172964811,0.0157409384846687,0.0177266336977482,0.0117411995306611
E000V00159,-71.164,-52.309,0.933482825756073,0.00728091783821583,0.00830818153917789,0.0145847359672189,0.99332457780838,0.0722597166895866,0.0757327228784561,0.0174681209027767
E000V00161,-70.361,-52.432,0.0849700197577477,0.0104271629825234,0.0111500648781657,0.0198639519512653,0.960606455802917,0.03785016015172,0.0427790470421314,0.0250812862068415
E000V00160,-71.505,-52.601,0.0857609063386917,0.00657009845599532,0.00743798585608602,0.0130496164783835,0.992169737815857,0.921147465705872,0.924326360225677,0.0157383214682341
E000V00162,-69.27,-52.8,0.996246755123138,0.00179842312354594,0.00181546888779849,0.00327236903831363,0.00861701928079128,0.00548924971371889,0.00623492896556854,0.00432963110506535
E000520006,-70.839,-53.002,0.641621470451355,0.0533431135118008,0.0567402057349682,0.100826121866703,0.574714004993439,0.257541298866272,0.283113121986389,0.127906545996666
E000530005,-70.326,-53.254,0.985201478004456,0.00340509857051075,0.00350940716452897,0.0062753688544035,0.0241586063057184,0.012022634036839,0.0135517055168748,0.00816672574728727
E000V00208,-71.38,-53.8,0.0434175878763199,0.00925657339394093,0.00966521445661783,0.0171557795256376,0.0514971055090427,0.0365246161818504,0.0412183552980423,0.0221038181334734
E000V00163,-68.804,-54.051,0.0124752419069409,0.00281332316808403,0.00268075475469232,0.00485784141346812,0.0101153934374452,0.00995548628270626,0.00934669841080904,0.00673572672531009
E000550001,-67.616,-54.932,0.0232984721660614,0.00770455133169889,0.00693610263988376,0.0126409083604813,0.0237310118973255,0.992396891117096,0.0246058683842421,0.0183541048318148
