Estacion,Lat,Lon,meses:1,3,6,9,12,24,36,48
E000V00003,-69.478,-17.595,0.35275262594223,0.246333926916122,0.232214212417603,0.198319733142853,0.183012172579765,0.211692467331886,0.253728419542313,0.241528198122978
E000V00002,-69.554,-18.197,0.0116528123617172,0.00819065608084202,0.00707867182791233,0.00625969283282757,0.00570813380181789,0.00562242232263088,0.00678710080683231,0.00647928938269615
E000180005,-70.34,-18.356,0.332158923149109,0.237652227282524,0.206860288977623,0.180096387863159,0.166797608137131,0.167264252901077,0.201914370059967,0.192669823765755
E000V00001,-69.857,-19.011,0.0397476628422737,0.0301414951682091,0.0213551539927721,0.0198653545230627,0.0183937549591064,0.0114012425765395,0.0138869676738977,0.0133008994162083
E000V00006,-68.638,-19.276,0.0406434684991837,0.0264809411019087,0.0209681987762451,0.0202079713344574,0.0172293595969677,0.0136343343183398,0.0166344065219164,0.0159563515335321
E000V00005,-69.427,-19.313,0.0445636622607708,0.0344120003283024,0.0225571021437645,0.0215528756380081,0.0199880506843328,0.00949395727366209,0.0116017255932093,0.0111281145364046
E000V00007,-69.767,-19.996,1.99333465099335,1.99237716197968,0.996418237686157,0.996385037899017,0.996302247047424,0.000380974437575787,0.000471514737000689,0.000454239750979468
E000V00004,-70.117,-20.25,0.236029595136642,0.204259127378464,0.111223101615906,0.109498597681522,0.106584317982197,0.0148381367325783,0.0184587817639112,0.0178081914782524
E000V00008,-69.342,-20.501,0.987487256526947,0.0391245409846306,0.0266789607703686,0.0280325450003147,0.0227465517818928,0.0105497734621167,0.0131846498697996,0.0127530759200454
E000200006,-70.181,-20.549,0.373122990131378,0.270424842834473,0.178575068712234,0.168166428804398,0.156362593173981,0.0699999108910561,0.0875472277402878,0.0845815315842628
E000V00011,-68.255,-21.224,0.998883724212646,0.00118123297579587,0.00144202017690986,0.997573137283325,0.000897301128134131,0.00100130797363818,0.00126485095825046,0.00123085267841816
E000V00013,-70.2,-22.091,0.480820804834366,0.265690356492996,0.324137508869171,0.24177685379982,0.2091284096241,0.241729602217674,0.320525825023651,0.314519226551056
E000V00014,-69.666,-22.35,0.0633850544691086,0.0275244582444429,0.0462523624300957,0.0268962774425745,0.0221330635249615,0.0263287425041199,0.0356584005057812,0.0352060459554195
E000220002,-68.892,-22.498,0.913167595863342,0.0178428962826729,0.901169717311859,0.0195280127227306,0.0147219328209758,0.0181605219841003,0.0247987732291222,0.0246295593678951
E000V00009,-69.32,-22.892,0.0764851793646812,0.0254652518779039,0.0644186213612556,0.0252483431249857,0.0216663423925638,0.0274569354951382,0.0404183901846409,0.0406468026340008
E000V00012,-68.213,-22.932,0.0238774940371513,0.00968110747635365,0.0188985001295805,0.0101301223039627,0.00826432555913925,0.010620504617691,0.0144665101543069,0.0144807752221823
E000230001,-70.445,-23.454,0.524933099746704,0.334356933832169,0.413713425397873,0.312022984027863,0.29277566075325,0.377290636301041,0.604122161865234,0.6084263920784
E000V00166,-67.44,-23.6,0.0358945652842522,0.0214527826756239,0.0276108235120773,0.0209859162569046,0.0186668410897255,0.0245035383850336,0.0323233418166637,0.0323762632906437
E000V00165,-68.57,-23.94,0.0254263691604137,0.0153642669320107,0.0203445479273796,0.0147626781836152,0.0136359538882971,0.0177817866206169,0.0274289064109325,0.0286583229899406
E000V00164,-69.69,-24.51,0.0116922575980425,0.00777564477175474,0.00958500150591135,0.00739950407296419,0.00706935906782746,0.00917827244848013,0.98287159204483,0.984484374523163
E000V00167,-69.3,-25,0.00827951729297638,0.00564319361001253,0.00688482634723186,0.00540686165913939,0.00520753534510732,0.00676168827340007,0.0152441272512078,0.0198294501751661
E000V00010,-70.484,-25.411,0.0287884473800659,0.020194610580802,0.0245731454342604,0.0195995736867189,0.019115399569273,0.0246200319379568,0.968012034893036,0.971586525440216
E000V00168,-69.27,-25.7,0.0106778787449002,0.0074726240709424,0.00910371635109186,0.00726637057960033,0.00708082458004355,0.0091311652213335,0.0144756734371185,0.980233490467072
E000V00169,-68.99,-26.25,0.00041291955858469,0.000291201838990673,0.000356546312104911,0.000286102178506553,0.000280067732091993,0.000359447411028668,0.000503560120705515,0.000751174404285848
E000V00016,-70.611,-26.332,0.0668656826019287,0.0471634417772293,0.0587029866874218,0.0470007359981537,0.0461183488368988,0.0586899891495705,0.0981981679797173,0.103560261428356
E000V00017,-70.046,-26.391,0.054541103541851,0.038434699177742,0.048149224370718,0.0385908186435699,0.0379023738205433,0.0480906404554844,0.0708424597978592,0.0785537138581276
E000V00170,-69.33,-27.07,0.0504935532808304,0.0356330946087837,0.0448461025953293,0.0360851623117924,0.0355163402855396,0.0449087768793106,0.0598608963191509,0.0637337118387222
E000270008,-70.781,-27.254,0.00552948890253901,0.00386668439023197,0.00511035462841392,0.00406490918248892,0.00400963891297579,0.00497738178819418,0.00668371329084039,0.00666585844010115
E000270009,-70.353,-27.359,0.0958537608385086,0.0670793503522873,0.0879421234130859,0.0701927989721298,0.0692247673869133,0.0861806944012642,0.115775100886822,0.116905838251114
E000V00171,-69.81,-27.98,0.0263578519225121,0.0182430129498243,0.0248342826962471,0.0198175571858883,0.0195958446711302,0.0240430049598217,0.0316073335707188,0.0313265360891819
E000V00019,-71.225,-28.463,0.0173921063542366,0.0116017768159509,0.0192339029163122,0.013977630995214,0.0138464458286762,0.0161368772387505,0.0219172053039074,0.021465552970767
E000V00018,-70.449,-28.768,0.0272960737347603,0.0179384723305702,0.0304467007517815,0.0224064607173204,0.0222207643091679,0.0258043650537729,0.0355733670294285,0.0349507369101048
E000V00015,-70,-28.976,0.00589150143787265,0.00388216646388173,0.00612747576087713,0.00478501571342349,0.00474764546379447,0.00559203373268247,0.00764017645269632,0.00751215778291225
E000V00021,-71.116,-29.372,0.251631945371628,0.152679666876793,0.964361906051636,0.241859972476959,0.24040462076664,0.246442422270775,0.37025985121727,0.364055573940277
E000290004,-71.207,-29.914,0.22972497344017,0.0826305076479912,1.02895879745483,0.91103196144104,0.910370171070099,0.170060604810715,0.41292530298233,0.408825218677521
E000V00022,-70.721,-30.031,0.0443938933312893,0.019656628370285,1.00513339042664,0.987867891788483,0.98772120475769,0.987654805183411,1.97306227684021,1.97227358818054
E000V00020,-71.082,-30.234,0.957539021968842,0.0757198631763458,1.02330279350281,0.197798952460289,0.197270914912224,0.204226344823837,1.9178671836853,1.91413748264313
E000V00172,-71.72,-30.38,1.3183388710022,0.687494337558746,1.4012622833252,1.17242610454559,1.16720843315125,1.32385921478271,1.94675970077515,1.89554858207703
E000V00027,-70.937,-30.746,1.03717243671417,0.0677034184336662,0.228643342852592,0.201823398470879,0.20146843791008,1.08188927173615,2.03974461555481,2.03489232063293
E000V00028,-71.256,-30.838,1.06992816925049,0.122219495475292,1.78189337253571,1.73705124855042,1.73637914657593,1.83379709720612,2.76627206802368,2.75385808944702
E000V00026,-70.999,-31.188,1.10304021835327,0.121478274464607,1.08404242992401,1.05459332466125,1.05422294139862,1.94401860237122,2.0452995300293,2.03206396102905
E000V00024,-71.413,-31.39,1.9015064239502,0.985828757286072,1.84439563751221,1.75562167167664,1.75395917892456,1.87162816524506,2.67795944213867,2.11848068237305
E000V00023,-71.152,-31.633,1.94553518295288,0.932369947433472,1.75495171546936,1.55506348609924,1.55368733406067,1.77398014068604,2.52197813987732,2.48909521102905
E000V00025,-70.97,-31.783,1.99426460266113,0.139459803700447,1.10512793064117,0.218987047672272,0.218791246414185,1.10571038722992,2.05246877670288,2.05707621574402
E000320019,-70.707,-32.076,2.60920071601868,1.57154107093811,1.86485421657562,1.73495507240295,1.73460280895233,1.26319885253906,1.4240391254425,2.06160640716553
E000V00035,-70.926,-32.251,2.01640152931213,0.453888267278671,1.3282778263092,1.21991050243378,1.21960246562958,1.92368686199188,2.03800129890442,2.10182476043701
E000V00174,-70.464,-32.343,2.05472493171692,0.581648170948029,1.92779624462128,1.25531840324402,1.25534009933472,1.33784115314484,1.99064302444458,2.07180070877075
E000V00033,-70.819,-32.362,2.13799786567688,1.02718150615692,1.7890237569809,1.59598577022552,1.59579002857208,1.74086248874664,1.92517054080963,2.10591435432434
E000V00034,-71.441,-32.505,1.98075747489929,1.5350900888443,1.8874751329422,1.72614634037018,1.72358822822571,1.89040803909302,2.31381678581238,2.35759949684143
E000V00175,-71.014,-32.54,2.00115489959717,1.04620099067688,1.96831560134888,1.12765467166901,1.12757587432861,1.97944831848145,2.05316948890686,2.86079263687134
E000V00041,-70.725,-32.594,2.00967717170715,1.06755304336548,1.93351781368256,1.38995921611786,1.39005565643311,1.917156457901,2.10463047027588,2.17154479026794
E000V00176,-70.368,-32.618,1.99902272224426,1.05464494228363,1.92884397506714,1.31118094921112,1.31247138977051,1.78811419010162,2.08166098594666,2.10776948928833
E000V00040,-70.809,-32.757,1.99969279766083,1.11146891117096,1.97886061668396,1.8191431760788,1.81947326660156,1.97113084793091,2.70361566543579,2.72423553466797
E000V00031,-71.526,-32.789,1.99162650108337,1.75486588478088,1.95136654376984,1.87232267856598,1.87085115909576,1.94718241691589,2.32175087928772,2.33865857124329
E000V00037,-71.173,-32.79,1.99787056446075,1.87596035003662,1.98074114322662,1.93185973167419,1.93159508705139,1.9797967672348,2.80249810218811,2.82343220710754
E000320028,-71.227,-32.828,1.99787056446075,1.87596035003662,1.98074114322662,1.93185973167419,1.93159508705139,1.9797967672348,2.80249810218811,2.82343220710754
E000V00032,-70.382,-32.89,1.99585485458374,1.39883601665497,1.96334481239319,1.62213671207428,1.62576746940613,1.94141113758087,2.24251389503479,2.24979686737061
E000V00036,-71.207,-32.893,1.99985039234161,1.99192488193512,1.99897480010986,1.99682796001434,1.99681329727173,1.99874746799469,2.97973918914795,2.98010468482971
E000V00030,-71.517,-32.917,1.99760317802429,1.88867592811584,1.98628103733063,1.96410775184631,1.96355998516083,1.98329198360443,2.12257075309753,2.12433195114136
E000V00042,-71.261,-32.994,1.99985039234161,1.99192488193512,1.99897480010986,1.99682796001434,1.99681329727173,1.99874746799469,2.97973918914795,2.98010468482971
E000330002,-71.648,-33.023,1.99044477939606,1.71895551681519,1.95067644119263,1.88459753990173,1.88155770301819,1.93953204154968,2.17716860771179,2.17610788345337
E000330007,-71.556,-33.065,1.99760317802429,1.88867592811584,1.98628103733063,1.96410775184631,1.96355998516083,1.98329198360443,2.12257075309753,2.12433195114136
E000V00029,-71.4,-33.083,1.99760317802429,1.88867592811584,1.98628103733063,1.96410775184631,1.96355998516083,1.98329198360443,2.12257075309753,2.12433195114136
E000V00051,-70.834,-33.121,1.99681317806244,1.47139286994934,1.9692519903183,1.84701859951019,1.84867238998413,1.95651412010193,2.33910441398621,2.35070633888245
E000V00050,-70.66,-33.147,1.99776840209961,1.69817841053009,1.98426330089569,1.93706834316254,1.93917918205261,1.97580683231354,2.2298309803009,2.2293872833252
E000V00177,-71.46,-33.23,1.99848449230194,1.19421911239624,1.99147498607635,1.97812235355377,1.97766697406769,1.98830997943878,2.0552704334259,2.05440235137939
E000V00178,-71.155,-33.287,1.99654352664948,1.7770129442215,1.97926771640778,1.9403201341629,1.94004058837891,1.97144162654877,2.49306750297546,2.49207520484924
E000V00046,-70.502,-33.353,1.99727690219879,1.40861439704895,1.98085653781891,1.90436685085297,1.90932810306549,1.96610426902771,2.16715097427368,2.16601395606995
E000330021,-70.787,-33.378,1.99967193603516,1.95820951461792,1.99791204929352,1.99224853515625,1.99282789230347,1.99642097949982,2.02287745475769,2.02201318740845
E000V00043,-70.733,-33.42,1.99967193603516,1.95820951461792,1.99791204929352,1.99224853515625,1.99282789230347,1.99642097949982,2.02287745475769,2.02201318740845
E000V00055,-71.026,-33.439,1.99795925617218,1.89584374427795,1.98839402198792,1.96364068984985,1.96458053588867,1.98164641857147,2.10936808586121,2.10412836074829
E000V00038,-71.624,-33.439,1.99603545665741,1.38065099716187,1.98005962371826,1.94948840141296,1.94798755645752,1.96861040592194,2.09807324409485,2.09150052070618
E000330020,-70.683,-33.445,1.99967193603516,1.95820951461792,1.99791204929352,1.99224853515625,1.99282789230347,1.99642097949982,2.02287745475769,2.02201318740845
E000330019,-70.549,-33.455,1.99894189834595,1.21486532688141,1.99276292324066,1.96499907970428,1.97003543376923,1.9840099811554,2.05549621582031,2.05311894416809
E000V00044,-70.7,-33.467,1.99967193603516,1.95820951461792,1.99791204929352,1.99224853515625,1.99282789230347,1.99642097949982,2.02287745475769,2.02201318740845
E000V00047,-70.766,-33.517,1.99967193603516,1.95820951461792,1.99791204929352,1.99224853515625,1.99282789230347,1.99642097949982,2.02287745475769,2.02201318740845
E000V00039,-71.596,-33.543,1.99603545665741,1.38065099716187,1.98005962371826,1.94948840141296,1.94798755645752,1.96861040592194,2.09807324409485,2.09150052070618
E000V00045,-70.548,-33.545,1.99894189834595,1.21486532688141,1.99276292324066,1.96499907970428,1.97003543376923,1.9840099811554,2.05549621582031,2.05311894416809
E000V00058,-70.902,-33.608,1.99795925617218,1.89584374427795,1.98839402198792,1.96364068984985,1.96458053588867,1.98164641857147,2.10936808586121,2.10412836074829
E000V00048,-70.567,-33.617,1.99894189834595,1.21486532688141,1.99276292324066,1.96499907970428,1.97003543376923,1.9840099811554,2.05549621582031,2.05311894416809
E000330031,-78.833,-33.636,1.92805731296539,1.47904551029205,1.4333164691925,1.09247887134552,1.06671047210693,1.67030572891235,1.9096485376358,1.74556303024292
E000330030,-71.613,-33.656,1.9914573431015,1.74249947071075,1.97012341022491,1.92455327510834,1.92120063304901,1.94398140907288,2.1380136013031,2.12032294273376
E000V00049,-70.089,-33.676,1.99606311321259,1.24718940258026,1.96778678894043,1.32070434093475,1.41723024845123,1.4732962846756,2.09179067611694,2.0817186832428
E000V00057,-71.101,-33.692,1.99566674232483,1.86155796051025,1.9802006483078,1.93917500972748,1.94108486175537,1.96504306793213,2.2253258228302,2.19950294494629
E000V00052,-70.707,-33.707,1.99828410148621,1.87335062026978,1.98988199234009,1.96216011047363,1.96655368804932,1.98115038871765,2.63381028175354,2.62288427352905
E000V00053,-70.639,-33.862,1.99828410148621,1.87335062026978,1.98988199234009,1.96216011047363,1.96655368804932,1.98115038871765,2.63381028175354,2.62288427352905
E000V00179,-70.22,-33.878,1.99702274799347,1.41869115829468,1.96956491470337,1.48549342155457,1.84592640399933,1.9150904417038,2.15408730506897,2.13674020767212
E000V00056,-71.394,-33.941,1.98034179210663,1.86368489265442,1.96816766262054,1.91901707649231,1.91356480121613,1.9251651763916,2.18533039093018,2.15792441368103
E000V00068,-71.825,-33.959,1.98906588554382,1.90334844589233,1.97417867183685,1.93781805038452,1.93208932876587,1.92867386341095,2.07658934593201,2.06436729431152
E000V00064,-70.717,-33.983,1.99888038635254,1.96148633956909,1.99406170845032,1.97804486751556,1.98037397861481,1.98824620246887,2.14797568321228,2.1301007270813
E000V00054,-70.995,-34.029,1.9986275434494,1.97813141345978,1.9956738948822,1.98680460453033,1.98702919483185,1.99128139019012,2.92182612419128,2.89667153358459
E000V00059,-70.772,-34.169,1.99795019626617,1.95373117923737,1.98978567123413,1.96320164203644,1.96488225460052,1.9772036075592,2.84991955757141,2.78546810150146
E000V00180,-70.402,-34.203,1.99728536605835,1.83758151531219,1.97318148612976,1.86272370815277,1.87855708599091,1.94612634181976,2.2618613243103,2.22784519195557
E000V00061,-70.997,-34.215,1.99778747558594,1.98199713230133,1.99542272090912,1.98596739768982,1.98575234413147,1.98847424983978,2.93955373764038,2.08879828453064
E000V00062,-71.3,-34.217,1.97857177257538,1.94452846050262,1.98507738113403,1.95850944519043,1.95596885681152,1.96029615402222,2.78961229324341,2.73693919181824
E000V00060,-70.948,-34.261,1.99778747558594,1.98199713230133,1.99542272090912,1.98596739768982,1.98575234413147,1.98847424983978,2.93955373764038,2.08879828453064
E000V00066,-70.812,-34.279,1.99795019626617,1.95373117923737,1.98978567123413,1.96320164203644,1.96488225460052,1.9772036075592,2.84991955757141,2.78546810150146
E000V00065,-70.834,-34.322,1.99795019626617,1.95373117923737,1.98978567123413,1.96320164203644,1.96488225460052,1.9772036075592,2.84991955757141,2.78546810150146
E000V00067,-72.019,-34.394,1.99097013473511,1.93048584461212,1.96364855766296,1.91086483001709,1.89062321186066,1.26213097572327,2.04635405540466,2.0353696346283
E000V00063,-70.21,-34.411,1.999342918396,1.31136810779572,1.96691167354584,1.3111184835434,1.31897902488708,1.94220697879791,2.10088801383972,2.08672308921814
E000V00071,-71.463,-34.485,1.17403328418732,1.95294141769409,1.99065566062927,1.97472310066223,1.97113108634949,1.96357297897339,2.03361845016479,2.03215289115906
E000V00069,-71.898,-34.645,1.99843168258667,1.94349706172943,1.96402823925018,1.90631020069122,1.86562216281891,1.23545789718628,2.03326463699341,2.02379179000854
E000V00072,-71.4,-34.691,1.94908082485199,1.63049042224884,1.96531009674072,1.89920389652252,1.87978136539459,1.84955906867981,2.06340217590332,2.08724808692932
E000V00070,-71.63,-34.714,1.97853326797485,1.9067245721817,1.96037113666534,1.89076375961304,1.85472655296326,1.60723900794983,2.05060315132141,2.0486695766449
E000340044,-71.02,-34.721,1.99780249595642,1.96735727787018,1.99136757850647,1.9656081199646,1.96354973316193,1.11507630348206,2.02890014648438,2.89663529396057
E000V00181,-70.52,-34.781,2.00003480911255,1.96869492530823,1.99129772186279,1.96446049213409,1.96388852596283,1.98161387443542,2.02322769165039,2.02234864234924
E000V00086,-72.026,-34.855,1.99843168258667,1.94349706172943,1.96402823925018,1.90631020069122,1.86562216281891,1.23545789718628,2.03326463699341,2.02379179000854
E000V00084,-71.125,-34.96,1.99928462505341,1.75198113918304,1.94722259044647,1.7001678943634,1.6853141784668,1.81132233142853,2.0710928440094,2.21444630622864
E000V00083,-71.832,-34.968,2.00046133995056,1.93864119052887,1.96044063568115,1.87464809417725,1.7908923625946,1.29378938674927,2.03138184547424,2.03023815155029
E000340031,-71.217,-34.969,1.99852311611176,1.95959305763245,1.98402738571167,1.9448469877243,1.93810188770294,1.9449188709259,2.01872324943542,2.78465485572815
E000V00085,-70.811,-35,2.00100493431091,1.19107401371002,1.97407448291779,1.16715884208679,1.16193509101868,1.92688179016113,2.03693556785583,2.05192518234253
E000V00076,-71.956,-35.128,2.02423810958862,1.93092775344849,1.92309021949768,1.73241829872131,1.27504873275757,1.67118430137634,2.03452944755554,2.00817060470581
E000V00182,-70.83,-35.398,2.01688766479492,1.38844299316406,1.84321808815002,1.1923269033432,1.16526770591736,1.29178750514984,2.04615306854248,2.03155970573425
E000V00079,-71.467,-35.419,2.01317763328552,1.95153868198395,1.93322193622589,1.15348815917969,1.08517622947693,1.18276131153107,2.01968955993652,2.00717616081238
E000V00078,-71.7,-35.533,2.01156497001648,1.97175657749176,1.96081221103668,1.11499845981598,1.05838429927826,1.13088309764862,2.01256847381592,1.99989759922028
E000V00074,-71.454,-35.663,2.02112793922424,1.9468297958374,1.89893412590027,1.30961310863495,1.03948485851288,1.36517918109894,2.01903104782104,1.98509395122528
E000V00077,-72.082,-35.672,2.05176544189453,1.94281673431396,1.89083957672119,1.18714725971222,1.09241235256195,1.2695060968399,2.02784895896912,1.97296941280365
E000V00080,-71.062,-35.699,2.01512503623962,1.92554306983948,1.20456302165985,1.07829761505127,1.05104088783264,1.13531875610352,2.01957654953003,1.99902856349945
E000V00081,-72.511,-35.707,2.02089715003967,1.99056315422058,1.97847723960876,1.94118547439575,1.92879033088684,1.95982301235199,2.00991439819336,1.99281656742096
E000V00075,-71.631,-35.753,2.03747630119324,1.9351007938385,1.88405346870422,1.52294659614563,1.0615439414978,1.60049164295197,2.02606415748596,1.97495090961456
E000V00082,-72.587,-35.836,2.02089715003967,1.99056315422058,1.97847723960876,1.94118547439575,1.92879033088684,1.95982301235199,2.00991439819336,1.99281656742096
E000V00183,-71.05,-36.06,2.01992774009705,1.94573056697845,1.14561152458191,1.04735839366913,1.01641511917114,1.11946678161621,2.01738953590393,1.98424363136292
E000V00087,-72.783,-36.133,2.57543230056763,1.99313485622406,1.88710451126099,1.68545019626617,1.44309902191162,1.67345285415649,2.41871643066406,1.94252669811249
E000V00073,-71.548,-36.257,2.01828646659851,1.13374137878418,1.07792806625366,0.997294306755066,0.129834532737732,1.0791494846344,2.02323079109192,1.13816785812378
E000V00091,-71.9,-36.292,2.09803676605225,1.93902409076691,1.81472110748291,1.04813539981842,0.969037711620331,1.23956692218781,2.03541541099548,1.92958009243011
E000V00090,-72.64,-36.43,2.17781186103821,2.03254175186157,1.95449090003967,1.81910467147827,1.04515469074249,1.19490242004395,2.05134606361389,1.97440540790558
E000V00088,-72.699,-36.492,2.17781186103821,2.03254175186157,1.95449090003967,1.81910467147827,1.04515469074249,1.19490242004395,2.05134606361389,1.97440540790558
E000V00092,-71.549,-36.56,2.04903793334961,1.90984320640564,1.12298452854156,0.319691836833954,0.229551792144775,1.8031131029129,2.6846776008606,1.90753281116486
E000360011,-72.037,-36.586,2.10895204544067,1.96066749095917,1.80546939373016,0.972544074058533,0.923767507076263,1.21788156032562,2.03115701675415,1.93515515327454
E000V00089,-72.603,-36.625,2.6603536605835,2.09991931915283,1.70215106010437,1.09876871109009,1.03186464309692,1.7175178527832,2.12905049324036,1.86967694759369
E000V00099,-72.965,-36.672,2.98423790931702,2.00246071815491,1.98468923568726,1.00746023654938,1.00070154666901,1.98365414142609,2.00331282615662,1.98851048946381
E000V00096,-72.704,-36.697,2.85618138313293,2.55534243583679,1.89437067508698,1.6059992313385,1.53921163082123,1.86276626586914,2.56539726257324,1.93420255184174
E000V00098,-72.983,-36.733,2.98423790931702,2.00246071815491,1.98468923568726,1.00746023654938,1.00070154666901,1.98365414142609,2.00331282615662,1.98851048946381
E000360019,-73.066,-36.781,2.98423790931702,2.00246071815491,1.98468923568726,1.00746023654938,1.00070154666901,1.98365414142609,2.00331282615662,1.98851048946381
E000V00184,-71.5,-36.88,2.1482355594635,1.95108735561371,1.11333549022675,0.80569052696228,0.692306220531464,1.40019381046295,2.02868890762329,1.90758085250854
E000V00093,-72.099,-36.977,2.3996274471283,1.97569608688354,1.12957286834717,0.24099238216877,0.243486285209656,1.85318970680237,1.99974155426025,1.90812289714813
E000V00095,-73.14,-37.005,2.72928380966187,1.96212446689606,1.47411978244781,0.976306200027466,0.831164479255676,1.53899240493774,1.84467589855194,1.49661660194397
E000V00106,-72.403,-37.035,2.77814507484436,2.00394344329834,1.26872587203979,0.435893595218658,0.871241271495819,1.78040957450867,1.99662804603577,1.81960606575012
E000V00097,-73.155,-37.092,2.72928380966187,1.96212446689606,1.47411978244781,0.976306200027466,0.831164479255676,1.53899240493774,1.84467589855194,1.49661660194397
E000V00105,-71.245,-37.111,2.10119652748108,1.9499808549881,1.0985199213028,0.890641152858734,0.291517794132233,1.80180788040161,2.02161455154419,1.92271900177002
E000V00094,-72.012,-37.141,2.87320780754089,1.98511874675751,1.05069875717163,0.113529682159424,0.115709289908409,1.91246736049652,1.98894143104553,1.9200793504715
E000V00108,-72.946,-37.167,2.855144739151,1.97869658470154,1.13641142845154,0.935925781726837,0.784545183181763,1.18920969963074,1.91418159008026,1.14312410354614
E000V00107,-72.328,-37.213,2.77552390098572,1.98016107082367,1.5668762922287,0.246572688221931,0.700289666652679,1.74901843070984,1.92598903179169,1.75469124317169
E000V00111,-71.949,-37.293,2.87320780754089,1.98511874675751,1.05069875717163,0.113529682159424,0.115709289908409,1.91246736049652,1.98894143104553,1.9200793504715
E000V00100,-73.437,-37.305,2.9019672870636,1.97602534294128,1.07363140583038,0.971266329288483,0.85775887966156,1.11063528060913,1.18411493301392,1.01298248767853
E000V00185,-71.566,-37.323,2.15994548797607,1.96271729469299,1.06338608264923,0.277067929506302,0.193444460630417,1.86426258087158,2.00248956680298,1.90493273735046
E000370033,-72.424,-37.397,2.43526673316956,1.96014738082886,1.11621654033661,0.669730842113495,0.27421823143959,0.934841632843018,1.58743822574615,0.892272353172302
E000V00186,-72.83,-37.418,2.77772974967957,1.96248292922974,1.09410607814789,0.776890695095062,0.25242280960083,1.17714166641235,1.89105594158173,1.11888861656189
E000V00103,-73.33,-37.485,2.8881630897522,1.974445104599,1.05101633071899,0.935331165790558,0.185128793120384,1.10103237628937,1.19822299480438,0.360257774591446
E000V00110,-71.875,-37.536,2.69742178916931,1.95555818080902,1.00990676879883,0.222777381539345,0.186508491635323,1.8069064617157,1.98252022266388,1.78228759765625
E000V00104,-73.462,-37.627,2.78099203109741,1.93939638137817,1.05602395534515,0.867129385471344,0.212382331490517,1.166175365448,1.27113616466522,0.476479828357697
E000V00109,-72.007,-37.685,2.89732956886292,1.97564578056335,0.291750222444534,0.0977504402399063,0.0782738775014877,1.18923270702362,1.98063254356384,1.14610004425049
E000V00116,-72.605,-37.726,2.76744842529297,1.94919717311859,1.03723251819611,0.253531694412231,0.170819267630577,1.21276044845581,1.90797388553619,1.11941492557526
E000V00101,-73.412,-37.892,2.44870328903198,1.83624339103699,1.06067073345184,0.622871875762939,0.36187282204628,1.37027156352997,1.57974827289581,0.967332065105438
E000V00102,-73.097,-37.95,2.17518663406372,1.92382776737213,0.887616157531738,0.197463184595108,0.12901559472084,1.15889108181,1.39532351493835,0.562106549739838
E000V00112,-71.435,-38.057,2.89365816116333,1.95890283584595,0.317588418722153,0.12059835344553,0.0922007411718369,1.92622423171997,1.98631954193115,1.12772822380066
E000V00114,-72.298,-38.146,2.95343279838562,1.98832762241364,1.0000993013382,0.0258298069238663,0.0153745412826538,1.96248960494995,1.98939061164856,1.0194091796875
E000V00117,-72.273,-38.228,2.95343279838562,1.98832762241364,1.0000993013382,0.0258298069238663,0.0153745412826538,1.96248960494995,1.98939061164856,1.0194091796875
E000V00113,-71.233,-38.25,3.97912955284119,1.99773848056793,0.997237205505371,0.0060710720717907,0.00410131085664034,1.99746263027191,1.99941802024841,1.00505220890045
E000V00188,-72.956,-38.207,2.05994415283203,1.92110788822174,0.18787482380867,0.0758180096745491,0.0520960465073586,1.08199870586395,1.8983051776886,1.01135003566742
E000V00187,-71.75,-38.414,2.19929766654968,1.93665277957916,0.991665482521057,0.11839247494936,0.0723399668931961,1.92943799495697,1.97210955619812,1.11020660400391
E000V00121,-72.399,-38.435,2.22378873825073,1.85271108150482,1.01012206077576,0.25218254327774,0.0971797704696655,1.28364717960358,1.76509249210358,1.09175705909729
E000V00129,-72.85,-38.446,2.13869762420654,1.39087843894958,0.492352873086929,0.185016095638275,0.104671061038971,1.24266374111176,1.38299322128296,1.08198893070221
E000V00126,-72.224,-38.675,2.67492389678955,1.87446093559265,1.01544404029846,0.743552267551422,0.0548048242926598,1.76522696018219,1.81480622291565,1.65067827701569
E000V00115,-71.141,-38.732,3.50587272644043,1.91535592079163,1.00174379348755,0.781143009662628,0.0969827398657799,1.94888925552368,1.98060631752014,1.12731826305389
E000380013,-72.46,-38.768,2.04619216918945,1.94655549526215,1.81790208816528,0.891049146652222,0.0246278196573257,0.276758998632431,0.300632804632187,0.220130786299706
E000V00120,-71.683,-38.834,2.74952673912048,1.8878002166748,0.980588734149933,0.152767404913902,0.0881299525499344,1.92150318622589,1.96079111099243,1.16463923454285
E000V00128,-72.787,-39.022,2.01744508743286,1.11635720729828,0.198035359382629,0.0413949452340603,0.025188909843564,1.96240985393524,1.96998059749603,1.03116118907928
E000V00127,-72.252,-39.007,2.00136852264404,1.00451636314392,0.00602686684578657,0.00184774491935968,0.000753022672142833,1.99846827983856,1.99875640869141,1.99657809734344
E000V00122,-72.922,-39.071,2.05251789093018,1.22586369514465,0.900536775588989,0.13702180981636,0.1054762378335,1.90620315074921,1.9310051202774,1.11648571491241
E000V00118,-72.615,-39.103,2.10808992385864,1.68463838100433,0.942612111568451,0.252500504255295,0.0977069661021233,1.70871806144714,1.74489676952362,1.20315456390381
E000V00124,-73.133,-39.165,2.09148025512695,1.53448843955994,1.15748512744904,0.443630546331406,0.405448913574219,1.88092255592346,1.89442551136017,1.44394302368164
E000V00125,-72.261,-39.196,2.04087281227112,1.88514757156372,0.948696851730347,0.0514525100588799,0.0345501638948917,1.97246503829956,1.97698271274567,1.87154614925385
E000V00119,-71.868,-39.262,2.57303404808044,1.66265857219696,0.788303077220917,0.111747741699219,0.0809847787022591,1.96059572696686,1.97111093997955,1.61464631557465
E000V00123,-71.926,-39.289,2.25794148445129,1.36633563041687,0.449826955795288,0.0703327283263206,0.0489748418331146,1.96919322013855,1.97571468353271,1.35256505012512
E000V00189,-72.55,-39.373,2.06457495689392,1.76082789897919,0.953488886356354,0.141877576708794,0.100413478910923,1.92091047763824,1.93193793296814,1.26840937137604
E000V00190,-73.177,-39.39,2.04885339736938,1.66336381435394,1.44547939300537,0.62908411026001,0.614658415317535,1.95622265338898,1.93319034576416,1.6706395149231
E000V00131,-72.95,-39.632,2.01254081726074,1.79055440425873,1.71075105667114,0.780827224254608,0.779910266399384,1.99897766113281,1.97363436222076,1.84437215328217
E000390006,-73.087,-39.657,2.01254081726074,1.79055440425873,1.71075105667114,0.780827224254608,0.779910266399384,1.99897766113281,1.97363436222076,1.84437215328217
E000V00130,-72.501,-39.863,2.02140736579895,1.20149517059326,1.04020571708679,0.153025954961777,0.147541433572769,1.99633491039276,1.96809029579163,1.78787338733673
E000V00191,-71.91,-39.88,1.97969269752502,0.630431830883026,0.543146431446075,0.151829451322556,0.154209300875664,2.05798387527466,1.96716010570526,1.35397338867188
E000V00132,-72.927,-40.096,2.00311017036438,1.23034155368805,1.17403733730316,0.250427901744843,0.259136945009232,2.02644896507263,1.96349811553955,1.42206692695618
E000V00134,-72.415,-40.134,1.94741725921631,1.08576703071594,1.07321977615356,0.183790057897568,0.209950149059296,2.09299635887146,1.95767319202423,1.8222690820694
E000V00193,-73.647,-40.168,2.00340342521667,1.45244753360748,1.41930639743805,0.664737164974213,0.710757672786713,2.19275045394897,1.90447509288788,1.73416447639465
E000V00133,-73.024,-40.317,1.99727427959442,1.07121431827545,1.06298470497131,0.0863583087921143,0.0934513807296753,2.02136301994324,1.97890341281891,1.88822090625763
E000V00135,-72.979,-40.323,1.99727427959442,1.07121431827545,1.06298470497131,0.0863583087921143,0.0934513807296753,2.02136301994324,1.97890341281891,1.88822090625763
E000V00139,-73.308,-40.348,1.9967052936554,1.62625432014465,1.60626578330994,0.672272026538849,0.689996778964996,2.06407403945923,1.9480836391449,1.85691738128662
E000V00192,-72,-40.52,1.01262879371643,0.0154669545590878,1.0006263256073,0.00502636423334479,0.00627864012494683,2.98834037780762,1.9989527463913,1.9953852891922
E000400009,-73.058,-40.614,1.98463547229767,1.48498773574829,1.48487377166748,0.546650290489197,0.586270332336426,2.13188815116882,1.66242849826813,1.59945333003998
E000V00194,-72.116,-40.623,1.01262879371643,0.0154669545590878,1.0006263256073,0.00502636423334479,0.00627864012494683,2.98834037780762,1.9989527463913,1.9953852891922
E000V00136,-73.152,-40.765,1.98924875259399,1.79097294807434,1.80942618846893,0.887429237365723,0.93451339006424,2.74304699897766,1.90510606765747,1.87711775302887
E000V00138,-73.157,-40.861,1.98924875259399,1.79097294807434,1.80942618846893,0.887429237365723,0.93451339006424,2.74304699897766,1.90510606765747,1.87711775302887
E000V00195,-73.815,-40.873,2.00177121162415,1.18049550056458,1.74653887748718,0.902226090431213,0.943841993808746,2.73512387275696,1.95359098911285,1.90349304676056
E000V00137,-72.886,-40.957,1.96448683738708,1.2074168920517,1.30923342704773,0.433384656906128,0.9518963098526,2.39265608787537,1.92488920688629,1.89358830451965
E000V00142,-73.377,-41.115,2.00219988822937,1.25292503833771,1.36546719074249,0.896192133426666,0.980436444282532,2.71688556671143,1.92904329299927,1.88355219364166
E000V00197,-72.339,-41.142,1.25667476654053,0.351789146661758,0.959401249885559,0.163097470998764,0.792981445789337,2.7813732624054,1.96306383609772,1.91495478153229
E000V00143,-73.009,-41.259,1.99883854389191,0.0171847809106112,1.00563371181488,0.0115832760930061,1.00191903114319,2.99207425117493,1.99614465236664,1.99548828601837
E000V00196,-73.809,-41.359,2.57429528236389,1.68658924102783,1.7624214887619,1.53645038604736,1.58958327770233,2.82990598678589,1.96055805683136,1.92985129356384
E000410005,-73.096,-41.448,1.93420994281769,1.51619076728821,1.65974462032318,1.38157832622528,1.56513202190399,2.25579810142517,1.37125384807587,1.34624946117401
E000V00198,-72.275,-41.579,1.10527443885803,0.151102691888809,0.204734891653061,0.0764048844575882,0.146907478570938,2.90646886825562,1.98251187801361,1.96205341815948
E000V00144,-73.672,-41.71,1.87124824523926,1.19477319717407,1.31193161010742,0.941083669662476,1.14899230003357,2.60079669952393,1.91163682937622,1.84466373920441
E000V00140,-72.435,-41.938,1.3962082862854,0.692270517349243,0.944068014621735,0.412364393472672,0.797003746032715,2.56809306144714,1.90656065940857,1.81805241107941
E000V00141,-71.865,-42.075,1.4994443655014,0.872600615024567,0.944381654262543,0.4429811835289,0.672651469707489,2.37444591522217,1.89102673530579,1.72875201702118
E000V00151,-72.417,-42.1,1.3962082862854,0.692270517349243,0.944068014621735,0.412364393472672,0.797003746032715,2.56809306144714,1.90656065940857,1.81805241107941
E000V00149,-73.49,-42.157,1.09859395027161,0.985506594181061,1.01213395595551,0.948347270488739,1.01643490791321,2.93619608879089,1.98639845848083,1.97403347492218
E000V00199,-74.078,-42.285,1.9178364276886,0.174156203866005,1.01267778873444,0.143038511276245,1.02506577968597,2.13134002685547,1.99000239372253,1.97848331928253
E000V00201,-72.663,-42.355,1.12285029888153,0.283810138702393,0.98377001285553,0.18613775074482,0.96576714515686,2.81822896003723,1.96447896957397,1.93083989620209
E000V00147,-73.568,-42.404,1.16014540195465,0.961562693119049,0.998380541801453,0.914247751235962,1.06770884990692,2.94891715049744,1.98306143283844,1.96458947658539
E000V00148,-73.633,-42.583,1.49522542953491,0.905005276203156,1.0029810667038,0.84551590681076,1.31551766395569,3.09611487388611,1.97819638252258,1.95288467407227
E000V00146,-73.789,-42.704,1.93528831005096,0.982618868350983,0.994553208351135,0.973144173622131,1.91510999202728,3.8723475933075,1.99553561210632,1.98979818820953
E000V00145,-72.717,-42.883,0.251472383737564,0.157700195908546,0.18499319255352,0.102906547486782,0.971944570541382,2.09981799125671,1.97704803943634,1.94824063777924
E000430002,-71.852,-43.189,0.970601201057434,0.919574797153473,0.92160177230835,0.0705747306346893,0.124748915433884,2.04565095901489,1.18255209922791,0.358277469873428
E000V00200,-74.295,-43.208,0.0703311488032341,0.0434631183743477,0.0471680499613285,0.985972166061401,1.95864534378052,2.97960209846497,1.99689853191376,1.99210619926453
E000V00202,-72.85,-43.364,0.287615716457367,0.192813992500305,0.212523564696312,0.126820400357246,0.956010758876801,2.1171019077301,1.97096192836761,1.9324072599411
E000V00150,-72.126,-43.474,0.215145647525787,0.163995951414108,0.169412955641747,0.0821353942155838,0.221647351980209,2.1050705909729,1.94605112075806,1.88414800167084
E000430004,-71.801,-43.612,0.804631531238556,0.671323239803314,0.671078026294708,0.219258025288582,0.398216009140015,2.1537549495697,1.63573932647705,1.25069069862366
E000V00153,-73.74,-43.89,1.0666332244873,0.771262764930725,0.846742331981659,0.708276093006134,1.16858613491058,2.51739406585693,1.98246598243713,1.87322533130646
E000V00152,-72.387,-43.917,0.20471353828907,0.161307156085968,0.170266672968864,0.119564458727837,0.973018407821655,2.83941888809204,1.98453176021576,1.95071542263031
E000V00154,-71.847,-44.24,0.950622379779816,0.814741969108582,0.76958292722702,0.535290122032166,0.880173087120056,2.33859777450562,1.86275815963745,1.68165445327759
E000V00203,-73.097,-44.729,0.119569092988968,0.110115975141525,1.0018824338913,0.988751947879791,1.91783499717712,3.82669830322266,2.88596534729004,2.87120175361633
E000450001,-72.677,-45.399,1.83270978927612,1.86778295040131,1.83727252483368,1.83264064788818,1.88033103942871,2.064293384552,1.96996128559113,1.92894899845123
E000450004,-72.102,-45.591,1.02748918533325,1.87530541419983,1.03207159042358,1.01579356193542,1.06133902072906,2.08250904083252,1.1969792842865,0.392790555953979
E000450005,-71.678,-45.918,0.960177838802338,1.86624109745026,1.03145825862885,1.02214419841766,1.09561038017273,2.81094789505005,1.95609033107758,1.91673529148102
E000V00157,-71.941,-46.278,0.0962909758090973,1.04935455322266,1.02068471908569,1.01745235919952,1.93637371063232,2.02318429946899,1.98476576805115,1.97325491905212
E000V00205,-74.778,-46.355,0.0624563358724117,0.0568841136991978,0.995464205741882,1.93840610980988,1.95412683486938,2.01197695732117,1.98749101161957,1.97985243797302
E000V00204,-73.336,-46.569,0.103811912238598,1.01466608047485,0.101503424346447,1.9032154083252,1.93640983104706,2.92184114456177,1.96999299526215,1.95817732810974
E000460001,-71.685,-46.585,1.71223270893097,1.84802079200745,1.80885827541351,1.79905652999878,1.11963701248169,2.03375935554504,1.97410035133362,1.95864713191986
E000470001,-72.583,-47.244,1.93995654582977,1.94867467880249,1.93895971775055,0.997484147548676,1.95821249485016,2.00870656967163,1.03625416755676,1.0302848815918
E000V00156,-73.536,-47.8,0.0229357685893774,0.0239629410207272,0.0210418403148651,0.0207317862659693,1.0066202878952,2.00267219543457,1.01278710365295,1.01024770736694
E000V00155,-72.56,-48.471,0.0222584363073111,0.0217332318425179,0.0195978693664074,0.0157655999064445,1.00254452228546,1.99935245513916,1.00991606712341,1.00682389736176
E000V00206,-73.941,-48.958,0.0177477654069662,0.0160781219601631,0.0147020611912012,0.0123805664479733,0.999517917633057,1.99785697460175,1.00829946994781,1.00498974323273
E000V00207,-73.57,-51.07,0.0235118754208088,0.0205740910023451,0.0183518789708614,0.0121919447556138,0.0195231791585684,1.01601684093475,0.0605193749070168,0.0256611816585064
E000V00158,-72.967,-51.184,0.0141111351549625,0.0125358570367098,0.0111009627580643,0.00659594498574734,0.0107017131522298,1.00791907310486,0.989467263221741,0.0135628525167704
E000V00159,-71.164,-52.309,0.983091115951538,0.981899619102478,0.974095344543457,0.00970564130693674,0.0647017136216164,0.99444180727005,0.986785531044006,0.0189417656511068
E000V00161,-70.361,-52.432,0.0837327092885971,0.0925050303339958,0.0599124245345592,0.0138692380860448,0.0266479551792145,0.08681371062994,0.0644261762499809,0.0267563723027706
E000V00160,-71.505,-52.601,0.986700296401978,0.985297381877899,0.978313326835632,0.00873535592108965,0.91436231136322,0.998654127120972,0.991960227489471,0.0170434769243002
E000V00162,-69.27,-52.8,0.00984218716621399,0.997651934623718,0.993485450744629,0.00238388078287244,0.003405048744753,0.998495638370514,0.00736533431336284,0.00456135580316186
E000520006,-70.839,-53.002,0.735565483570099,0.742851376533508,0.372263431549072,0.0706988275051117,0.200725480914116,0.565482020378113,0.487827390432358,0.136433616280556
E000530005,-70.326,-53.254,0.985788941383362,0.988472580909729,0.0168228019028902,0.00450535118579865,0.00824610609561205,0.0282804574817419,0.020130317658186,0.00865046586841345
E000V00208,-71.38,-53.8,0.0546247996389866,0.0521082244813442,0.0380523130297661,0.0122048147022724,0.0269123036414385,0.998868703842163,0.990008115768433,0.0235096998512745
E000V00163,-68.804,-54.051,0.999525010585785,0.99879777431488,0.00929929409176111,0.00370322843082249,0.00488179130479693,1.0011203289032,0.0124027626588941,0.00702670682221651
E000550001,-67.616,-54.932,1.97520589828491,1.00004351139069,0.0173876900225878,0.0100955460220575,0.0122879482805729,1.00759518146515,0.99732780456543,0.0189726613461971
