Estacion,Lat,Lon,meses:1,3,6,9,12,24,36,48
E000V00003,-69.478,-17.595,0.0389365591108799,0.0862142220139503,0.0477432906627655,0.102780692279339,0.241501808166504,0.220600545406342,0.294109404087067,0.240238815546036
E000V00002,-69.554,-18.197,0.0015472776722163,0.00376554997637868,0.00176969531457871,0.0027350876480341,0.00642056111246347,0.0058740796521306,0.00787450466305017,0.00641475804150105
E000180005,-70.34,-18.356,0.0491435937583447,0.108968786895275,0.0557365044951439,0.081394836306572,0.191041141748428,0.174817085266113,0.234213337302208,0.190897241234779
E000V00001,-69.857,-19.011,0.00664307828992605,0.0182458031922579,0.00706782098859549,0.00556031940504909,0.0130350468680263,0.0119520938023925,0.0161276310682297,0.0130908722057939
E000V00006,-68.638,-19.276,0.00491861486807466,0.0152326067909598,0.00542266014963388,0.00664878636598587,0.0155880432575941,0.0142919654026628,0.0193316880613565,0.0156658366322517
E000V00005,-69.427,-19.313,0.0065274965018034,0.0211823880672455,0.00687454175204039,0.00463345786556602,0.0108578447252512,0.00996274221688509,0.0134802209213376,0.0109229264780879
E000V00007,-69.767,-19.996,0.00156017497647554,0.997665882110596,0.00157310371287167,0.000186548422789201,0.000436295376857743,0.000401706376578659,0.000548505282495171,0.00044183008139953
E000V00004,-70.117,-20.25,0.834301352500916,0.932884037494659,0.834790170192719,0.00727586029097438,0.0170019995421171,0.0156791135668755,0.0214786492288113,0.0172640029340982
E000V00008,-69.342,-20.501,0.0103038977831602,0.0305587407201529,0.0106457620859146,0.00517519423738122,0.0120901335030794,0.011155336163938,0.0153586464002728,0.0122953811660409
E000200006,-70.181,-20.549,0.6508429646492,0.76733922958374,0.653078317642212,0.0343747064471245,0.0802525505423546,0.0741381570696831,0.101892471313477,0.0817201808094978
E000V00011,-68.255,-21.224,0.000208415265660733,0.99703848361969,0.000239102126215585,0.000492034654598683,0.00114832655526698,0.00106099247932434,0.00147742405533791,0.0011726786615327
E000V00013,-70.2,-22.091,0.0603892654180527,0.119848132133484,0.0665374174714088,0.119917668402195,0.278078138828278,0.261450678110123,0.374001294374466,0.290114462375641
E000V00014,-69.666,-22.35,0.0051735183224082,0.0121482107788324,0.0058190724812448,0.0130790546536446,0.0302998777478933,0.0285837240517139,0.0416727811098099,0.0317523144185543
E000220002,-68.892,-22.498,0.00265724398195744,0.00842228159308434,0.00309650436975062,0.00902169104665518,0.0209002587944269,0.0196805093437433,0.0290817301720381,0.0218862723559141
E000V00009,-69.32,-22.892,0.00331880757585168,0.00756564317271113,0.00390125717967749,0.013716509565711,0.0316512286663055,0.0302687156945467,0.0473621375858784,0.0337253920733929
E000V00012,-68.213,-22.932,0.00111910176929086,0.00316931842826307,0.00136564660351723,0.00528033263981342,0.012226914986968,0.011475533246994,0.0170778352767229,0.012789536267519
E000230001,-70.445,-23.454,0.0397284924983978,0.0595188736915588,0.046049989759922,0.190276637673378,0.436096161603928,0.437815397977829,0.700586915016174,0.487398624420166
E000V00166,-67.44,-23.6,0.00210381369106472,0.0044126701541245,0.00266589387319982,0.01217230129987,0.0282078832387924,0.0262575838714838,0.0383565425872803,0.0293218027800322
E000V00165,-68.57,-23.94,0.00155620148871094,0.00253849499858916,0.00186328205745667,0.00894283037632704,0.0205382909625769,0.0197140797972679,0.0329808741807938,0.0220770463347435
E000V00164,-69.69,-24.51,0.000807566684670746,0.000962278805673122,0.000902744708582759,0.00469125155359507,0.0106455013155937,0.0121220434084535,0.986706435680389,0.0134197268635035
E000V00167,-69.3,-25,0.000565431430004537,0.000592500495258719,0.000617939222138375,0.00347495963796973,0.0078533198684454,0.008444894105196,0.0214586388319731,0.00943129789084196
E000V00010,-70.484,-25.411,0.00217214832082391,0.00177129218354821,0.00214675301685929,0.0129303494468331,0.0287507828325033,0.958846628665924,0.977488577365875,0.962672472000122
E000V00168,-69.27,-25.7,0.000765400705859065,0.000633485789876431,0.000773582607507706,0.00477021606639028,0.0106477802619338,0.0111924093216658,0.982414960861206,0.0126120671629906
E000V00169,-68.99,-26.25,3.01980726362672e-05,2.22362195927417e-05,2.92530949081993e-05,0.000189372425666079,0.000419984571635723,0.000408025516662747,0.000836532330140471,0.000465919234557077
E000V00016,-70.611,-26.332,0.00555317755788565,0.00370330247096717,0.00487739779055119,0.0316404439508915,0.0689713880419731,0.0827583894133568,0.117467038333416,0.0926149860024452
E000V00017,-70.046,-26.391,0.0045622643083334,0.00293968804180622,0.00392614956945181,0.0260476004332304,0.0565680824220181,0.0585308745503426,0.0898916199803352,0.0667686089873314
E000V00170,-69.33,-27.07,0.00416142586618662,0.00252739177085459,0.00352564593777061,0.024387001991272,0.0528417751193047,0.0493883676826954,0.0742484405636787,0.0572664141654968
E000270008,-70.781,-27.254,0.000584816792979836,0.000310564151732251,0.00041322608012706,0.00284217344596982,0.00593353854492307,0.00551361450925469,0.00781871471554041,0.00646618800237775
E000270009,-70.353,-27.359,0.00964998174458742,0.00521482480689883,0.00701592909172177,0.0487983860075474,0.102471590042114,0.0954542756080627,0.136856570839882,0.111796297132969
E000V00171,-69.81,-27.98,0.00294392392970622,0.00143653352279216,0.00191816152073443,0.0140833696350455,0.028796374797821,0.0259105246514082,0.0367728136479855,0.0308711249381304
E000V00019,-71.225,-28.463,0.00346511020325124,0.00153214193414897,0.00172928208485246,0.0107978908345103,0.0201693158596754,0.0175778567790985,0.0250056553632021,0.0215442590415478
E000V00018,-70.449,-28.768,0.00555762555450201,0.00236812676303089,0.00265318644233048,0.0177212338894606,0.0323010794818401,0.0281919743865728,0.0404335595667362,0.0350740626454353
E000V00015,-70,-28.976,0.00101417046971619,0.000424768484663218,0.00049376703100279,0.00373478094115853,0.00690298294648528,0.00607446720823646,0.00869450531899929,0.00754742557182908
E000V00021,-71.116,-29.372,0.116223029792309,0.0490200035274029,0.0488659515976906,0.218024253845215,0.342802882194519,0.279198586940765,0.412145733833313,0.366523206233978
E000290004,-71.207,-29.914,1.65146970748901,0.782865881919861,0.77655017375946,0.987237572669983,1.05583763122559,0.269405603408813,0.43736743927002,0.410681933164597
E000V00022,-70.721,-30.031,0.0311845019459724,0.00994611997157335,0.0090682627633214,0.996649146080017,1.01304090023041,1.00161480903625,1.97897207736969,1.97270774841309
E000V00020,-71.082,-30.234,0.913455903530121,0.0504009649157524,0.040224727243185,1.02032458782196,1.08404147624969,1.03391766548157,1.94225907325745,1.91594159603119
E000V00172,-71.72,-30.38,0.422152608633041,0.202437415719032,0.107643693685532,1.11522257328033,1.68919098377228,1.4917778968811,2.14748501777649,1.91225564479828
E000V00027,-70.937,-30.746,0.923756718635559,0.0515593290328979,0.00799703877419233,1.91258490085602,1.97168397903442,1.95276415348053,2.07303047180176,2.03666734695435
E000V00028,-71.256,-30.838,0.874417841434479,0.783978223800659,0.014609950594604,1.84816908836365,1.95447754859924,1.92075574398041,2.81686949729919,2.75692892074585
E000V00026,-70.999,-31.188,0.0339615195989609,0.0162983890622854,0.00671437801793218,1.89303719997406,2.00929236412048,1.97147417068481,2.92537140846252,2.03531670570374
E000V00024,-71.413,-31.39,0.0518968813121319,0.0287653766572475,0.0251123439520597,1.12168049812317,2.06641101837158,1.91614961624146,2.80426001548767,2.13101291656494
E000V00023,-71.152,-31.633,0.0332114547491074,0.0169627144932747,0.0302291959524155,1.46181666851044,2.43766164779663,1.90852403640747,2.68673300743103,2.51061248779297
E000V00025,-70.97,-31.783,0.00570379197597504,0.00276166293770075,0.00518012279644608,1.05282711982727,2.04815363883972,1.97975707054138,2.08576536178589,2.06187081336975
E000320019,-70.707,-32.076,0.0105632320046425,0.00507489126175642,0.0186150074005127,1.02058172225952,2.03086566925049,1.33425056934357,1.58817887306213,2.09883308410645
E000V00035,-70.926,-32.251,0.00612287875264883,0.00315294996835291,0.0263652801513672,1.02603888511658,2.04069781303406,1.94161283969879,2.85591721534729,2.18076276779175
E000V00174,-70.464,-32.343,0.00856825709342957,0.00428916793316603,0.0242325402796268,0.986184477806091,2.03601670265198,1.89085257053375,2.18380904197693,2.1209990978241
E000V00033,-70.819,-32.362,0.00855513755232096,0.00433195289224386,0.0298510603606701,1.01888120174408,2.04939460754395,1.80641329288483,2.52287936210632,2.4001739025116
E000V00034,-71.441,-32.505,0.0177073162049055,0.00984587147831917,0.158770516514778,1.12181007862091,2.18324017524719,1.77555692195892,2.63877582550049,2.40377593040466
E000V00175,-71.014,-32.54,0.00207182788290083,0.00112817191984504,0.0256702322512865,1.03059983253479,2.04071521759033,1.97920179367065,2.95219898223877,2.89007067680359
E000V00041,-70.725,-32.594,0.00525311240926385,0.0028327158652246,0.0374964512884617,1.05126416683197,2.09275245666504,1.94754302501678,2.82833242416382,2.33210325241089
E000V00176,-70.368,-32.618,0.0113340197131038,0.00604966003447771,0.0415122359991074,0.683182954788208,2.05910038948059,1.91803157329559,2.32220387458801,2.1366400718689
E000V00040,-70.809,-32.757,0.00274446234107018,0.00159464031457901,0.0378377847373486,1.65022492408752,2.68129301071167,1.97231876850128,2.91409754753113,2.74048066139221
E000V00031,-71.526,-32.789,0.00802920665591955,0.00474237464368343,0.157686471939087,1.13299643993378,2.1787850856781,1.60248363018036,2.52450609207153,2.37480926513672
E000V00037,-71.173,-32.79,0.00276747043244541,0.0016272283392027,0.640813231468201,1.6395970582962,2.65743780136108,1.93438696861267,2.90479636192322,2.83688449859619
E000320028,-71.227,-32.828,0.00276747043244541,0.0016272283392027,0.640813231468201,1.6395970582962,2.65743780136108,1.93438696861267,2.90479636192322,2.83688449859619
E000V00032,-70.382,-32.89,0.00612192926928401,0.00384521018713713,0.147414535284042,1.09345388412476,2.1972336769104,1.94086694717407,2.62765383720398,2.26196575164795
E000V00036,-71.207,-32.893,0.000171850857441314,0.000109500819235109,0.00855567678809166,1.00902593135834,2.01068711280823,1.99034476280212,2.98812437057495,2.98176002502441
E000V00030,-71.517,-32.917,0.00240250397473574,0.00152893178164959,0.0402756743133068,1.03187823295593,2.05226159095764,1.26113271713257,2.22700667381287,2.16473937034607
E000V00042,-71.261,-32.994,0.000171850857441314,0.000109500819235109,0.00855567678809166,1.00902593135834,2.01068711280823,1.99034476280212,2.98812437057495,2.98176002502441
E000330002,-71.648,-33.023,0.00886673200875521,0.00562278274446726,0.0651414021849632,1.01095759868622,2.07907795906067,1.54019701480865,2.41828870773315,2.23879337310791
E000330007,-71.556,-33.065,0.00240250397473574,0.00152893178164959,0.0402756743133068,1.03187823295593,2.05226159095764,1.26113271713257,2.22700667381287,2.16473937034607
E000V00029,-71.4,-33.083,0.00240250397473574,0.00152893178164959,0.0402756743133068,1.03187823295593,2.05226159095764,1.26113271713257,2.22700667381287,2.16473937034607
E000V00051,-70.834,-33.121,0.00497811986133456,0.00315044331364334,0.190278857946396,1.21235549449921,2.28101992607117,1.94359338283539,2.85059475898743,2.36497402191162
E000V00050,-70.66,-33.147,0.00293486728332937,0.00203843275085092,0.156160593032837,1.13384544849396,2.19350552558899,1.96560716629028,2.92240405082703,2.23331952095032
E000V00177,-71.46,-33.23,0.00159603997599334,0.00110494741238654,0.0141574824228883,1.00787854194641,2.02668738365173,1.89335381984711,2.83857131004333,2.7835373878479
E000V00178,-71.155,-33.287,0.00390322529710829,0.00272205448709428,0.0488627664744854,1.33363473415375,2.38746237754822,1.85487294197083,2.78857326507568,2.56687068939209
E000V00046,-70.502,-33.353,0.00354209868237376,0.00243282201699913,0.105256430804729,1.0564740896225,2.13424491882324,1.96103131771088,2.89438104629517,2.16879653930664
E000330021,-70.787,-33.378,0.000452561158454046,0.000345668231602758,0.00443921843543649,0.996709406375885,2.01640820503235,1.99505615234375,2.98939609527588,2.02167177200317
E000V00043,-70.733,-33.42,0.000452561158454046,0.000345668231602758,0.00443921843543649,0.996709406375885,2.01640820503235,1.99505615234375,2.98939609527588,2.02167177200317
E000V00055,-71.026,-33.439,0.00255199824459851,0.00196251552551985,0.0194470230489969,1.00083959102631,2.06799721717834,1.96720683574677,2.9358434677124,2.10447597503662
E000V00038,-71.624,-33.439,0.00411046063527465,0.00310635170899332,0.0220042541623116,0.980226337909698,2.0431957244873,1.83630645275116,2.30630874633789,2.13292598724365
E000330020,-70.683,-33.445,0.000452561158454046,0.000345668231602758,0.00443921843543649,0.996709406375885,2.01640820503235,1.99505615234375,2.98939609527588,2.02167177200317
E000330019,-70.549,-33.455,0.00150738947559148,0.00113291922025383,0.0134151643142104,0.978734493255615,2.03801727294922,1.98116314411163,2.95798659324646,2.05236196517944
E000V00044,-70.7,-33.467,0.000452561158454046,0.000345668231602758,0.00443921843543649,0.996709406375885,2.01640820503235,1.99505615234375,2.98939609527588,2.02167177200317
E000V00047,-70.766,-33.517,0.000452561158454046,0.000345668231602758,0.00443921843543649,0.996709406375885,2.01640820503235,1.99505615234375,2.98939609527588,2.02167177200317
E000V00039,-71.596,-33.543,0.00411046063527465,0.00310635170899332,0.0220042541623116,0.980226337909698,2.0431957244873,1.83630645275116,2.30630874633789,2.13292598724365
E000V00045,-70.548,-33.545,0.00150738947559148,0.00113291922025383,0.0134151643142104,0.978734493255615,2.03801727294922,1.98116314411163,2.95798659324646,2.05236196517944
E000V00058,-70.902,-33.608,0.00255199824459851,0.00196251552551985,0.0194470230489969,1.00083959102631,2.06799721717834,1.96720683574677,2.9358434677124,2.10447597503662
E000V00048,-70.567,-33.617,0.00150738947559148,0.00113291922025383,0.0134151643142104,0.978734493255615,2.03801727294922,1.98116314411163,2.95798659324646,2.05236196517944
E000330031,-78.833,-33.636,0.0495169907808304,0.039148110896349,0.139699205756187,0.740946590900421,1.90023350715637,1.74054038524628,2.21707916259766,1.81850957870483
E000330030,-71.613,-33.656,0.00716862315312028,0.0058887111954391,0.0260257013142109,0.905532002449036,2.0374002456665,1.69075489044189,2.50361967086792,2.12198972702026
E000V00049,-70.089,-33.676,0.00635281251743436,0.0048816348426044,0.0221540685743093,0.328580349683762,2.0375189781189,1.46023190021515,2.29172706604004,2.07897639274597
E000V00057,-71.101,-33.692,0.0055037084966898,0.00463678548112512,0.0224284548312426,0.873291015625,2.0887885093689,1.9477356672287,2.89549994468689,2.16004729270935
E000V00052,-70.707,-33.707,0.00272013619542122,0.00227191648446023,0.0119302785024047,0.919382333755493,2.5759117603302,1.97495126724243,2.94515442848206,2.61128902435303
E000V00053,-70.639,-33.862,0.00272013619542122,0.00227191648446023,0.0119302785024047,0.919382333755493,2.5759117603302,1.97495126724243,2.94515442848206,2.61128902435303
E000V00179,-70.22,-33.878,0.00769253633916378,0.00651772972196341,0.0222977194935083,0.374376982450485,2.05906581878662,1.87944555282593,2.37656569480896,2.12656283378601
E000V00056,-71.394,-33.941,0.009613037109375,0.00847911275923252,0.0259317494928837,0.828115582466125,2.02133846282959,1.8966178894043,2.81419563293457,2.13957953453064
E000V00068,-71.825,-33.959,0.00615064473822713,0.00524351187050343,0.0173372477293015,0.879020750522614,2.00910377502441,1.92312562465668,2.85981440544128,2.06028985977173
E000V00064,-70.717,-33.983,0.00222892011515796,0.00200736708939075,0.00584378372877836,0.185252577066422,2.04726219177246,1.98432636260986,2.96462488174438,2.11242508888245
E000V00054,-70.995,-34.029,0.00176268396899104,0.00160396378487349,0.00441984226927161,0.0967817753553391,2.01099538803101,1.98857390880585,2.97807908058167,2.04125189781189
E000V00059,-70.772,-34.169,0.00641456572338939,0.00610103271901608,0.011694498360157,0.841769993305206,2.01607489585876,1.96802115440369,2.9338173866272,2.76487183570862
E000V00180,-70.402,-34.203,0.0112431524321437,0.0103980675339699,0.0233804434537888,0.382858872413635,2.04064273834229,1.89900493621826,2.43842053413391,2.20539665222168
E000V00061,-70.997,-34.215,0.00360387121327221,0.00346662080846727,0.00620590057224035,0.107744351029396,2.0044960975647,1.98518931865692,2.97585558891296,2.0705931186676
E000V00062,-71.3,-34.217,0.0095319477841258,0.00909294746816158,0.0180342625826597,0.831460416316986,2.00775575637817,1.95617485046387,2.92931771278381,2.70805883407593
E000V00060,-70.948,-34.261,0.00360387121327221,0.00346662080846727,0.00620590057224035,0.107744351029396,2.0044960975647,1.98518931865692,2.97585558891296,2.0705931186676
E000V00066,-70.812,-34.279,0.00641456572338939,0.00610103271901608,0.011694498360157,0.841769993305206,2.01607489585876,1.96802115440369,2.9338173866272,2.76487183570862
E000V00065,-70.834,-34.322,0.00641456572338939,0.00610103271901608,0.011694498360157,0.841769993305206,2.01607489585876,1.96802115440369,2.9338173866272,2.76487183570862
E000V00067,-72.019,-34.394,0.00718066561967134,0.00635163718834519,0.0188967920839787,0.165978536009789,1.99092853069305,1.93947815895081,2.88864541053772,2.02907371520996
E000V00063,-70.21,-34.411,0.0107354745268822,0.00985133182257414,0.0220450107008219,0.211917668581009,2.01031827926636,1.35183882713318,2.21221375465393,2.07339000701904
E000V00071,-71.463,-34.485,0.00522063625976443,0.00500541040673852,0.0112270452082157,0.0702900364995003,1.99904227256775,1.97544765472412,2.9613094329834,2.02272582054138
E000V00069,-71.898,-34.645,0.00638357270509005,0.00573421595618129,0.0175449121743441,0.120588667690754,1.98377764225006,1.93974554538727,2.89248633384705,2.0174126625061
E000V00072,-71.4,-34.691,0.0198159869760275,0.0191992782056332,0.0572833828628063,0.169154897332191,1.98632514476776,1.90363562107086,2.84935522079468,2.03793549537659
E000V00070,-71.63,-34.714,0.0109713030979037,0.0102622928097844,0.0306465364992619,0.15389221906662,1.98266494274139,1.91801416873932,2.86335325241089,2.02900576591492
E000340044,-71.02,-34.721,0.867617070674896,0.867459237575531,0.880103647708893,1.77592289447784,1.99806725978851,0.250325292348862,2.07426834106445,2.01777911186218
E000V00181,-70.52,-34.781,0.00496598752215505,0.00478864647448063,0.00842862483114004,0.0488780848681927,1.99950480461121,1.97275614738464,2.04783296585083,2.01576495170593
E000V00086,-72.026,-34.855,0.00638357270509005,0.00573421595618129,0.0175449121743441,0.120588667690754,1.98377764225006,1.93974554538727,2.89248633384705,2.0174126625061
E000V00084,-71.125,-34.96,0.0691686719655991,0.068474642932415,0.183913663029671,0.272835463285446,1.97231340408325,1.75685679912567,2.30742383003235,2.04039645195007
E000V00083,-71.832,-34.968,0.00817964971065521,0.0076406067237258,0.0264444760978222,0.107930548489094,1.97195649147034,1.90710258483887,2.85512089729309,2.01395893096924
E000340031,-71.217,-34.969,0.012483648955822,0.0122777698561549,0.777774631977081,0.0637897625565529,1.99005472660065,1.94240653514862,2.83923983573914,2.01005339622498
E000V00085,-70.811,-35,0.0195912830531597,0.0192231982946396,0.0350291356444359,0.109011329710484,1.98922491073608,1.90981936454773,2.10056710243225,2.02199935913086
E000V00076,-71.956,-35.128,0.00789644848555326,0.007073063403368,0.0237627495080233,0.15726974606514,1.91410410404205,1.83439230918884,2.72194266319275,2.00462198257446
E000V00182,-70.83,-35.398,0.0149316005408764,0.0140168592333794,0.0384131669998169,0.164868324995041,1.87847602367401,1.27592897415161,2.16437339782715,2.01339983940125
E000V00079,-71.467,-35.419,0.0056091146543622,0.00519986310973763,0.0189902745187283,0.0775493606925011,1.81389021873474,1.16359865665436,2.11030912399292,1.99907517433167
E000V00078,-71.7,-35.533,0.00309103657491505,0.00280639063566923,0.00981227960437536,0.054997231811285,1.93424546718597,1.13661766052246,2.08751153945923,1.99817526340485
E000V00074,-71.454,-35.663,0.00435683969408274,0.00394390011206269,0.0134804900735617,0.0769340097904205,1.47820556163788,1.14525938034058,2.09004902839661,1.98518443107605
E000V00077,-72.082,-35.672,0.00502030039206147,0.00438141543418169,0.0152114117518067,0.15249827504158,1.39234817028046,1.77549290657043,2.17773461341858,1.98190343379974
E000V00080,-71.062,-35.699,0.00547300418838859,0.0050258575938642,0.015648290514946,0.0774741396307945,1.21006882190704,1.09562146663666,2.07828545570374,1.99612283706665
E000V00081,-72.511,-35.707,0.000919738551601768,0.000769156089518219,0.00277928030118346,0.944533288478851,1.98007607460022,1.97981512546539,2.94649314880371,1.99638330936432
E000V00075,-71.631,-35.753,0.00534298457205296,0.00475756172090769,0.0163934025913477,0.117169559001923,1.79514646530151,1.26520049571991,2.14118933677673,1.97923123836517
E000V00082,-72.587,-35.836,0.000919738551601768,0.000769156089518219,0.00277928030118346,0.944533288478851,1.98007607460022,1.97981512546539,2.94649314880371,1.99638330936432
E000V00183,-71.05,-36.06,0.00394840585067868,0.00353252165950835,0.0113109927624464,0.0704400986433029,1.16091465950012,0.391231447458267,2.06556963920593,1.98730874061584
E000V00087,-72.783,-36.133,0.00260654441080987,0.00211977586150169,0.0085951741784811,0.556948363780975,1.94807577133179,1.93877184391022,2.57700943946838,1.97213995456696
E000V00073,-71.548,-36.257,0.00130665162578225,0.00113155064173043,0.00400377996265888,0.0354619361460209,0.248910412192345,1.08072400093079,2.04705309867859,1.14310383796692
E000V00091,-71.9,-36.292,0.00352998147718608,0.00298883928917348,0.0111393323168159,0.142455413937569,1.29770255088806,1.29892778396606,2.13710594177246,1.95230269432068
E000V00090,-72.64,-36.43,0.000738101953174919,0.000596647791098803,0.00255489791743457,0.0927709862589836,1.98297512531281,1.98061656951904,2.12346529960632,1.98821449279785
E000V00088,-72.699,-36.492,0.000738101953174919,0.000596647791098803,0.00255489791743457,0.0927709862589836,1.98297512531281,1.98061656951904,2.12346529960632,1.98821449279785
E000V00092,-71.549,-36.56,0.0022565396502614,0.00191781762987375,0.00715595996007323,0.0760810971260071,1.77719509601593,1.83924329280853,2.72961735725403,1.9222160577774
E000360011,-72.037,-36.586,0.00246515916660428,0.00205790926702321,0.00809617061167955,0.123993739485741,1.26846551895142,1.27514231204987,2.11295700073242,1.96102654933929
E000V00089,-72.603,-36.625,0.00259860185906291,0.00210333964787424,0.00931737944483757,0.366497188806534,1.90947568416595,1.90433883666992,2.29350280761719,1.94150388240814
E000V00099,-72.965,-36.672,0.000176352012204006,0.000140505377203226,0.000655848067253828,0.0154238287359476,1.99570727348328,1.99521589279175,2.97468543052673,1.99523365497589
E000V00096,-72.704,-36.697,0.00111075898166746,0.000891575706191361,0.00405778782442212,0.648317158222198,1.97020709514618,1.96736681461334,2.73386788368225,1.97280550003052
E000V00098,-72.983,-36.733,0.000176352012204006,0.000140505377203226,0.000655848067253828,0.0154238287359476,1.99570727348328,1.99521589279175,2.97468543052673,1.99523365497589
E000360019,-73.066,-36.781,0.000176352012204006,0.000140505377203226,0.000655848067253828,0.0154238287359476,1.99570727348328,1.99521589279175,2.97468543052673,1.99523365497589
E000V00184,-71.5,-36.88,0.00298737687990069,0.00246108742430806,0.0104868579655886,0.1667420566082,1.45316886901855,1.91072797775269,2.09887981414795,1.95314657688141
E000V00093,-72.099,-36.977,0.00178056012373418,0.00144825119059533,0.0065004825592041,0.386396884918213,1.91548252105713,1.92371082305908,2.45435285568237,1.95673501491547
E000V00095,-73.14,-37.005,0.00411105109378695,0.00323807517997921,0.0164837408810854,0.31423008441925,1.80812287330627,1.80089259147644,2.3779182434082,1.75531709194183
E000V00106,-72.403,-37.035,0.00195453665219247,0.00156663206871599,0.00742682535201311,0.685632646083832,1.92041277885437,1.91789019107819,2.11945509910583,1.9223268032074
E000V00097,-73.155,-37.092,0.00411105109378695,0.00323807517997921,0.0164837408810854,0.31423008441925,1.80812287330627,1.80089259147644,2.3779182434082,1.75531709194183
E000V00105,-71.245,-37.111,0.00314306165091693,0.00260116765275598,0.0108338538557291,0.134177714586258,1.84636878967285,1.91932094097137,2.07909035682678,1.96000981330872
E000V00094,-72.012,-37.141,0.00097755971364677,0.000785110518336296,0.00379307265393436,0.84119313955307,1.96271157264709,1.96478259563446,2.04164147377014,1.9658670425415
E000V00108,-72.946,-37.167,0.00186402746476233,0.00146246911026537,0.00782330241054296,0.151459544897079,1.90254414081573,1.90430772304535,2.08867883682251,1.86164653301239
E000V00107,-72.328,-37.213,0.00146553700324148,0.00116936268750578,0.00580604327842593,0.732859253883362,1.89313149452209,1.89301407337189,2.00933647155762,1.88520646095276
E000V00111,-71.949,-37.293,0.00097755971364677,0.000785110518336296,0.00379307265393436,0.84119313955307,1.96271157264709,1.96478259563446,2.04164147377014,1.9658670425415
E000V00100,-73.437,-37.305,0.00165922218002379,0.00129441695753485,0.00717689748853445,0.791921496391296,1.20834803581238,1.20765888690948,2.05291295051575,1.15587484836578
E000V00185,-71.566,-37.323,0.0023040515370667,0.00187274802010506,0.00858136638998985,0.157135143876076,1.91671478748322,1.94564545154572,2.05504298210144,1.95708644390106
E000370033,-72.424,-37.397,0.00229984428733587,0.00180071720387787,0.00992363598197699,0.258094042539597,1.56774342060089,1.56965374946594,1.69043719768524,1.43616271018982
E000V00186,-72.83,-37.418,0.00217143818736076,0.0016915500164032,0.00955455750226974,0.190905824303627,1.88302886486053,1.89185607433319,2.0187976360321,1.7588187456131
E000V00103,-73.33,-37.485,0.00146386644337326,0.00113291153684258,0.00666008517146111,0.141674861311913,1.26199865341187,1.27359652519226,2.03654932975769,1.16232061386108
E000V00110,-71.875,-37.536,0.00253413827158511,0.00202110316604376,0.0102554792538285,0.278917282819748,1.93837010860443,1.94094288349152,2.04915881156921,1.92464983463287
E000V00104,-73.462,-37.627,0.00296902633272111,0.00226715207099915,0.0146217150613666,0.199902817606926,1.80991983413696,1.83795881271362,2.04805874824524,1.20814514160156
E000V00109,-72.007,-37.685,0.00116685719694942,0.000911352399270982,0.00515249976888299,0.127532139420509,1.9721896648407,1.97071433067322,2.01314401626587,1.94341361522675
E000V00116,-72.605,-37.726,0.00219385046511889,0.00169216422364116,0.0101239131763577,0.229482963681221,1.90621149539948,1.91150343418121,2.00084662437439,1.32731401920319
E000V00101,-73.412,-37.892,0.00672349752858281,0.00504954718053341,0.0354522727429867,0.427011638879776,1.7522304058075,1.8342467546463,2.08279728889465,1.41554713249207
E000V00102,-73.097,-37.95,0.00218442967161536,0.00164058327209204,0.0112197957932949,0.291210055351257,1.4366215467453,1.9423291683197,2.02374982833862,1.19098222255707
E000V00112,-71.435,-38.057,0.00192779034841806,0.00150474580004811,0.00865413807332516,0.890625655651093,1.9777318239212,1.97221386432648,2.02230405807495,1.89861989021301
E000V00114,-72.298,-38.146,0.000324397580698133,0.000242007503402419,0.00167822150979191,0.963399112224579,1.99168825149536,1.99105787277222,2.000901222229,1.96231615543365
E000V00117,-72.273,-38.228,0.000324397580698133,0.000242007503402419,0.00167822150979191,0.963399112224579,1.99168825149536,1.99105787277222,2.000901222229,1.96231615543365
E000V00113,-71.233,-38.25,0.000102302998129744,7.93905492173508e-05,0.000475374137749895,0.99654483795166,1.99928081035614,1.99889349937439,2.00101518630981,1.0124204158783
E000V00188,-72.956,-38.207,0.00107845291495323,0.000791108002886176,0.00594940269365907,0.864460647106171,1.95321702957153,1.97670459747314,2.00765156745911,1.08313965797424
E000V00187,-71.75,-38.414,0.0018785095307976,0.00139843858778477,0.00981885474175215,0.923898577690125,1.97901368141174,1.97142446041107,2.01132416725159,1.24201714992523
E000V00121,-72.399,-38.435,0.00232378509826958,0.00167198479175568,0.0132171893492341,0.362215608358383,1.8237167596817,1.81881976127625,1.9415944814682,1.25608086585999
E000V00129,-72.85,-38.446,0.00247811595909297,0.00177045888267457,0.0144286481663585,0.311162948608398,1.90000653266907,1.89977741241455,1.98438155651093,1.21038174629211
E000V00126,-72.224,-38.675,0.00149561651051044,0.00105159741360694,0.00887334067374468,0.835915803909302,1.83209884166718,1.82530331611633,1.92984485626221,1.73239004611969
E000V00115,-71.141,-38.732,0.0029917168430984,0.0022469274699688,0.0155549990013242,0.940094351768494,1.99157631397247,1.97789227962494,2.0230712890625,1.89698946475983
E000380013,-72.46,-38.768,0.000650764559395611,0.000451772386441007,0.00397627707570791,0.110765695571899,0.312712699174881,0.309963792562485,1.16239488124847,0.255732417106628
E000V00120,-71.683,-38.834,0.00256409426219761,0.00186135654803365,0.0142570361495018,0.920533955097198,1.97655367851257,1.96455347537994,2.0119743347168,1.8450642824173
E000V00128,-72.787,-39.022,0.000648576475214213,0.000425081932917237,0.00439158547669649,0.923497974872589,1.98157155513763,1.97763323783875,1.99477016925812,1.85897731781006
E000V00127,-72.252,-39.007,2.22109010792337e-05,1.4994815501268e-05,0.000141130673000589,0.998662829399109,1.99902975559235,1.99890172481537,1.99966526031494,1.99777543544769
E000V00122,-72.922,-39.071,0.00262028654105961,0.00170668959617615,0.018183059990406,0.896770238876343,1.97861623764038,1.96255588531494,2.00468420982361,1.28681302070618
E000V00118,-72.615,-39.103,0.00270128645934165,0.00179252552334219,0.0177520047873259,0.564075112342834,1.78587436676025,1.76979315280914,1.91035807132721,1.3818324804306
E000V00124,-73.133,-39.165,0.00865651573985815,0.00529286870732903,0.0667607262730598,0.894889712333679,2.04246616363525,1.96838879585266,2.04439687728882,1.48944652080536
E000V00125,-72.261,-39.196,0.00107223796658218,0.000688238942530006,0.00729721412062645,0.967607617378235,1.99190592765808,1.98442399501801,2.00104117393494,1.9393618106842
E000V00119,-71.868,-39.262,0.00284646335057914,0.00193542032502592,0.0178165584802628,0.961625456809998,2.00093483924866,1.98412871360779,2.01683735847473,1.91980540752411
E000V00123,-71.926,-39.289,0.00164131016936153,0.00108334037940949,0.010716563090682,0.969747602939606,1.99565184116364,1.98515820503235,2.00656628608704,1.93840348720551
E000V00189,-72.55,-39.373,0.00272599188610911,0.00170851859729737,0.0192983411252499,0.785099923610687,1.97471046447754,1.95393025875092,1.99844598770142,1.68152642250061
E000V00190,-73.177,-39.39,0.00767646078020334,0.00431821448728442,0.0652940943837166,0.982730627059937,2.09005069732666,2.00038623809814,2.0423150062561,1.40793931484222
E000V00131,-72.95,-39.632,0.0035222431179136,0.00177042721770704,0.0325032472610474,1.0178554058075,2.07350921630859,2.01049733161926,2.0209059715271,1.25182008743286
E000390006,-73.087,-39.657,0.0035222431179136,0.00177042721770704,0.0325032472610474,1.0178554058075,2.07350921630859,2.01049733161926,2.0209059715271,1.25182008743286
E000V00130,-72.501,-39.863,0.00410744873806834,0.00218268600292504,0.0339852571487427,1.0049239397049,2.06117630004883,2.01181316375732,2.03029465675354,1.87287569046021
E000V00191,-71.91,-39.88,0.00657205563038588,0.00359671260230243,0.0514865294098854,1.07421672344208,2.1294150352478,2.07247877120972,2.09585976600647,1.91049087047577
E000V00132,-72.927,-40.096,0.00524981366470456,0.00227446295320988,0.0554038658738136,1.08126616477966,2.22495532035828,2.03291535377502,2.03262162208557,1.83197844028473
E000V00134,-72.415,-40.134,0.00796702969819307,0.00322917569428682,0.0776178538799286,1.14067947864532,2.22986149787903,2.09674739837646,2.09528422355652,1.90092897415161
E000V00193,-73.647,-40.168,0.0223326422274113,0.00928845163434744,0.294537663459778,1.3948575258255,2.53160095214844,2.18333888053894,2.15627288818359,1.78824174404144
E000V00133,-73.024,-40.317,0.00214820262044668,0.000758836278691888,0.0276333652436733,1.06201529502869,2.85343503952026,2.02089977264404,2.01304578781128,1.96104311943054
E000V00135,-72.979,-40.323,0.00214820262044668,0.000758836278691888,0.0276333652436733,1.06201529502869,2.85343503952026,2.02089977264404,2.01304578781128,1.96104311943054
E000V00139,-73.308,-40.348,0.00622946955263615,0.00221481290645897,0.0862223953008652,1.59852731227875,2.77765965461731,2.06114459037781,2.0356240272522,1.90121924877167
E000V00192,-72,-40.52,0.000311017298372462,0.000142991571919993,0.00281513086520135,1.98934328556061,2.99132227897644,2.98843002319336,2.98871946334839,1.99765288829803
E000400009,-73.058,-40.614,0.00753746042028069,0.00199228152632713,0.142378151416779,1.5260648727417,2.5448534488678,2.12214779853821,2.04075217247009,1.63596200942993
E000V00194,-72.116,-40.623,0.000311017298372462,0.000142991571919993,0.00281513086520135,1.98934328556061,2.99132227897644,2.98843002319336,2.98871946334839,1.99765288829803
E000V00136,-73.152,-40.765,0.0102662593126297,0.00180203095078468,0.754037022590637,1.87866413593292,2.85190439224243,2.70788979530334,2.04385566711426,1.89011311531067
E000V00138,-73.157,-40.861,0.0102662593126297,0.00180203095078468,0.754037022590637,1.87866413593292,2.85190439224243,2.70788979530334,2.04385566711426,1.89011311531067
E000V00195,-73.815,-40.873,0.0158767327666283,0.00442878063768148,0.771044731140137,1.80886781215668,2.86736989021301,2.68953561782837,2.63916707038879,1.92366635799408
E000V00137,-72.886,-40.957,0.0310471151024103,0.0026438208296895,0.400437831878662,1.85605502128601,2.8707172870636,2.32811594009399,2.11733770370483,1.90852892398834
E000V00142,-73.377,-41.115,0.0331231243908405,0.00461866054683924,0.747692108154297,1.80670130252838,2.87412548065186,2.31545972824097,2.18158674240112,1.90316832065582
E000V00197,-72.339,-41.142,0.0192298404872417,0.00521723693236709,0.677760422229767,1.82922291755676,3.4202401638031,2.7621648311615,2.7492573261261,1.9389740228653
E000V00143,-73.009,-41.259,0.00336765614338219,7.60946204536594e-05,0.992276310920715,1.99440288543701,2.99512004852295,2.98781251907349,2.98627996444702,1.99579036235809
E000V00196,-73.809,-41.359,0.0239653326570988,0.00443691667169333,0.862604141235352,1.8715204000473,3.51007413864136,2.74989318847656,2.71049213409424,1.9427078962326
E000410005,-73.096,-41.448,0.615721881389618,0.00381268304772675,0.266583502292633,1.30259132385254,2.33178901672363,1.61770784854889,1.57985305786133,1.35731911659241
E000V00198,-72.275,-41.579,0.0102259581908584,0.00286960741505027,0.09593465924263,1.92672824859619,2.97455954551697,2.89559364318848,2.8891007900238,1.97162222862244
E000V00144,-73.672,-41.71,0.0639615803956985,0.0152505002915859,0.747617602348328,1.71685791015625,2.93601322174072,2.47657775878906,2.28159666061401,1.8718535900116
E000V00140,-72.435,-41.938,0.0614089332520962,0.0193257704377174,0.561887979507446,1.68536269664764,2.71920228004456,2.49081969261169,2.42521834373474,1.85238444805145
E000V00141,-71.865,-42.075,0.0526901036500931,0.0321380458772182,0.416395634412766,1.50601387023926,2.56041955947876,2.32620453834534,2.29489755630493,1.79049789905548
E000V00151,-72.417,-42.1,0.0614089332520962,0.0193257704377174,0.561887979507446,1.68536269664764,2.71920228004456,2.49081969261169,2.42521834373474,1.85238444805145
E000V00149,-73.49,-42.157,0.0101813804358244,0.00412591733038425,0.975933611392975,1.95248973369598,2.97472810745239,2.90469527244568,2.04282236099243,1.97865927219391
E000V00199,-74.078,-42.285,0.00724939303472638,0.00417979341000319,0.990300297737122,1.95651733875275,2.98774337768555,2.09933423995972,2.04341697692871,1.98279106616974
E000V00201,-72.663,-42.355,0.0238853357732296,0.00928264297544956,0.879396855831146,1.88373076915741,2.87146592140198,2.78252363204956,2.73497152328491,1.94271123409271
E000V00147,-73.568,-42.404,0.0128182787448168,0.0076081152074039,1.0189573764801,1.93405199050903,3.00040769577026,2.8608124256134,2.10518288612366,1.97106683254242
E000V00148,-73.633,-42.583,0.0167244020849466,0.0108959283679724,1.24830090999603,1.90834498405457,3.22320008277893,2.76269149780273,2.35380268096924,1.96185004711151
E000V00146,-73.789,-42.704,0.00370217906311154,0.00305374246090651,1.90192413330078,1.98017418384552,3.89035177230835,2.95563769340515,2.92037463188171,1.99169933795929
E000V00145,-72.717,-42.883,0.0131289446726441,0.0123383020982146,0.935751914978027,1.92897856235504,2.12746238708496,2.07065439224243,2.0402729511261,1.95473790168762
E000430002,-71.852,-43.189,0.0128509094938636,0.0127341561019421,0.0966838672757149,1.13702690601349,2.06741285324097,2.02355599403381,1.21451854705811,0.36473348736763
E000V00200,-74.295,-43.208,0.00345670385286212,0.00401855586096644,1.9493271112442,1.98378825187683,2.98927402496338,2.96945142745972,2.01148009300232,1.99345135688782
E000V00202,-72.85,-43.364,0.0185578018426895,0.0204945169389248,0.914569020271301,1.91202366352081,2.15090823173523,2.06813669204712,2.03218197822571,1.94026494026184
E000V00150,-72.126,-43.474,0.0160297770053148,0.0182529538869858,0.195187136530876,1.90382778644562,2.12851309776306,2.03030037879944,1.97923874855042,1.89018142223358
E000430004,-71.801,-43.612,0.0456436462700367,0.0473114401102066,0.321643501520157,1.50694131851196,2.2200756072998,2.06148886680603,1.72115540504456,1.26935029029846
E000V00153,-73.74,-43.89,0.122112728655338,0.207737699151039,1.02459740638733,1.7441463470459,2.67175030708313,2.30130743980408,2.16389298439026,1.8941969871521
E000V00152,-72.387,-43.917,0.0292987376451492,0.0428587421774864,0.949732005596161,1.94256222248077,2.86969327926636,2.03793263435364,2.01554131507874,1.9576997756958
E000V00154,-71.847,-44.24,0.175099983811378,0.183911859989166,0.798782229423523,1.67939853668213,2.50555992126465,2.0859010219574,1.98578262329102,1.72392249107361
E000V00203,-73.097,-44.729,0.0369944646954536,0.938093423843384,1.91337358951569,2.871417760849,3.84658455848694,2.90762782096863,2.897869348526,2.87487149238586
E000450001,-72.677,-45.399,0.920255243778229,0.932312667369843,1.90788996219635,1.9826397895813,2.12519431114197,2.01787447929382,1.98201382160187,1.94763076305389
E000450004,-72.102,-45.591,0.91334193944931,0.864831924438477,1.89002907276154,2.00425672531128,2.96156764030457,2.00628638267517,1.20998024940491,1.16044187545776
E000450005,-71.678,-45.918,0.90461140871048,0.086249828338623,1.92036032676697,2.74919104576111,3.73286199569702,1.99907469749451,1.96274840831757,1.86480593681335
E000V00157,-71.941,-46.278,0.0732610747218132,0.0416091233491898,1.96103799343109,1.99022829532623,2.98167872428894,1.99912786483765,1.98730254173279,1.05228018760681
E000V00205,-74.778,-46.355,0.964790642261505,1.91655373573303,2.89456868171692,1.97527372837067,2.96629023551941,1.99841117858887,1.99434018135071,1.03346860408783
E000V00204,-73.336,-46.569,1.85138189792633,1.86964070796967,1.94687235355377,1.97470784187317,2.94547319412231,1.99675631523132,1.97656333446503,1.95040655136108
E000460001,-71.685,-46.585,1.66142952442169,0.841431975364685,1.150390625,1.19888556003571,2.18164324760437,1.99605202674866,1.97933650016785,1.85882270336151
E000470001,-72.583,-47.244,0.0314282104372978,0.978181183338165,1.9675098657608,1.98167610168457,2.02106499671936,1.99189472198486,1.03896582126617,1.02166497707367
E000V00156,-73.536,-47.8,0.00973166432231665,0.99137008190155,1.98601305484772,1.99143934249878,2.00591683387756,1.99313139915466,1.01396703720093,1.00465321540833
E000V00155,-72.56,-48.471,0.00613761087879539,0.0125902472063899,1.9829409122467,1.98874354362488,2.00119566917419,1.01563131809235,1.01049566268921,0.0266023613512516
E000V00206,-73.941,-48.958,0.00443459209054708,0.988065838813782,1.9814156293869,1.98680341243744,1.99831473827362,1.01208329200745,1.00862693786621,0.0231333058327436
E000V00207,-73.57,-51.07,0.00332090375013649,0.00674205739051104,0.0180258359760046,0.0247859545052052,0.0388468503952026,0.0315266661345959,0.0301886107772589,0.0225558876991272
E000V00158,-72.967,-51.184,0.00175606890115887,0.00321712298318744,0.00891734473407269,0.012620635330677,0.0208207070827484,0.0172214172780514,0.0160498544573784,0.0122227780520916
E000V00159,-71.164,-52.309,0.00225033238530159,0.00325653981417418,0.00988257024437189,0.0154324881732464,0.0783999785780907,0.0746777355670929,0.0228643175214529,0.0182001106441021
E000V00161,-70.361,-52.432,0.00301632634364069,0.00408379919826984,0.0131771750748158,0.0208099149167538,0.0457813926041126,0.0414442270994186,0.0325035750865936,0.026136863976717
E000V00160,-71.505,-52.601,0.00198682281188667,0.00290699885226786,0.00879004038870335,0.0137943467125297,0.926652491092682,0.923344016075134,0.0205922219902277,0.0163950491696596
E000V00162,-69.27,-52.8,0.000481576571473852,0.000621552870143205,0.0022374140098691,0.00339731969870627,0.00662737106904387,0.00613144645467401,0.00557210063561797,0.00451181456446648
E000520006,-70.839,-53.002,0.0149903707206249,0.020767530426383,0.0666554272174835,0.105498790740967,0.297875285148621,0.276048451662064,0.165852919220924,0.133247688412666
E000530005,-70.326,-53.254,0.000917871831916273,0.00123784085735679,0.00421132240444422,0.00653186207637191,0.0143624376505613,0.0132269561290741,0.0105475718155503,0.00850762147456408
E000V00208,-71.38,-53.8,0.00247106025926769,0.00349246920086443,0.0110641522333026,0.0178897213190794,0.0435235649347305,0.0397818274796009,0.0286355298012495,0.0230172984302044
E000V00163,-68.804,-54.051,0.00066933553898707,0.000852091936394572,0.00507966708391905,0.00498653063550591,0.00974407233297825,0.011000894010067,0.00862952973693609,0.00701514026150107
E000550001,-67.616,-54.932,0.0016350441146642,0.00201887334696949,0.979563593864441,0.0128243332728744,0.0251340251415968,0.995367050170898,0.0234107002615929,0.0191062092781067
