Estacion,Lat,Lon,meses:1,3,6,9,12,24,36,48
E000V00003,-69.478,-17.595,0.214565813541412,0.174408450722694,0.184653729200363,0.153658092021942,0.213076144456863,0.21979621052742,0.310559630393982,0.245526328682899
E000V00002,-69.554,-18.197,0.00577771849930286,0.00466786837205291,0.00589942838996649,0.0049257823266089,0.00568518741056323,0.00584647245705128,0.00832309387624264,0.00659013632684946
E000180005,-70.34,-18.356,0.17123344540596,0.138912826776505,0.169401317834854,0.143507316708565,0.169185847043991,0.173947170376778,0.247573107481003,0.195978447794914
E000V00001,-69.857,-19.011,0.0119034815579653,0.00954794324934483,0.0191425438970327,0.0168017037212849,0.0115896016359329,0.0118761816993356,0.0170647948980331,0.0135366143658757
E000V00006,-68.638,-19.276,0.014433853328228,0.0114335957914591,0.0193420425057411,0.0153254801407456,0.013868005014956,0.0142053375020623,0.0204573553055525,0.0162395648658276
E000V00005,-69.427,-19.313,0.0100025841966271,0.00797254219651222,0.0209526084363461,0.0186612959951162,0.00966644659638405,0.00989475008100271,0.0142679810523987,0.0113271502777934
E000V00007,-69.767,-19.996,0.000410604232456535,0.000323122803820297,0.996361315250397,0.996248841285706,0.000390299537684768,0.000397863914258778,0.000581218453589827,0.000462654250441119
E000V00004,-70.117,-20.25,0.0160648096352816,0.0126318074762821,0.108580701053143,0.104502245783806,0.0152375567704439,0.015507991425693,0.0227692220360041,0.0181423854082823
E000V00008,-69.342,-20.501,0.0117977634072304,0.00900263339281082,0.0273803360760212,0.0212661251425743,0.0108474316075444,0.0110308481380343,0.0162835773080587,0.0129929417744279
E000200006,-70.181,-20.549,0.0760218054056168,0.0598163045942783,0.163867861032486,0.146530568599701,0.0720593184232712,0.073218010365963,0.108060479164124,0.0861893370747566
E000V00011,-68.255,-21.224,0.00126497284509242,0.000860656378790736,0.997511565685272,0.000756602385081351,0.001033766544424,0.00104842591099441,0.00156730634626001,0.00125433993525803
E000V00013,-70.2,-22.091,0.279715567827225,0.211852505803108,0.227697476744652,0.175100773572922,0.252911418676376,0.254191309213638,0.397248089313507,0.320778161287308
E000V00014,-69.666,-22.35,0.0328274741768837,0.0231668148189783,0.0253724120557308,0.0184285566210747,0.0276106875389814,0.0277082454413176,0.0442394353449345,0.0358982756733894
E000220002,-68.892,-22.498,0.0317279361188412,0.0160089414566755,0.0184742026031017,0.0121669620275497,0.0190578419715166,0.0191177725791931,0.0308615323156118,0.0251089744269848
E000V00009,-69.32,-22.892,0.0422156192362309,0.0244895499199629,0.0237071216106415,0.0178076755255461,0.0290392953902483,0.0289784166961908,0.0501657426357269,0.0414098128676414
E000V00012,-68.213,-22.932,0.966249048709869,0.0094030350446701,0.00951418094336987,0.00676935911178589,0.0111693469807506,0.0111894216388464,0.0181320980191231,0.0147651899605989
E000230001,-70.445,-23.454,0.438167750835419,0.342096775770187,0.292219430208206,0.239902853965759,0.403969645500183,0.39972260594368,0.741443991661072,0.619736969470978
E000V00166,-67.44,-23.6,0.0408740490674973,0.0217262376099825,0.0195503626018763,0.0152119463309646,0.0257739368826151,0.0258203893899918,0.040792178362608,0.0330333486199379
E000V00165,-68.57,-23.94,0.0256465002894402,0.0161262154579163,0.0137990340590477,0.0111417062580585,0.018994489684701,0.0188329014927149,0.0348987132310867,0.0291838515549898
E000V00164,-69.69,-24.51,0.0109438132494688,0.00854990538209677,0.00696180434897542,0.00579542713239789,0.0100030228495598,0.00978204049170017,0.987798869609833,0.984787106513977
E000V00167,-69.3,-25,0.00806137174367905,0.00637306086719036,0.00509639410302043,0.00427317898720503,0.00741987442597747,0.00722481496632099,0.0222958233207464,0.0200605131685734
E000V00010,-70.484,-25.411,0.0297985430806875,0.0239954385906458,0.0187180656939745,0.0157837029546499,0.0278037674725056,0.0265214275568724,0.980933845043182,0.972538590431213
E000V00168,-69.27,-25.7,0.0109629416838288,0.00886266399174929,0.00690644048154354,0.00583869125694036,0.0102200070396066,0.00982230994850397,0.983668684959412,0.980575799942017
E000V00169,-68.99,-26.25,0.000435153662692755,0.000354522169800475,0.000273001031018794,0.000231595084187575,0.000405959202907979,0.000388058106182143,0.000888577662408352,0.000765235163271427
E000V00016,-70.611,-26.332,0.0754434242844582,0.0598323158919811,0.0456434935331345,0.0384410098195076,0.0687220841646194,0.0638849437236786,0.127113729715347,0.106134936213493
E000V00017,-70.046,-26.391,0.0624257065355778,0.0495983511209488,0.0375497117638588,0.031658161431551,0.0564775504171848,0.0524623282253742,0.0981370359659195,0.0806959345936775
E000V00170,-69.33,-27.07,0.0578032098710537,0.0466892533004284,0.0350573994219303,0.0296972338110209,0.0524858310818672,0.0490695983171463,0.0820946544408798,0.0657406598329544
E000270008,-70.781,-27.254,0.00781925674527884,0.00563920149579644,0.00412267120555043,0.00342010683380067,0.00647455081343651,0.00554601801559329,0.00899555627256632,0.00694194389507174
E000270009,-70.353,-27.359,0.129066407680511,0.0969311967492104,0.0705292075872421,0.0588483959436417,0.108365260064602,0.0957318767905235,0.156912803649902,0.121485315263271
E000V00171,-69.81,-27.98,0.039271917194128,0.029558677226305,0.0202754903584719,0.0168858338147402,0.0307063609361649,0.0271124430000782,0.0442249327898026,0.0327275581657887
E000V00019,-71.225,-28.463,1.98562097549438,0.0242147278040648,0.0170772392302752,0.0127177238464355,1.00089979171753,0.0193277038633823,0.0328943952918053,0.0230080783367157
E000V00018,-70.449,-28.768,1.9611701965332,0.990735828876495,0.0271735303103924,0.0205758977681398,0.0422932170331478,0.0314806438982487,1.00427210330963,0.0373688638210297
E000V00015,-70,-28.976,0.0128606427460909,0.00921676959842443,0.00533599406480789,0.00431827921420336,0.0079228887334466,0.00672638649120927,0.0121900513768196,0.00795889180153608
E000V00021,-71.116,-29.372,1.87749660015106,1.09652853012085,0.966948688030243,0.255330920219421,1.11290216445923,0.348949551582336,1.19242608547211,0.412914663553238
E000290004,-71.207,-29.914,1.96941208839417,1.93697333335876,1.78803968429565,1.67449569702148,1.94847631454468,1.06870698928833,1.25922048091888,1.18774914741516
E000V00022,-70.721,-30.031,1.99154710769653,1.98445904254913,1.01023054122925,0.99427318572998,1.98692119121552,1.96420037746429,1.99798357486725,1.98178040981293
E000V00020,-71.082,-30.234,1.97614347934723,1.95820140838623,1.06027090549469,0.23876117169857,1.96828138828278,1.11664175987244,2.03209209442139,1.95743644237518
E000V00172,-71.72,-30.38,1.83521664142609,1.73847126960754,1.34897589683533,1.13123190402985,1.82896101474762,1.61780524253845,2.51323056221008,2.04598832130432
E000V00027,-70.937,-30.746,1.98655998706818,1.97876107692719,1.07034862041473,1.04539036750793,1.98732793331146,1.96509492397308,2.99056482315063,2.04890275001526
E000V00028,-71.256,-30.838,1.97667336463928,1.96341192722321,1.820836186409,1.77484941482544,1.97822725772858,1.94052445888519,3.68051838874817,2.78231000900269
E000V00026,-70.999,-31.188,1.9865528345108,1.97830891609192,1.07151222229004,1.04323077201843,1.99146938323975,1.97870445251465,2.97661375999451,2.05824184417725
E000V00024,-71.413,-31.39,1.9503630399704,1.9298894405365,1.76279497146606,1.15418839454651,1.97551834583282,1.94077432155609,2.91282367706299,2.72155070304871
E000V00023,-71.152,-31.633,1.94960153102875,1.9205915927887,1.63559651374817,1.52813172340393,1.9852067232132,1.93535900115967,2.8953058719635,2.610018491745
E000V00025,-70.97,-31.783,1.99161052703857,1.98158657550812,1.07827472686768,1.06490135192871,1.99776017665863,1.98413467407227,2.97599458694458,2.0755729675293
E000320019,-70.707,-32.076,1.97489094734192,1.33817005157471,1.13955307006836,1.10515129566193,2.00029993057251,1.34781134128571,2.30211067199707,2.16015362739563
E000V00035,-70.926,-32.251,1.97543799877167,1.94908368587494,1.21722114086151,1.15795719623566,2.00880455970764,1.9576131105423,2.93407034873962,2.82423162460327
E000V00174,-70.464,-32.343,1.97111785411835,1.89307606220245,1.17185997962952,1.13341248035431,2.0105152130127,1.90678465366364,2.30875325202942,2.15977501869202
E000V00033,-70.819,-32.362,1.96935129165649,1.81224751472473,1.45173680782318,1.39476430416107,2.01548957824707,1.82483112812042,2.73961043357849,2.57319521903992
E000V00034,-71.441,-32.505,1.80423700809479,1.90289342403412,1.54645049571991,1.42055261135101,2.01400017738342,1.93899595737457,2.84325408935547,2.46401309967041
E000V00175,-71.014,-32.54,1.98623585700989,1.98513233661652,1.91083312034607,1.09649527072906,2.01517724990845,1.98942494392395,2.98812699317932,2.91511130332947
E000V00041,-70.725,-32.594,1.97248315811157,1.95454347133636,1.38634502887726,1.30999529361725,2.05819129943848,1.96602773666382,2.90280222892761,2.38129711151123
E000V00176,-70.368,-32.618,1.9518506526947,1.91621708869934,1.23428475856781,1.17902731895447,2.02318024635315,1.94522714614868,2.4472188949585,2.16856002807617
E000V00040,-70.809,-32.757,1.98019957542419,1.97853589057922,1.79815495014191,1.75316965579987,2.65386438369751,1.98695230484009,2.96337914466858,2.75620341300964
E000V00031,-71.526,-32.789,1.61741352081299,1.94738912582397,1.47346746921539,1.40259218215942,2.01843357086182,1.96946907043457,2.69962024688721,2.40410161018372
E000V00037,-71.173,-32.79,1.94033563137054,1.98115789890289,1.87942576408386,1.83833885192871,2.01751375198364,1.98881828784943,3.55225801467896,2.85080480575562
E000320028,-71.227,-32.828,1.94033563137054,1.98115789890289,1.87942576408386,1.83833885192871,2.01751375198364,1.98881828784943,3.55225801467896,2.85080480575562
E000V00032,-70.382,-32.89,1.95825386047363,1.94430291652679,1.47247493267059,1.39091193675995,2.16244792938232,1.97294092178345,2.89217829704285,2.2929208278656
E000V00036,-71.207,-32.893,1.99077749252319,1.99867475032806,1.98639416694641,1.98399317264557,2.00230360031128,1.99928259849548,2.9969162940979,2.98293542861938
E000V00030,-71.517,-32.917,1.26751601696014,1.98174905776978,1.20990264415741,1.18427777290344,2.01153898239136,1.99010539054871,2.271564245224,2.1756477355957
E000V00042,-71.261,-32.994,1.99077749252319,1.99867475032806,1.98639416694641,1.98399317264557,2.00230360031128,1.99928259849548,2.9969162940979,2.98293542861938
E000330002,-71.648,-33.023,1.56188988685608,1.93215298652649,1.36768734455109,1.28633749485016,2.00760555267334,1.9633332490921,2.49918985366821,2.26589679718018
E000330007,-71.556,-33.065,1.26751601696014,1.98174905776978,1.20990264415741,1.18427777290344,2.01153898239136,1.99010539054871,2.271564245224,2.1756477355957
E000V00029,-71.4,-33.083,1.26751601696014,1.98174905776978,1.20990264415741,1.18427777290344,2.01153898239136,1.99010539054871,2.271564245224,2.1756477355957
E000V00051,-70.834,-33.121,1.95634293556213,1.95776462554932,1.73897397518158,1.49673664569855,2.23317313194275,1.9781551361084,2.93745565414429,2.40070962905884
E000V00050,-70.66,-33.147,1.97374320030212,1.97219610214233,1.79662907123566,1.66405725479126,2.17325377464294,1.98736834526062,2.9572434425354,2.27669644355774
E000V00177,-71.46,-33.23,1.90225183963776,1.98644018173218,1.82890665531158,1.80499136447906,2.01210141181946,1.99300515651703,2.8552622795105,2.79332327842712
E000V00178,-71.155,-33.287,1.86933648586273,1.96681451797485,1.74577474594116,1.68508565425873,2.34255623817444,1.98319971561432,2.84122896194458,2.62400674819946
E000V00046,-70.502,-33.353,1.97411155700684,1.9613664150238,1.420330286026,1.37243151664734,2.11597299575806,1.98460829257965,2.94211840629578,2.1938111782074
E000330021,-70.787,-33.378,1.99639248847961,1.99541485309601,1.95546817779541,1.94914364814758,2.01417112350464,1.9981027841568,2.99321603775024,2.03721213340759
E000V00043,-70.733,-33.42,1.99639248847961,1.99541485309601,1.95546817779541,1.94914364814758,2.01417112350464,1.9981027841568,2.99321603775024,2.03721213340759
E000V00055,-71.026,-33.439,1.97488474845886,1.97672724723816,1.87817573547363,1.83764922618866,2.05363178253174,1.9892805814743,2.95641446113586,2.66170930862427
E000V00038,-71.624,-33.439,1.93265426158905,1.96282351016998,1.34621822834015,1.19949162006378,2.01895093917847,1.98135936260223,2.33495044708252,2.15988063812256
E000330020,-70.683,-33.445,1.99639248847961,1.99541485309601,1.95546817779541,1.94914364814758,2.01417112350464,1.9981027841568,2.99321603775024,2.03721213340759
E000330019,-70.549,-33.455,1.98903214931488,1.98011910915375,1.20407426357269,1.18884205818176,2.03138470649719,1.99356710910797,2.97156405448914,2.06551814079285
E000V00044,-70.7,-33.467,1.99639248847961,1.99541485309601,1.95546817779541,1.94914364814758,2.01417112350464,1.9981027841568,2.99321603775024,2.03721213340759
E000V00047,-70.766,-33.517,1.99639248847961,1.99541485309601,1.95546817779541,1.94914364814758,2.01417112350464,1.9981027841568,2.99321603775024,2.03721213340759
E000V00039,-71.596,-33.543,1.93265426158905,1.96282351016998,1.34621822834015,1.19949162006378,2.01895093917847,1.98135936260223,2.33495044708252,2.15988063812256
E000V00045,-70.548,-33.545,1.98903214931488,1.98011910915375,1.20407426357269,1.18884205818176,2.03138470649719,1.99356710910797,2.97156405448914,2.06551814079285
E000V00058,-70.902,-33.608,1.97488474845886,1.97672724723816,1.87817573547363,1.83764922618866,2.05363178253174,1.9892805814743,2.95641446113586,2.66170930862427
E000V00048,-70.567,-33.617,1.98903214931488,1.98011910915375,1.20407426357269,1.18884205818176,2.03138470649719,1.99356710910797,2.97156405448914,2.06551814079285
E000330031,-78.833,-33.636,1.48429417610168,1.2267519235611,0.953804552555084,0.807372391223907,1.5731885433197,1.70146560668945,2.29707527160645,1.75361311435699
E000330030,-71.613,-33.656,1.93568921089172,1.935218334198,1.63274073600769,1.21357667446136,2.00582337379456,1.96773052215576,2.54164958000183,2.15466094017029
E000V00049,-70.089,-33.676,1.94964718818665,1.44263303279877,1.17859065532684,1.14218580722809,2.01299428939819,1.97105967998505,2.3438835144043,2.09390354156494
E000V00057,-71.101,-33.692,1.96165192127228,1.95260870456696,1.77470290660858,1.67323052883148,2.06784582138062,1.97860836982727,2.92863488197327,2.31520462036133
E000V00052,-70.707,-33.707,1.98183083534241,1.97347545623779,1.8120402097702,1.77887344360352,2.56593227386475,1.98940587043762,2.96456360816956,2.66482377052307
E000V00053,-70.639,-33.862,1.98183083534241,1.97347545623779,1.8120402097702,1.77887344360352,2.56593227386475,1.98940587043762,2.96456360816956,2.66482377052307
E000V00179,-70.22,-33.878,1.9264258146286,1.85964679718018,1.23860311508179,1.19498109817505,2.03297638893127,1.96815943717957,2.50428318977356,2.14430832862854
E000V00056,-71.394,-33.941,1.94017350673676,1.91915237903595,1.70463609695435,1.20037341117859,1.98795783519745,1.9591943025589,2.85538959503174,2.16310811042786
E000V00068,-71.825,-33.959,1.95495665073395,1.9388610124588,1.2300351858139,1.08654880523682,1.98325324058533,1.96830487251282,2.88727498054504,2.07209920883179
E000V00064,-70.717,-33.983,1.98807919025421,1.98162853717804,1.16917097568512,1.14106261730194,2.04136252403259,1.99254906177521,2.97990155220032,2.12157034873962
E000V00054,-70.995,-34.029,1.99138915538788,1.9874951839447,1.93144571781158,1.06364738941193,2.00646281242371,1.99425792694092,2.98632431030273,2.04864716529846
E000V00059,-70.772,-34.169,1.97507202625275,1.96096360683441,1.81762278079987,1.78460121154785,2.00508713722229,1.98334634304047,2.96864414215088,2.77251315116882
E000V00180,-70.402,-34.203,1.91507148742676,1.87732458114624,1.29965817928314,1.24974071979523,2.01423263549805,1.96367847919464,2.87944340705872,2.22074174880981
E000V00061,-70.997,-34.215,1.98885524272919,1.98271942138672,1.10635554790497,1.07925796508789,1.99919378757477,1.99151456356049,2.9874529838562,2.07435846328735
E000V00062,-71.3,-34.217,1.96655631065369,1.94804465770721,1.82370507717133,1.73035681247711,1.99000096321106,1.97369766235352,2.95880174636841,2.7189769744873
E000V00060,-70.948,-34.261,1.98885524272919,1.98271942138672,1.10635554790497,1.07925796508789,1.99919378757477,1.99151456356049,2.9874529838562,2.07435846328735
E000V00066,-70.812,-34.279,1.97507202625275,1.96096360683441,1.81762278079987,1.78460121154785,2.00508713722229,1.98334634304047,2.96864414215088,2.77251315116882
E000V00065,-70.834,-34.322,1.97507202625275,1.96096360683441,1.81762278079987,1.78460121154785,2.00508713722229,1.98334634304047,2.96864414215088,2.77251315116882
E000V00067,-72.019,-34.394,1.94358587265015,1.9007054567337,1.78213739395142,1.0323098897934,1.95180761814117,1.93871319293976,2.92104434967041,2.03562808036804
E000V00063,-70.21,-34.411,1.36425256729126,1.31764352321625,1.13348889350891,1.09519731998444,1.97848081588745,1.95766603946686,2.3354640007019,2.08277606964111
E000V00071,-71.463,-34.485,1.97895610332489,1.96423947811127,1.9038679599762,1.02661848068237,1.98594856262207,1.98127520084381,2.97800040245056,2.02814078330994
E000V00069,-71.898,-34.645,1.94335687160492,1.89171779155731,1.73717439174652,1.01391100883484,1.94140875339508,1.9128440618515,2.92435002326965,2.02251887321472
E000V00072,-71.4,-34.691,1.90440785884857,1.82895231246948,1.41474008560181,1.04031181335449,1.91779315471649,1.91485190391541,2.92275857925415,2.07131242752075
E000V00070,-71.63,-34.714,1.92559814453125,1.85888707637787,1.64193141460419,1.02840340137482,1.92738127708435,1.90349435806274,2.91301107406616,2.04299879074097
E000340044,-71.02,-34.721,1.10960125923157,1.07098400592804,1.03731775283813,1.01964712142944,1.97792232036591,1.11917972564697,2.98022508621216,2.02955603599548
E000V00181,-70.52,-34.781,1.97714042663574,1.95819485187531,1.02866160869598,1.01828825473785,1.98907876014709,1.98445796966553,2.97596549987793,2.01844310760498
E000V00086,-72.026,-34.855,1.94335687160492,1.89171779155731,1.73717439174652,1.01391100883484,1.94140875339508,1.9128440618515,2.92435002326965,2.02251887321472
E000V00084,-71.125,-34.96,1.74473249912262,1.22141695022583,1.10782849788666,1.03478670120239,1.79632377624512,1.82713675498962,2.87505531311035,2.14916563034058
E000V00083,-71.832,-34.968,1.92382025718689,1.84075665473938,1.17038953304291,1.00643765926361,1.90858554840088,1.83949911594391,2.90552949905396,2.02579975128174
E000340031,-71.217,-34.969,1.20331180095673,1.07865118980408,1.0381635427475,1.00789666175842,1.20808565616608,1.95276916027069,2.96371269226074,2.77338695526123
E000V00085,-70.811,-35,1.92599272727966,1.1199117898941,1.04974627494812,1.02058160305023,1.94195032119751,1.93310225009918,2.93606328964233,2.03447937965393
E000V00076,-71.956,-35.128,1.86455750465393,1.69404602050781,1.1281623840332,0.977830648422241,1.79182100296021,1.37726628780365,2.78344297409058,2.00562644004822
E000V00182,-70.83,-35.398,1.3790328502655,1.14471435546875,1.05928897857666,0.942262947559357,1.28541362285614,1.29970812797546,2.27757239341736,2.02215528488159
E000V00079,-71.467,-35.419,1.84012389183044,1.08429229259491,1.03372728824615,0.974399209022522,1.62785053253174,1.15092873573303,2.63430619239807,2.00401616096497
E000V00078,-71.7,-35.533,1.21820819377899,1.07037115097046,1.02428984642029,0.984559953212738,1.13254165649414,1.105597615242,2.134601354599,1.99850976467133
E000V00074,-71.454,-35.663,1.87012577056885,1.04800426959991,1.01778745651245,0.955594718456268,1.13630259037018,1.13624966144562,2.15257430076599,1.98302149772644
E000V00077,-72.082,-35.672,1.83477234840393,1.11869323253632,1.02766287326813,0.932823002338409,1.22129142284393,1.24514591693878,2.23039889335632,1.97136294841766
E000V00080,-71.062,-35.699,1.89870953559875,1.05151331424713,1.01860105991364,0.290578782558441,1.11847364902496,1.13357412815094,2.12335467338562,1.99608826637268
E000V00081,-72.511,-35.707,1.97155570983887,1.93383967876434,1.00947833061218,0.978652775287628,1.9592148065567,1.96586573123932,2.9576370716095,1.99265420436859
E000V00075,-71.631,-35.753,1.76727068424225,1.0816468000412,1.02516746520996,0.944633483886719,1.18700408935547,1.20265173912048,2.20557737350464,1.9728000164032
E000V00082,-72.587,-35.836,1.97155570983887,1.93383967876434,1.00947833061218,0.978652775287628,1.9592148065567,1.96586573123932,2.9576370716095,1.99265420436859
E000V00183,-71.05,-36.06,1.91117930412292,1.02702391147614,1.00571572780609,0.927555680274963,1.08426737785339,1.11756372451782,2.09646916389465,1.98247265815735
E000V00087,-72.783,-36.133,1.81632995605469,1.4619607925415,1.39322304725647,0.60040295124054,1.84896063804626,1.89896631240845,2.82059597969055,1.94158101081848
E000V00073,-71.548,-36.257,1.09871912002563,0.154969349503517,0.993794202804565,0.969314813613892,0.187294080853462,1.07599258422852,2.06032419204712,1.13763034343719
E000V00091,-71.9,-36.292,1.76416647434235,1.00591993331909,0.978193938732147,0.860246002674103,1.14425098896027,1.25286972522736,2.19188356399536,1.9282203912735
E000V00090,-72.64,-36.43,1.90173709392548,1.05190551280975,1.03934407234192,0.0982432886958122,1.94293081760406,1.96419131755829,2.89924430847168,1.9740241765976
E000V00088,-72.699,-36.492,1.90173709392548,1.05190551280975,1.03934407234192,0.0982432886958122,1.94293081760406,1.96419131755829,2.89924430847168,1.9740241765976
E000V00092,-71.549,-36.56,1.80152666568756,0.926700413227081,0.968077719211578,0.916492998600006,1.00284695625305,1.80391263961792,2.75600743293762,1.90653228759766
E000360011,-72.037,-36.586,1.25608086585999,0.962827563285828,0.945874273777008,0.837840557098389,1.10780155658722,1.23412275314331,2.16346740722656,1.9339998960495
E000V00089,-72.603,-36.625,1.60675203800201,1.06401562690735,1.03025460243225,0.313058286905289,1.63616943359375,1.82125353813171,2.43624043464661,1.86793208122253
E000V00099,-72.965,-36.672,1.01842594146729,1.00284373760223,1.00046503543854,0.0146739007905126,1.9825119972229,1.98793756961823,2.98072028160095,1.98838007450104
E000V00096,-72.704,-36.697,1.75573456287384,1.55327498912811,1.53807890415192,0.63735955953598,1.87562894821167,1.92447102069855,2.80831694602966,1.93341588973999
E000V00098,-72.983,-36.733,1.01842594146729,1.00284373760223,1.00046503543854,0.0146739007905126,1.9825119972229,1.98793756961823,2.98072028160095,1.98838007450104
E000360019,-73.066,-36.781,1.01842594146729,1.00284373760223,1.00046503543854,0.0146739007905126,1.9825119972229,1.98793756961823,2.98072028160095,1.98838007450104
E000V00184,-71.5,-36.88,1.21988451480865,0.82888251543045,0.807723939418793,0.65519106388092,1.06641387939453,1.40405368804932,2.16211271286011,1.90568959712982
E000V00093,-72.099,-36.977,1.11358761787415,0.273770689964294,0.256966233253479,0.138234794139862,1.07554531097412,1.86059749126434,2.72941613197327,1.90676546096802
E000V00095,-73.14,-37.005,1.1658855676651,0.892999827861786,0.842903792858124,0.278261363506317,1.41914546489716,1.53837370872498,2.43319749832153,1.49240958690643
E000V00106,-72.403,-37.035,1.21338033676147,0.90583062171936,0.882551491260529,0.144787490367889,1.2110447883606,1.80400109291077,2.18551397323608,1.81786036491394
E000V00097,-73.155,-37.092,1.1658855676651,0.892999827861786,0.842903792858124,0.278261363506317,1.41914546489716,1.53837370872498,2.43319749832153,1.49240958690643
E000V00105,-71.245,-37.111,1.6906909942627,0.90375816822052,0.88150155544281,0.257068067789078,1.06436920166016,1.80447959899902,2.11751532554626,1.92091727256775
E000V00094,-72.012,-37.141,1.05436253547668,0.13196462392807,0.121866457164288,0.0560634061694145,1.02832973003387,1.91440951824188,2.80853986740112,1.91911923885345
E000V00108,-72.946,-37.167,1.0618577003479,0.891562819480896,0.868804812431335,0.10959480702877,1.09563362598419,1.17846405506134,2.11364531517029,1.14067101478577
E000V00107,-72.328,-37.213,1.55621516704559,0.726269483566284,0.70988792181015,0.0806027203798294,1.47834885120392,1.752889752388,2.11630272865295,1.75310444831848
E000V00111,-71.949,-37.293,1.05436253547668,0.13196462392807,0.121866457164288,0.0560634061694145,1.02832973003387,1.91440951824188,2.80853986740112,1.91911923885345
E000V00100,-73.437,-37.305,1.03356909751892,0.880349814891815,0.860921800136566,0.773078918457031,1.03087401390076,1.07595908641815,2.0650908946991,1.01073741912842
E000V00185,-71.566,-37.323,1.13847696781158,0.285467535257339,0.265105932950974,0.14937998354435,1.04235064983368,1.86638998985291,2.11286044120789,1.90311980247498
E000370033,-72.424,-37.397,1.07680332660675,0.351746082305908,0.323243081569672,0.102741591632366,0.712784051895142,0.927960753440857,1.73574697971344,0.888725221157074
E000V00186,-72.83,-37.418,1.03565466403961,0.734156131744385,0.706801056861877,0.0983085781335831,1.01207411289215,1.15772044658661,2.04643726348877,1.11529684066772
E000V00103,-73.33,-37.485,1.00685596466064,0.221076011657715,0.203054651618004,0.109564326703548,0.959582984447479,1.01763820648193,2.04686784744263,0.357677280902863
E000V00110,-71.875,-37.536,1.07257390022278,0.230212956666946,0.20343978703022,0.118212386965752,0.991432726383209,1.8078852891922,2.170574426651,1.77946591377258
E000V00104,-73.462,-37.627,0.981055617332458,0.255263298749924,0.218118190765381,0.13213162124157,0.484501749277115,0.592572391033173,2.05899524688721,0.469760537147522
E000V00109,-72.007,-37.685,1.00168514251709,0.0965649113059044,0.0819533094763756,0.0450555980205536,0.280779093503952,1.1879255771637,2.03807687759399,1.14422905445099
E000V00116,-72.605,-37.726,0.968835234642029,0.223630368709564,0.193561106920242,0.084059938788414,0.968149781227112,1.19757628440857,2.02537894248962,1.11498618125916
E000V00101,-73.412,-37.892,0.878968596458435,0.455925792455673,0.366131633520126,0.227345064282417,0.834085583686829,1.11912477016449,2.09623074531555,0.947582125663757
E000V00102,-73.097,-37.95,0.327388644218445,0.172522410750389,0.139542743563652,0.0748318880796432,0.351248323917389,0.627542912960052,2.02906847000122,0.555493175983429
E000V00112,-71.435,-38.057,1.01564228534698,0.118347711861134,0.0952185466885567,0.0634910315275192,0.985384881496429,1.92511522769928,2.03566265106201,1.12494814395905
E000V00114,-72.298,-38.146,0.0515568852424622,0.0224019065499306,0.0155886262655258,0.00987892970442772,0.984981954097748,1.96124303340912,2.00006413459778,1.01842105388641
E000V00117,-72.273,-38.228,0.0515568852424622,0.0224019065499306,0.0155886262655258,0.00987892970442772,0.984981954097748,1.96124303340912,2.00006413459778,1.01842105388641
E000V00113,-71.233,-38.25,1.00079894065857,0.00532582029700279,0.00409981003031135,0.00294771883636713,0.0169184785336256,1.99740135669708,2.00134181976318,1.0049102306366
E000V00188,-72.956,-38.207,0.133636668324471,0.0724814608693123,0.0533434748649597,0.0331427119672298,0.154751777648926,1.04815852642059,2.00637006759644,1.00691664218903
E000V00187,-71.75,-38.414,0.96489691734314,0.103380456566811,0.0712609142065048,0.0512147359549999,1.01405835151672,1.9264235496521,2.00929498672485,1.10563552379608
E000V00121,-72.399,-38.435,0.354250073432922,0.212414517998695,0.0967044681310654,0.0665392577648163,0.504688322544098,1.27147567272186,1.86568295955658,1.08056640625
E000V00129,-72.85,-38.446,0.328800827264786,0.181404143571854,0.104269988834858,0.071786530315876,0.424154698848724,1.22272765636444,1.94903218746185,1.068394780159
E000V00126,-72.224,-38.675,0.805290699005127,0.161623328924179,0.0534155480563641,0.0400822497904301,0.984183728694916,1.76075911521912,1.84723877906799,1.64286613464355
E000V00115,-71.141,-38.732,1.00462055206299,0.134301453828812,0.0933011919260025,0.0725569948554039,1.03118526935577,1.94586801528931,2.02258682250977,1.12271738052368
E000380013,-72.46,-38.768,0.116325244307518,0.87852668762207,0.0240499079227448,0.0180953331291676,0.166645541787148,0.2741858959198,0.3193119764328,0.215706869959831
E000V00120,-71.683,-38.834,0.945504307746887,0.133990719914436,0.0854217931628227,0.0648583397269249,1.05030083656311,1.91711139678955,2.00305724143982,1.15772891044617
E000V00128,-72.787,-39.022,0.976561069488525,0.0481327027082443,0.024366345256567,0.0201428160071373,1.01317918300629,1.95989894866943,1.98364853858948,1.02258718013763
E000V00127,-72.252,-39.007,0.00486092315986753,0.0016780166188255,0.000724779267329723,0.000581890984904021,1.99544596672058,1.99840772151947,1.99912309646606,1.9964245557785
E000V00122,-72.922,-39.071,0.955861866474152,0.170104950666428,0.102036438882351,0.0853768885135651,1.06083035469055,1.89492976665497,1.98602962493896,1.07802200317383
E000V00118,-72.615,-39.103,0.748903036117554,0.26133668422699,0.0943129509687424,0.0766651034355164,1.10301339626312,1.69979405403137,1.79575145244598,1.17583966255188
E000V00124,-73.133,-39.165,0.999561071395874,0.603634476661682,0.392274469137192,0.353896349668503,1.37793707847595,1.84739506244659,2.01056003570557,1.23009669780731
E000V00125,-72.261,-39.196,0.93325287103653,0.0669063925743103,0.0329807959496975,0.0280191525816917,1.84140944480896,1.96961200237274,1.99069511890411,1.86176538467407
E000V00119,-71.868,-39.262,0.783080041408539,0.136561781167984,0.0766438990831375,0.0641760975122452,1.11251425743103,1.95524954795837,2.00372338294983,1.61127436161041
E000V00123,-71.926,-39.289,0.438233524560928,0.0888138189911842,0.0465314649045467,0.0391146279871464,1.12242543697357,1.96550047397614,1.99551403522491,1.34631538391113
E000V00189,-72.55,-39.373,0.916415393352509,0.191576555371284,0.0964546650648117,0.0836664959788322,1.21981275081635,1.9125018119812,1.96891868114471,1.22450482845306
E000V00190,-73.177,-39.39,1.03496217727661,0.827682793140411,0.602571725845337,0.576823890209198,1.65976238250732,1.92608344554901,2.0120849609375,1.20364010334015
E000V00131,-72.95,-39.632,1.02334022521973,0.951331615447998,0.774409711360931,0.763945400714874,1.88121604919434,1.98368120193481,2.00449132919312,1.10565757751465
E000390006,-73.087,-39.657,1.02334022521973,0.951331615447998,0.774409711360931,0.763945400714874,1.88121604919434,1.98368120193481,2.00449132919312,1.10565757751465
E000V00130,-72.501,-39.863,1.0078330039978,0.84464418888092,0.141067147254944,0.13051463663578,1.80080187320709,1.98216187953949,2.00366568565369,1.19085121154785
E000V00191,-71.91,-39.88,1.02757358551025,0.41281521320343,0.143423840403557,0.134691625833511,1.8158415555954,2.04064512252808,2.01506972312927,1.7625412940979
E000V00132,-72.927,-40.096,1.05423653125763,1.0216109752655,0.251108407974243,0.233057990670204,1.90064907073975,1.99775362014771,2.00723433494568,1.1651771068573
E000V00134,-72.415,-40.134,1.08241486549377,1.00108873844147,0.19781282544136,0.18207959830761,1.89269304275513,2.05755519866943,2.01502084732056,1.67931628227234
E000V00193,-73.647,-40.168,1.31773066520691,1.32123577594757,0.676230907440186,0.645099699497223,1.81069374084473,2.06781220436096,2.02768015861511,1.57174742221832
E000V00133,-73.024,-40.317,1.03086340427399,1.04633665084839,0.0903049409389496,0.0756403878331184,1.97750425338745,2.00461506843567,2.0025110244751,1.07387459278107
E000V00135,-72.979,-40.323,1.03086340427399,1.04633665084839,0.0903049409389496,0.0756403878331184,1.97750425338745,2.00461506843567,2.0025110244751,1.07387459278107
E000V00139,-73.308,-40.348,1.09483289718628,1.56548738479614,0.680843889713287,0.646974563598633,1.94102418422699,2.0120894908905,2.00655436515808,1.62784159183502
E000V00192,-72,-40.52,1.00303447246552,0.999062895774841,0.0057771778665483,0.00584254553541541,1.99696564674377,2.98748779296875,2.00096011161804,1.99461245536804
E000400009,-73.058,-40.614,1.16789042949677,1.49140477180481,0.575916111469269,0.258172541856766,1.95930933952332,2.02525806427002,2.0060567855835,1.25796020030975
E000V00194,-72.116,-40.623,1.00303447246552,0.999062895774841,0.0057771778665483,0.00584254553541541,1.99696564674377,2.98748779296875,2.00096011161804,1.99461245536804
E000V00136,-73.152,-40.765,1.78584921360016,1.86202204227448,0.921501874923706,0.849242925643921,1.97534418106079,2.03555917739868,2.00065779685974,1.83248436450958
E000V00138,-73.157,-40.861,1.78584921360016,1.86202204227448,0.921501874923706,0.849242925643921,1.97534418106079,2.03555917739868,2.00065779685974,1.83248436450958
E000V00195,-73.815,-40.873,1.79276394844055,1.78263235092163,0.92143315076828,0.917647540569305,1.96671938896179,2.6209123134613,2.00565266609192,1.85913801193237
E000V00137,-72.886,-40.957,1.83419680595398,1.83586990833282,0.916405141353607,0.896033644676208,1.96223247051239,2.11096262931824,1.99067115783691,1.85968613624573
E000V00142,-73.377,-41.115,1.79966711997986,1.78705298900604,0.939769923686981,0.93834263086319,1.98170030117035,2.17387437820435,1.99031639099121,1.84184837341309
E000V00197,-72.339,-41.142,1.71156585216522,1.08951830863953,0.764551520347595,0.880293786525726,2.51125311851501,2.73910427093506,2.56717753410339,1.89272701740265
E000V00143,-73.009,-41.259,1.99711203575134,1.99637961387634,0.99840784072876,0.99877804517746,1.99674594402313,2.98629140853882,1.99721527099609,1.99498069286346
E000V00196,-73.809,-41.359,1.88830673694611,1.85138654708862,1.55790555477142,1.58421170711517,2.58138465881348,2.71580052375793,1.99551689624786,1.90984618663788
E000410005,-73.096,-41.448,1.89817011356354,1.85465323925018,0.941095590591431,0.981967508792877,1.39921259880066,1.59146296977997,1.40784966945648,1.33128571510315
E000V00198,-72.275,-41.579,1.1100594997406,1.04241061210632,0.130927920341492,0.965137422084808,2.01689028739929,2.88834547996521,2.03778386116028,1.95376706123352
E000V00144,-73.672,-41.71,1.77985024452209,1.56588780879974,1.05156826972961,1.33867084980011,2.20221447944641,2.46454453468323,2.00350165367126,1.81274366378784
E000V00140,-72.435,-41.938,1.61750757694244,1.38414812088013,0.671400189399719,1.127894282341,2.11631894111633,2.504634141922,2.01225256919861,1.78880107402802
E000V00141,-71.865,-42.075,1.46077060699463,1.12278950214386,0.55390864610672,0.838557958602905,1.86058068275452,2.33030104637146,2.03558015823364,1.69254612922668
E000V00151,-72.417,-42.1,1.61750757694244,1.38414812088013,0.671400189399719,1.127894282341,2.11631894111633,2.504634141922,2.01225256919861,1.78880107402802
E000V00149,-73.49,-42.157,1.96225273609161,1.71640717983246,0.992686808109283,1.8922997713089,2.66930246353149,2.92471790313721,2.01689052581787,1.96958684921265
E000V00199,-74.078,-42.285,1.96578109264374,1.08081448078156,1.00587844848633,1.90933787822723,2.04249024391174,2.12174391746521,2.02425384521484,1.97440207004547
E000V00201,-72.663,-42.355,1.8923351764679,1.76885437965393,0.893291532993317,1.69772732257843,2.66673612594604,2.81342959403992,2.00286769866943,1.92071557044983
E000V00147,-73.568,-42.404,1.94667327404022,1.20315194129944,1.02519285678864,1.84684538841248,2.14629077911377,2.94211053848267,2.07220196723938,1.95884501934052
E000V00148,-73.633,-42.583,1.92700445652008,1.4591817855835,1.26029121875763,1.79981350898743,2.38189959526062,3.08238506317139,2.31498146057129,1.94486522674561
E000V00146,-73.789,-42.704,1.98414790630341,1.93690037727356,1.8986302614212,1.95583868026733,2.9214882850647,3.87078404426575,2.91299486160278,1.9881899356842
E000V00145,-72.717,-42.883,1.93773233890533,1.04005992412567,0.143036872148514,1.04044687747955,2.00036716461182,2.81540369987488,2.00099539756775,1.94370341300964
E000430002,-71.852,-43.189,1.14623618125916,0.15923210978508,0.0805094167590141,0.204072788357735,0.375100046396255,2.04828381538391,1.19860315322876,0.354917883872986
E000V00200,-74.295,-43.208,1.98738467693329,1.96901905536652,0.997739672660828,1.96730720996857,2.9574875831604,2.97822260856628,2.00776267051697,1.99098074436188
E000V00202,-72.85,-43.364,1.92242920398712,1.02016925811768,0.162767454981804,1.04579961299896,1.98166644573212,2.21157479286194,1.99955701828003,1.92720198631287
E000V00150,-72.126,-43.474,1.91104698181152,0.256571501493454,0.0967988967895508,1.02602636814117,1.90693533420563,2.11595749855042,1.96287369728088,1.88081538677216
E000430004,-71.801,-43.612,1.53356242179871,0.488076001405716,0.243526205420494,0.727106392383575,1.29933607578278,2.15783596038818,1.68196427822113,1.241455078125
E000V00153,-73.74,-43.89,1.75237655639648,1.32750558853149,0.860828697681427,1.28953492641449,2.09240913391113,2.49996042251587,2.10527849197388,1.8547956943512
E000V00152,-72.387,-43.917,1.94141781330109,1.00308406352997,0.141028597950935,1.78705501556396,1.9784232378006,2.84084486961365,2.00290656089783,1.94739198684692
E000V00154,-71.847,-44.24,1.69962811470032,0.993731200695038,0.552436649799347,1.13627421855927,1.8047981262207,2.31605315208435,1.94162833690643,1.66767692565918
E000V00203,-73.097,-44.729,1.98616337776184,1.9268993139267,1.88899767398834,1.92918348312378,2.88977813720703,3.82271146774292,2.89412975311279,2.86984586715698
E000450001,-72.677,-45.399,2.78080630302429,1.88014030456543,1.8350602388382,1.88170623779297,1.99691104888916,2.05004739761353,1.97901129722595,1.92752516269684
E000450004,-72.102,-45.591,1.20036327838898,1.05411779880524,0.958104908466339,1.05736291408539,1.97693526744843,2.03461360931396,1.20685815811157,0.391264230012894
E000450005,-71.678,-45.918,1.94929027557373,1.03827273845673,0.194329217076302,1.07013547420502,1.9634165763855,2.03355813026428,1.96150314807892,1.91594505310059
E000V00157,-71.941,-46.278,1.98159205913544,1.02288699150085,0.979247510433197,1.91825199127197,1.97762835025787,2.02086615562439,1.98687314987183,1.97294867038727
E000V00205,-74.778,-46.355,1.97981154918671,1.95743644237518,1.93961906433105,1.95328736305237,1.99057769775391,2.00536465644836,1.99325120449066,1.97901368141174
E000V00204,-73.336,-46.569,1.96181428432465,1.92001485824585,1.89378392696381,1.93293464183807,1.98690092563629,2.01073813438416,1.97552263736725,1.95736038684845
E000460001,-71.685,-46.585,1.96459817886353,1.80912709236145,0.962840378284454,0.314626723527908,1.18509578704834,2.80797004699707,1.97861897945404,1.95800840854645
E000470001,-72.583,-47.244,0.0945776849985123,0.0675722062587738,0.0470924861729145,1.95219933986664,1.98727130889893,2.00536751747131,1.03880226612091,1.02991652488708
E000V00156,-73.536,-47.8,1.98775386810303,1.00158286094666,0.992385447025299,1.00560545921326,1.99515616893768,1.99967336654663,1.0139719247818,1.01006841659546
E000V00155,-72.56,-48.471,1.98733448982239,0.998934388160706,0.0143488002941012,1.00107252597809,1.99283885955811,1.99778032302856,1.01079261302948,1.0066579580307
E000V00206,-73.941,-48.958,1.98919761180878,0.999254286289215,0.0137521149590611,0.998450934886932,1.99143946170807,1.9955518245697,1.00897336006165,1.00481867790222
E000V00207,-73.57,-51.07,0.0605731680989265,0.0203133523464203,0.0115882344543934,0.0169687066227198,0.0336430743336678,0.065894141793251,0.0327906012535095,0.0254735518246889
E000V00158,-72.967,-51.184,0.989184379577637,0.0111067211255431,0.00619838200509548,0.00875867810100317,0.0186951123178005,0.991799235343933,0.0184761472046375,0.013462258502841
E000V00159,-71.164,-52.309,0.990518271923065,0.920188784599304,0.00891235750168562,0.0112201906740665,0.991458237171173,0.985302686691284,0.982020974159241,0.0187987089157104
E000V00161,-70.361,-52.432,0.107482261955738,0.036293026059866,0.0126651162281632,0.0153754632920027,0.957919657230377,0.0622826591134071,0.0596936382353306,0.0265567563474178
E000V00160,-71.505,-52.601,0.993487298488617,0.073900431394577,0.00803866051137447,0.0100626284256577,0.99048238992691,0.988814115524292,0.98573362827301,0.0169149972498417
E000V00162,-69.27,-52.8,0.00979185663163662,0.00391514785587788,0.00217013177461922,0.002550890436396,0.00815175287425518,0.00727211497724056,0.00688393879681826,0.00452814809978008
E000520006,-70.839,-53.002,1.06300520896912,0.223961845040321,0.0647863149642944,0.0782712027430534,0.56097024679184,0.422530621290207,0.40828412771225,0.135423019528389
E000530005,-70.326,-53.254,1.95185148715973,0.00930289272218943,0.00412028515711427,0.00489030312746763,0.0232805293053389,0.0174242686480284,0.016629233956337,0.00858734082430601
E000V00208,-71.38,-53.8,0.0629298090934753,0.0237644147127867,0.0112265329807997,0.0133880944922566,0.0491110160946846,0.050177663564682,0.0480002500116825,0.02333745919168
E000V00163,-68.804,-54.051,0.0114278122782707,0.00548966880887747,0.0033736398909241,0.0038308147341013,0.00939163006842136,0.0121018933132291,0.00985312554985285,0.00697861798107624
E000550001,-67.616,-54.932,0.0224100258201361,0.0139249982312322,0.00917991995811462,0.0100870486348867,0.0217701550573111,0.997144639492035,0.0252021681517363,0.0188537519425154
