Estacion,Lat,Lon,meses:1,3,6,9,12,24,36,48
E000V00003,-69.478,-17.595,1.09143996238708,0.3222536444664,0.384889543056488,0.25159963965416,0.210497722029686,0.267769634723663,0.269463628530502,0.301348775625229
E000V00002,-69.554,-18.197,1.00279939174652,0.0106012597680092,0.0127278938889503,0.00752779981121421,0.00643338682129979,0.00712644727900624,0.00718772737309337,0.0080334497615695
E000180005,-70.34,-18.356,1.08603620529175,0.271197885274887,0.325213074684143,0.220856726169586,0.188335999846458,0.212047174572945,0.213810861110687,0.239041492342949
E000V00001,-69.857,-19.011,1.01123058795929,0.0265186168253422,0.0344625413417816,0.022087924182415,0.0198528356850147,0.0144844176247716,0.0146545702591538,0.0163573026657104
E000V00006,-68.638,-19.276,1.00672125816345,0.939150393009186,0.948118805885315,0.0216560997068882,0.0189759377390146,0.0173255205154419,0.0175468176603317,0.0195729974657297
E000V00005,-69.427,-19.313,1.01324808597565,0.0277605690062046,0.038381390273571,0.0230702441185713,0.0212008450180292,0.0120694972574711,0.0122283743694425,0.0136380596086383
E000V00007,-69.767,-19.996,1.99595260620117,0.00213217362761497,0.996779084205627,0.996426939964294,0.996350467205048,0.000485562923131511,0.000494559062644839,0.000549752032384276
E000V00004,-70.117,-20.25,1.09249341487885,0.853902876377106,0.122152097523212,0.111459255218506,0.108455322682858,0.0189298298209906,0.0193212516605854,0.0214474331587553
E000V00008,-69.342,-20.501,1.00757765769958,0.0255753379315138,0.0383548885583878,0.0262426938861609,0.0240766629576683,0.0134653458371758,0.0137847485020757,0.0152642475441098
E000200006,-70.181,-20.549,1.08849859237671,0.736655652523041,0.221124470233917,0.179451674222946,0.165154233574867,0.0893894284963608,0.0914379805326462,0.101349793374538
E000V00011,-68.255,-21.224,0.00284081674180925,0.0014244494959712,0.998316884040833,0.001234135706909,0.0010231276974082,0.00128014211077243,0.00131858675740659,0.00145338068250567
E000V00013,-70.2,-22.091,0.59212589263916,0.324230998754501,0.390574425458908,0.296853572130203,0.238814324140549,0.310526788234711,0.328138649463654,0.353697955608368
E000V00014,-69.666,-22.35,0.0633712857961655,0.0337981022894382,0.0429639257490635,0.0322433225810528,0.0253607984632254,0.0338484905660152,0.0363645553588867,0.0385821796953678
E000220002,-68.892,-22.498,0.0431519746780396,0.0223209261894226,0.0305162649601698,0.0219015143811703,0.0169508941471577,0.023354135453701,0.0253095924854279,0.0266313422471285
E000V00009,-69.32,-22.892,0.069465845823288,0.0323938764631748,0.0411452390253544,0.0346927680075169,0.0249993950128555,0.0353998839855194,0.0406567379832268,0.0404442809522152
E000V00012,-68.213,-22.932,0.0260126926004887,0.0124314185231924,0.0163515210151672,0.012419038452208,0.00956686958670616,0.0136701976880431,0.0147897535935044,0.0156028056517243
E000230001,-70.445,-23.454,0.84918487071991,0.430141746997833,0.520540118217468,0.494231104850769,0.337652385234833,0.488243013620377,0.585417032241821,0.559188067913055
E000V00166,-67.44,-23.6,0.0510484278202057,0.0279103051871061,0.0350118800997734,0.0273678731173277,0.0216779094189405,0.0315512903034687,0.0332704298198223,0.0360310114920139
E000V00165,-68.57,-23.94,0.982710003852844,0.0199349746108055,0.0245398245751858,0.0229816436767578,0.0157717075198889,0.0230035893619061,0.0274357590824366,0.0263556372374296
E000V00164,-69.69,-24.51,1.96069574356079,0.010089548304677,0.0122258383780718,0.978497803211212,0.00813905987888575,0.0119362296536565,0.980918705463409,0.0137240178883076
E000V00167,-69.3,-25,0.995984196662903,0.00733966566622257,0.0088882390409708,0.0124504324048758,0.00599006749689579,0.00881110969930887,0.0142798461019993,0.0101474663242698
E000V00010,-70.484,-25.411,0.0466052889823914,0.026248199865222,0.0317000672221184,0.0293901264667511,0.0218504946678877,0.0322742536664009,0.0363723784685135,0.037316519767046
E000V00168,-69.27,-25.7,0.0205874871462584,0.00972475204616785,0.0117677235975862,0.0107911247760057,0.00811091810464859,0.0119568314403296,0.0133595177903771,0.0138193015009165
E000V00169,-68.99,-26.25,0.000588667113333941,0.000378985801944509,0.000459073751699179,0.000388643471524119,0.000320157269015908,0.000471858511446044,0.000491421611513942,0.000546389899682254
E000V00016,-70.611,-26.332,0.0890229940414429,0.0612869523465633,0.0743014886975288,0.0627135634422302,0.0523577369749546,0.0774369463324547,0.0800711959600449,0.089954137802124
E000V00017,-70.046,-26.391,0.0721732750535011,0.0499594025313854,0.0606923513114452,0.0508940368890762,0.0429949909448624,0.0635184347629547,0.0651686117053032,0.0738492980599403
E000V00170,-69.33,-27.07,0.0630177929997444,0.046328317373991,0.0564129278063774,0.0463498160243034,0.0402877740561962,0.0593712106347084,0.0597018897533417,0.0690848156809807
E000270008,-70.781,-27.254,0.00675534829497337,0.00502349948510528,0.00615260284394026,0.00503727421164513,0.00448223575949669,0.00664777960628271,0.00661061611026525,0.00779009982943535
E000270009,-70.353,-27.359,0.118492171168327,0.0871856734156609,0.106790013611317,0.0875756144523621,0.0776053741574287,0.114884451031685,0.114433504641056,0.134437963366508
E000V00171,-69.81,-27.98,0.0331670008599758,0.0237452462315559,0.0293929632753134,0.0240454021841288,0.0217903908342123,0.0322478897869587,0.0316901840269566,0.0378878004848957
E000V00019,-71.225,-28.463,0.0220678877085447,0.0151778114959598,0.0191214140504599,0.0157807767391205,0.0147166745737195,0.0222035553306341,0.021632507443428,0.0266611594706774
E000V00018,-70.449,-28.768,0.987019658088684,0.0236141327768564,0.0303542129695415,0.0252015981823206,0.0233303606510162,0.0355484522879124,0.0341582633554935,0.0426082499325275
E000V00015,-70,-28.976,0.00892357341945171,0.00511153740808368,0.00658789044246078,0.00547014595940709,0.00505364080891013,0.0076529523357749,0.00733356643468142,0.00910358130931854
E000V00021,-71.116,-29.372,0.34086087346077,0.205241456627846,0.278533399105072,0.23581874370575,0.221142694354057,0.355242431163788,0.332377642393112,0.448894262313843
E000290004,-71.207,-29.914,0.276466846466064,0.123078465461731,0.176175281405449,0.154218703508377,0.216971725225449,0.388844937086105,0.373555988073349,1.20426857471466
E000V00022,-70.721,-30.031,1.95206761360168,0.029261440038681,0.990023195743561,0.984688520431519,0.0413431115448475,1.01982164382935,0.067440040409565,1.03784644603729
E000V00020,-71.082,-30.234,1.03922069072723,0.131120085716248,0.202956929802895,0.1829754114151,0.948198318481445,1.87007677555084,1.84066212177277,1.96449291706085
E000V00172,-71.72,-30.38,1.3015056848526,1.00890839099884,1.29346191883087,1.12341642379761,1.22689568996429,1.88224065303802,1.97389590740204,2.32909750938416
E000V00027,-70.937,-30.746,1.03190875053406,0.995949804782867,1.03120100498199,1.01402151584625,1.04144990444183,1.99658811092377,2.05034065246582,2.93350625038147
E000V00028,-71.256,-30.838,1.05380070209503,0.99305248260498,1.05480086803436,1.02535712718964,1.07044649124146,2.00028920173645,2.78274631500244,2.89155244827271
E000V00026,-70.999,-31.188,1.04027116298676,1.01450753211975,1.09176468849182,1.06097841262817,1.93294334411621,2.04308080673218,2.90193748474121,2.94450187683105
E000V00024,-71.413,-31.39,1.18186724185944,0.571625947952271,1.35434973239899,1.25374841690063,1.85386991500854,2.71110129356384,2.72818303108215,2.85851287841797
E000V00023,-71.152,-31.633,1.14677298069,1.12520229816437,1.90168392658234,1.68939256668091,1.78093445301056,2.59238433837891,2.57328796386719,2.72525453567505
E000V00025,-70.97,-31.783,0.17801621556282,1.02917551994324,1.98891949653625,1.1007182598114,1.11184656620026,2.0659031867981,2.05894470214844,2.08532881736755
E000320019,-70.707,-32.076,1.15374708175659,1.15482687950134,2.01527285575867,1.87920379638672,1.89266347885132,1.49296545982361,0.851632475852966,0.945039689540863
E000V00035,-70.926,-32.251,1.83104610443115,1.21562957763672,2.02837538719177,1.9379814863205,1.95090663433075,2.73490452766418,2.68151688575745,2.7927885055542
E000V00174,-70.464,-32.343,0.752565324306488,1.25968253612518,2.08491945266724,1.40029394626617,1.40934884548187,1.53184497356415,1.46379768848419,1.5923867225647
E000V00033,-70.819,-32.362,1.3933482170105,1.50762450695038,2.07604479789734,1.88180243968964,1.89495480060577,2.10911297798157,1.9347972869873,2.07934975624084
E000V00034,-71.441,-32.505,1.92706859111786,1.62813103199005,1.94574022293091,1.76022458076477,1.89546680450439,2.55455446243286,2.36057782173157,2.99698090553284
E000V00175,-71.014,-32.54,1.9551066160202,1.13946807384491,2.03325867652893,1.97671842575073,1.98440968990326,2.89544773101807,2.86328172683716,2.95238924026489
E000V00041,-70.725,-32.594,1.74129807949066,1.79178512096405,2.48374438285828,1.92498564720154,1.93747997283936,2.21271562576294,2.16750264167786,2.36510109901428
E000V00176,-70.368,-32.618,1.65084493160248,1.68278408050537,2.42900228500366,1.80144810676575,1.81235933303833,2.0712423324585,2.32195949554443,2.55752158164978
E000V00040,-70.809,-32.757,1.96803629398346,1.91550505161285,2.76154732704163,1.96664655208588,1.97779405117035,2.77269983291626,2.73241710662842,3.51498365402222
E000V00031,-71.526,-32.789,1.9962602853775,1.54835295677185,1.71202003955841,1.60500049591064,1.94975924491882,2.49697732925415,2.30602598190308,3.11927533149719
E000V00037,-71.173,-32.79,1.99524986743927,1.8962094783783,1.98729312419891,1.93461859226227,1.98255431652069,2.88226699829102,2.22612929344177,3.13352179527283
E000320028,-71.227,-32.828,1.99524986743927,1.8962094783783,1.98729312419891,1.93461859226227,1.98255431652069,2.88226699829102,2.22612929344177,3.13352179527283
E000V00032,-70.382,-32.89,1.83398044109344,1.65939772129059,2.26398134231567,1.91637170314789,1.96397709846497,2.43376302719116,2.32012367248535,2.8185932636261
E000V00036,-71.207,-32.893,2.00112128257751,1.98915946483612,1.99426341056824,1.99065458774567,1.99897742271423,2.98803734779358,2.97676038742065,3.97141456604004
E000V00030,-71.517,-32.917,2.01031374931335,1.25078940391541,1.30420196056366,1.26635777950287,1.98445153236389,2.23414850234985,2.17299580574036,3.10616135597229
E000V00042,-71.261,-32.994,2.00112128257751,1.98915946483612,1.99426341056824,1.99065458774567,1.99897742271423,2.98803734779358,2.97676038742065,3.97141456604004
E000330002,-71.648,-33.023,2.02896904945374,1.5164030790329,1.67592966556549,1.5585743188858,1.93785870075226,2.44761443138123,2.33797335624695,3.12084555625916
E000330007,-71.556,-33.065,2.01031374931335,1.25078940391541,1.30420196056366,1.26635777950287,1.98445153236389,2.23414850234985,2.17299580574036,3.10616135597229
E000V00029,-71.4,-33.083,2.01031374931335,1.25078940391541,1.30420196056366,1.26635777950287,1.98445153236389,2.23414850234985,2.17299580574036,3.10616135597229
E000V00051,-70.834,-33.121,2.04956984519958,1.86664915084839,2.28614163398743,1.93701803684235,1.9727121591568,2.55415654182434,2.39752960205078,3.15533137321472
E000V00050,-70.66,-33.147,2.36214089393616,1.91926431655884,2.20139360427856,1.95527863502502,1.99597299098969,2.71303415298462,2.30020809173584,3.11836338043213
E000V00177,-71.46,-33.23,2.01489639282227,1.88992869853973,1.93175435066223,1.90333199501038,1.98957335948944,2.88464021682739,2.84497737884521,3.76679491996765
E000V00178,-71.155,-33.287,2.06363964080811,1.84151172637939,1.95956766605377,1.87330317497253,1.9799553155899,3.10127425193787,2.67411828041077,3.532639503479
E000V00046,-70.502,-33.353,1.86849844455719,1.63067877292633,2.17369747161865,1.68103122711182,1.99316263198853,2.41108059883118,2.21984839439392,2.66985654830933
E000330021,-70.787,-33.378,2.91846513748169,1.99109637737274,2.02236008644104,2.00313520431519,2.00754761695862,2.95821785926819,2.04523229598999,3.0046980381012
E000V00043,-70.733,-33.42,2.91846513748169,1.99109637737274,2.02236008644104,2.00313520431519,2.00754761695862,2.95821785926819,2.04523229598999,3.0046980381012
E000V00055,-71.026,-33.439,2.16446042060852,1.96115005016327,2.06950855255127,1.99229848384857,2.00439167022705,2.91877508163452,2.74337220191956,3.6126537322998
E000V00038,-71.624,-33.439,2.05400395393372,1.83436334133148,2.02134728431702,1.93963742256165,1.97305381298065,2.88182973861694,2.73113751411438,3.12896037101746
E000330020,-70.683,-33.445,2.91846513748169,1.99109637737274,2.02236008644104,2.00313520431519,2.00754761695862,2.95821785926819,2.04523229598999,3.0046980381012
E000330019,-70.549,-33.455,2.09125232696533,1.92499685287476,2.06756734848022,1.95332026481628,2.01304149627686,2.21045255661011,2.08407974243164,2.30831408500671
E000V00044,-70.7,-33.467,2.91846513748169,1.99109637737274,2.02236008644104,2.00313520431519,2.00754761695862,2.95821785926819,2.04523229598999,3.0046980381012
E000V00047,-70.766,-33.517,2.91846513748169,1.99109637737274,2.02236008644104,2.00313520431519,2.00754761695862,2.95821785926819,2.04523229598999,3.0046980381012
E000V00039,-71.596,-33.543,2.05400395393372,1.83436334133148,2.02134728431702,1.93963742256165,1.97305381298065,2.88182973861694,2.73113751411438,3.12896037101746
E000V00045,-70.548,-33.545,2.09125232696533,1.92499685287476,2.06756734848022,1.95332026481628,2.01304149627686,2.21045255661011,2.08407974243164,2.30831408500671
E000V00058,-70.902,-33.608,2.16446042060852,1.96115005016327,2.06950855255127,1.99229848384857,2.00439167022705,2.91877508163452,2.74337220191956,3.6126537322998
E000V00048,-70.567,-33.617,2.09125232696533,1.92499685287476,2.06756734848022,1.95332026481628,2.01304149627686,2.21045255661011,2.08407974243164,2.30831408500671
E000330031,-78.833,-33.636,2.1323676109314,2.00817203521729,2.30454683303833,1.70807385444641,1.29288518428802,2.09488153457642,2.08521318435669,2.31752252578735
E000330030,-71.613,-33.656,2.11038851737976,1.69493794441223,2.1107861995697,1.95097148418427,1.95157873630524,2.83953404426575,2.54808688163757,3.1658775806427
E000V00049,-70.089,-33.676,2.17349147796631,1.95178389549255,2.69465804100037,1.98017156124115,1.97894895076752,2.20079731941223,2.14636325836182,2.87541031837463
E000V00057,-71.101,-33.692,2.21580100059509,1.95133984088898,2.23406100273132,2.02418375015259,2.02829742431641,2.85233163833618,2.72251582145691,3.32372331619263
E000V00052,-70.707,-33.707,2.68339467048645,1.97543978691101,2.66872715950012,2.5431547164917,2.54787540435791,2.8617045879364,2.752117395401,3.616126537323
E000V00053,-70.639,-33.862,2.68339467048645,1.97543978691101,2.66872715950012,2.5431547164917,2.54787540435791,2.8617045879364,2.752117395401,3.616126537323
E000V00179,-70.22,-33.878,2.49113082885742,1.96190571784973,2.59329724311829,2.01088953018188,2.00321292877197,2.28899526596069,2.23214840888977,2.67994260787964
E000V00056,-71.394,-33.941,2.18228816986084,1.90546643733978,2.20521998405457,1.95745372772217,1.93211567401886,2.82030749320984,2.76023936271667,3.23827934265137
E000V00068,-71.825,-33.959,2.08533072471619,1.91654872894287,2.08846759796143,1.95908880233765,1.92660331726074,2.85285592079163,2.81417441368103,3.67091631889343
E000V00064,-70.717,-33.983,2.08903741836548,1.9903963804245,2.90813851356506,2.03573870658875,2.03413414955139,2.94661164283752,2.92868518829346,3.88461184501648
E000V00054,-70.995,-34.029,2.05463409423828,1.99215936660767,2.93232679367065,2.00232815742493,2.00063920021057,2.97040629386902,2.95975279808044,3.92694973945618
E000V00059,-70.772,-34.169,2.11621832847595,1.98654019832611,2.88271188735962,2.00283002853394,1.9960685968399,2.91556239128113,2.90510535240173,3.84992599487305
E000V00180,-70.402,-34.203,2.15518355369568,1.97241616249084,2.33859920501709,2.00805401802063,1.99221134185791,2.38797807693481,2.35188627243042,3.17664647102356
E000V00061,-70.997,-34.215,2.879061460495,1.99258148670197,2.94867920875549,1.99821281433105,1.99461531639099,2.96848845481873,2.96644115447998,3.94240379333496
E000V00062,-71.3,-34.217,2.78086376190186,1.97352182865143,2.8229079246521,1.9855192899704,1.9707362651825,2.90454912185669,2.90277719497681,3.81951594352722
E000V00060,-70.948,-34.261,2.879061460495,1.99258148670197,2.94867920875549,1.99821281433105,1.99461531639099,2.96848845481873,2.96644115447998,3.94240379333496
E000V00066,-70.812,-34.279,2.11621832847595,1.98654019832611,2.88271188735962,2.00283002853394,1.9960685968399,2.91556239128113,2.90510535240173,3.84992599487305
E000V00065,-70.834,-34.322,2.11621832847595,1.98654019832611,2.88271188735962,2.00283002853394,1.9960685968399,2.91556239128113,2.90510535240173,3.84992599487305
E000V00067,-72.019,-34.394,2.09893083572388,1.33318722248077,2.08999037742615,1.75602972507477,1.24294984340668,2.14966011047363,2.17753624916077,3.06427931785583
E000V00063,-70.21,-34.411,2.09322094917297,1.98193371295929,2.14809942245483,1.98337233066559,1.95831418037415,2.17073631286621,2.12944459915161,2.4232611656189
E000V00071,-71.463,-34.485,2.88945960998535,1.98052155971527,2.86817955970764,1.98214244842529,1.96532642841339,2.9160852432251,2.94059419631958,3.90382075309753
E000V00069,-71.898,-34.645,2.09504270553589,1.3645099401474,2.07922291755676,1.33848595619202,1.19763779640198,2.10394144058228,2.1462869644165,3.03748059272766
E000V00072,-71.4,-34.691,2.46253442764282,1.94888210296631,2.15572381019592,1.92990171909332,1.85422813892365,2.50693964958191,2.78452587127686,3.65229964256287
E000V00070,-71.63,-34.714,2.16020250320435,1.77905774116516,2.12095212936401,1.74596512317657,1.58347868919373,2.18367791175842,2.51836919784546,3.38782286643982
E000340044,-71.02,-34.721,2.03507041931152,1.13239634037018,2.03935289382935,1.99168932437897,1.98130059242249,2.06756663322449,2.94233202934265,3.88885402679443
E000V00181,-70.52,-34.781,2.02193164825439,1.99525773525238,2.03152298927307,1.99369585514069,1.98543739318848,2.03805303573608,1.13676285743713,2.0979266166687
E000V00086,-72.026,-34.855,2.09504270553589,1.3645099401474,2.07922291755676,1.33848595619202,1.19763779640198,2.10394144058228,2.1462869644165,3.03748059272766
E000V00084,-71.125,-34.96,2.1368134021759,1.95000648498535,2.1105101108551,1.93986177444458,1.8729076385498,2.42739129066467,2.60043120384216,3.0153272151947
E000V00083,-71.832,-34.968,2.13115525245667,1.9499888420105,2.09511041641235,1.83867228031158,1.23052752017975,2.10848927497864,2.18126368522644,3.04712104797363
E000340031,-71.217,-34.969,2.0556263923645,1.99499487876892,2.04035663604736,1.98175966739655,1.95674633979797,2.14001250267029,2.92293810844421,3.77972960472107
E000V00085,-70.811,-35,2.0553731918335,1.98767149448395,2.04841375350952,1.96981942653656,1.94074535369873,2.06993460655212,2.07622313499451,2.23726320266724
E000V00076,-71.956,-35.128,2.2407009601593,2.000159740448,2.14917588233948,1.4773805141449,1.23779141902924,2.0988404750824,2.16423869132996,2.89397001266479
E000V00182,-70.83,-35.398,2.1644115447998,2.04857182502747,1.64554023742676,1.44813883304596,1.27541697025299,1.59455966949463,1.64145755767822,2.32732152938843
E000V00079,-71.467,-35.419,2.84446811676025,2.64021515846252,2.72002339363098,1.94973313808441,1.76587533950806,2.52227854728699,2.72666144371033,2.92588686943054
E000V00078,-71.7,-35.533,2.89432811737061,2.06420183181763,2.12442851066589,1.95866918563843,1.14602565765381,2.0500385761261,2.12302708625793,2.93932938575745
E000V00074,-71.454,-35.663,2.87038946151733,2.50862860679626,2.76304244995117,1.94068920612335,1.7653865814209,2.03622579574585,2.74023127555847,2.86588740348816
E000V00077,-72.082,-35.672,2.79441571235657,2.11322259902954,2.20224785804749,1.92114961147308,1.20787000656128,2.03846645355225,2.15312099456787,2.30919575691223
E000V00080,-71.062,-35.699,2.1349196434021,2.06185412406921,2.07545781135559,1.93553507328033,1.12452864646912,1.97363388538361,2.02569842338562,2.13373327255249
E000V00081,-72.511,-35.707,2.04817080497742,2.02271890640259,2.03676271438599,1.98777663707733,1.94374799728394,2.00803852081299,2.01607728004456,2.03669166564941
E000V00075,-71.631,-35.753,2.83170604705811,2.1623477935791,2.60626101493835,1.91793870925903,1.59749937057495,2.04178786277771,2.57186436653137,2.79797220230103
E000V00082,-72.587,-35.836,2.04817080497742,2.02271890640259,2.03676271438599,1.98777663707733,1.94374799728394,2.00803852081299,2.01607728004456,2.03669166564941
E000V00183,-71.05,-36.06,2.13916659355164,2.06738376617432,2.08110094070435,1.94432008266449,1.07888197898865,1.2749924659729,1.32359766960144,1.39315390586853
E000V00087,-72.783,-36.133,2.58246612548828,2.5201370716095,2.5889778137207,1.96624708175659,1.69931423664093,2.02155327796936,2.04080748558044,2.07919216156006
E000V00073,-71.548,-36.257,3.82384562492371,2.90275812149048,2.04684901237488,1.09292125701904,0.166419684886932,1.13203120231628,2.03129196166992,2.05470085144043
E000V00091,-71.9,-36.292,2.84103631973267,2.68553352355957,2.70106220245361,1.89412951469421,1.0794951915741,1.98520660400391,2.5926878452301,2.65756320953369
E000V00090,-72.64,-36.43,2.14693212509155,2.09736227989197,2.1553099155426,1.98987543582916,1.7958847284317,2.00747132301331,2.01253485679626,2.02160811424255
E000V00088,-72.699,-36.492,2.14693212509155,2.09736227989197,2.1553099155426,1.98987543582916,1.7958847284317,2.00747132301331,2.01253485679626,2.02160811424255
E000V00092,-71.549,-36.56,3.68352890014648,2.19721961021423,1.45709729194641,0.527990758419037,0.306086987257004,1.26533043384552,2.04519701004028,2.08023190498352
E000360011,-72.037,-36.586,2.37521958351135,2.24907374382019,2.2546489238739,1.90508270263672,1.02844536304474,1.98636865615845,2.13107967376709,2.16906976699829
E000V00089,-72.603,-36.625,2.69216322898865,2.51221084594727,2.76498889923096,1.95592427253723,1.18112969398499,2.07494378089905,2.09913682937622,2.12831282615662
E000V00099,-72.965,-36.672,2.01970267295837,2.01632833480835,2.02578568458557,1.99765849113464,1.00720179080963,2.0018138885498,2.00227522850037,2.00363707542419
E000V00096,-72.704,-36.697,2.74379897117615,2.17261123657227,2.77953672409058,1.98399984836578,1.08690130710602,2.01786780357361,2.02382349967957,2.03454327583313
E000V00098,-72.983,-36.733,2.01970267295837,2.01632833480835,2.02578568458557,1.99765849113464,1.00720179080963,2.0018138885498,2.00227522850037,2.00363707542419
E000360019,-73.066,-36.781,2.01970267295837,2.01632833480835,2.02578568458557,1.99765849113464,1.00720179080963,2.0018138885498,2.00227522850037,2.00363707542419
E000V00184,-71.5,-36.88,3.46846342086792,2.89579653739929,2.3862624168396,1.4277685880661,1.03847980499268,1.97956311702728,2.0393226146698,2.07466697692871
E000V00093,-72.099,-36.977,2.93811392784119,2.48823285102844,2.52475643157959,1.94495320320129,0.632498800754547,2.02074956893921,2.04638957977295,2.0662693977356
E000V00095,-73.14,-37.005,2.36394596099854,2.46691560745239,2.60276198387146,1.93525123596191,1.00356483459473,2.03287053108215,2.02107620239258,2.01319742202759
E000V00106,-72.403,-37.035,2.8100209236145,2.75731134414673,3.32428383827209,1.96716713905334,1.47313725948334,2.47306156158447,2.4854257106781,2.50285863876343
E000V00097,-73.155,-37.092,2.36394596099854,2.46691560745239,2.60276198387146,1.93525123596191,1.00356483459473,2.03287053108215,2.02107620239258,2.01319742202759
E000V00105,-71.245,-37.111,3.05487823486328,2.88895106315613,2.79046487808228,1.828852891922,1.03177642822266,1.9876834154129,2.03360462188721,2.07086300849915
E000V00094,-72.012,-37.141,2.9867205619812,2.95755958557129,2.98605895042419,1.97726309299469,0.983154356479645,2.01170086860657,2.01948308944702,2.02881169319153
E000V00108,-72.946,-37.167,2.2666609287262,2.82128262519836,2.91482615470886,1.96617007255554,0.977160811424255,2.01849699020386,2.01112461090088,1.99678719043732
E000V00107,-72.328,-37.213,2.87186717987061,2.83974957466125,3.00022578239441,1.97267687320709,1.01070415973663,2.05564713478088,2.06439900398254,2.07703542709351
E000V00111,-71.949,-37.293,2.9867205619812,2.95755958557129,2.98605895042419,1.97726309299469,0.983154356479645,2.01170086860657,2.01948308944702,2.02881169319153
E000V00100,-73.437,-37.305,2.79603290557861,2.8678731918335,2.91668796539307,1.95165932178497,0.921344697475433,2.01032495498657,1.97995555400848,1.93438947200775
E000V00185,-71.566,-37.323,3.5725736618042,3.50397825241089,2.92687773704529,1.91522133350372,1.56809735298157,2.00432944297791,2.02535319328308,2.04904842376709
E000370033,-72.424,-37.397,2.48295617103577,2.51918458938599,3.09998416900635,1.96264684200287,0.966768085956573,2.02919459342957,2.03278756141663,2.04557991027832
E000V00186,-72.83,-37.418,2.75576853752136,2.82003426551819,3.04874396324158,1.96312272548676,0.966222882270813,2.02055859565735,2.01739501953125,2.01929926872253
E000V00103,-73.33,-37.485,2.1634476184845,2.83821797370911,2.90889120101929,1.91663384437561,0.285140931606293,2.00860381126404,1.94244194030762,1.30620980262756
E000V00110,-71.875,-37.536,3.39656591415405,3.4310519695282,3.41196489334106,1.94884288311005,1.01592087745667,2.01496076583862,2.02513933181763,2.0472047328949
E000V00104,-73.462,-37.627,2.18113350868225,2.31273078918457,2.44413590431213,1.44059896469116,0.368540853261948,2.01363682746887,1.483806848526,1.41418600082397
E000V00109,-72.007,-37.685,2.99905276298523,3.74139356613159,3.80426383018494,1.9806307554245,0.239855319261551,2.00522184371948,2.00664043426514,2.01540541648865
E000V00116,-72.605,-37.726,2.81948041915894,2.88004326820374,3.56886434555054,1.96187269687653,0.901784121990204,2.00653529167175,2.00715517997742,2.01928639411926
E000V00101,-73.412,-37.892,2.32716131210327,2.52881360054016,2.86523771286011,1.80867254734039,0.741840422153473,2.02550673484802,1.89842641353607,1.87278962135315
E000V00102,-73.097,-37.95,2.18141031265259,2.38641548156738,3.13700246810913,1.95770370960236,0.899832546710968,2.00061392784119,1.98835933208466,1.99018263816833
E000V00112,-71.435,-38.057,2.96834874153137,3.03507733345032,3.78434133529663,1.97511088848114,0.965909600257874,2.04121685028076,2.00949954986572,2.02234625816345
E000V00114,-72.298,-38.146,2.96736335754395,2.98307418823242,3.9278404712677,1.98183810710907,0.0399580970406532,1.98482120037079,1.9847559928894,1.98841178417206
E000V00117,-72.273,-38.228,2.96736335754395,2.98307418823242,3.9278404712677,1.98183810710907,0.0399580970406532,1.98482120037079,1.9847559928894,1.98841178417206
E000V00113,-71.233,-38.25,2.99884533882141,3.98403310775757,3.99082088470459,1.99895620346069,0.998031735420227,2.98506283760071,2.00050377845764,2.00105214118958
E000V00188,-72.956,-38.207,2.07548260688782,2.92893671989441,3.78451323509216,1.98166608810425,0.911984443664551,1.9961804151535,1.99362921714783,1.99999713897705
E000V00187,-71.75,-38.414,2.97193598747253,3.6936206817627,3.78579497337341,1.97513365745544,0.905284106731415,2.00630450248718,1.99668335914612,2.00814032554626
E000V00121,-72.399,-38.435,2.32421827316284,2.50247955322266,2.75280737876892,1.5622398853302,0.252364367246628,1.51600480079651,1.51693975925446,1.60844540596008
E000V00129,-72.85,-38.446,2.21915006637573,2.85641098022461,3.06084251403809,1.93140459060669,0.29160064458847,1.9286230802536,1.92897832393646,1.98442912101746
E000V00126,-72.224,-38.675,2.81919932365417,3.46588754653931,3.61408138275146,1.96044480800629,0.158656686544418,1.89801514148712,1.89930856227875,1.9848039150238
E000V00115,-71.141,-38.732,3.61326384544373,3.0259702205658,3.75754165649414,1.97630536556244,0.302160769701004,2.03772473335266,2.01395392417908,2.02195191383362
E000380013,-72.46,-38.768,2.0943648815155,2.14786028862,3.01998591423035,1.98147165775299,0.0685849264264107,1.1471209526062,1.14788866043091,1.99699866771698
E000V00120,-71.683,-38.834,3.47838997840881,3.5897479057312,3.69338250160217,1.97205865383148,0.867773950099945,2.00311303138733,1.99807643890381,2.01020240783691
E000V00128,-72.787,-39.022,2.09916710853577,2.97198390960693,3.0073561668396,1.99366199970245,0.863495528697968,1.99188756942749,1.99333083629608,2.8048141002655
E000V00127,-72.252,-39.007,2.99827933311462,2.99946904182434,3.00073909759521,1.99973976612091,0.00242425315082073,1.99951207637787,1.99955534934998,1.99997985363007
E000V00122,-72.922,-39.071,2.161057472229,2.90400338172913,3.02011656761169,1.97933065891266,0.335328012704849,1.99858748912811,2.00375771522522,2.12820053100586
E000V00118,-72.615,-39.103,2.64151811599731,2.84144496917725,3.0518159866333,1.96833121776581,0.30756813287735,1.89226162433624,1.89827287197113,2.03508591651917
E000V00124,-73.133,-39.165,2.300461769104,2.66101217269897,3.05260729789734,1.95776152610779,0.751874566078186,2.05892753601074,2.08283233642578,2.10369777679443
E000V00125,-72.261,-39.196,2.93385744094849,2.97248458862305,3.01493668556213,1.99235117435455,0.123825803399086,1.998295545578,2.00185966491699,1.98908960819244
E000V00119,-71.868,-39.262,2.91895079612732,2.97455096244812,3.05241537094116,1.98140811920166,0.902145504951477,2.00962376594543,2.01581716537476,2.00960278511047
E000V00123,-71.926,-39.289,2.92762780189514,2.97204208374023,3.02472043037415,1.98865783214569,0.870282709598541,2.00196933746338,2.00662207603455,2.00096249580383
E000V00189,-72.55,-39.373,2.76501107215881,2.90732979774475,3.03492593765259,1.98120868206024,0.282808214426041,1.99409282207489,2.0040431022644,1.7258243560791
E000V00190,-73.177,-39.39,2.21730828285217,2.45819020271301,3.07187175750732,1.9746561050415,0.916014492511749,2.08137559890747,2.11627388000488,2.09270834922791
E000V00131,-72.95,-39.632,2.09899544715881,2.25561022758484,3.06850934028625,1.9930876493454,0.992840707302094,2.06075167655945,2.11029529571533,2.07714676856995
E000390006,-73.087,-39.657,2.09899544715881,2.25561022758484,3.06850934028625,1.9930876493454,0.992840707302094,2.06075167655945,2.11029529571533,2.07714676856995
E000V00130,-72.501,-39.863,2.18362379074097,2.83913636207581,3.55082225799561,1.98772120475769,0.886714100837708,2.04622054100037,2.08312559127808,1.9813779592514
E000V00191,-71.91,-39.88,2.17946577072144,2.37098670005798,2.521977186203,1.97929084300995,0.932937562465668,2.05380582809448,2.13432669639587,1.98800754547119
E000V00132,-72.927,-40.096,2.11819434165955,2.82007622718811,3.20582294464111,1.99932515621185,1.13122093677521,2.19067025184631,2.66971254348755,2.60845685005188
E000V00134,-72.415,-40.134,2.12218761444092,2.44038820266724,3.10806584358215,1.99440336227417,0.669581592082977,2.14838218688965,2.2560887336731,1.69948172569275
E000V00193,-73.647,-40.168,2.32588362693787,2.70611953735352,3.30125522613525,2.00283455848694,1.2491797208786,2.33142709732056,2.35552954673767,2.24426913261414
E000V00133,-73.024,-40.317,2.04843711853027,2.96313190460205,3.8477087020874,2.00572061538696,1.824578166008,2.8381199836731,2.91579031944275,2.88223218917847
E000V00135,-72.979,-40.323,2.04843711853027,2.96313190460205,3.8477087020874,2.00572061538696,1.824578166008,2.8381199836731,2.91579031944275,2.88223218917847
E000V00139,-73.308,-40.348,2.56313753128052,2.90507507324219,3.75154161453247,2.01910710334778,1.27236700057983,2.30106520652771,2.35385608673096,2.28263306617737
E000V00192,-72,-40.52,2.00344109535217,2.99462485313416,2.01374459266663,1.99923241138458,1.00098276138306,2.00261521339417,2.99043536186218,2.00057220458984
E000400009,-73.058,-40.614,2.16119956970215,2.91972899436951,3.79013848304749,2.07025575637817,1.76592993736267,2.78614544868469,2.82764410972595,2.4421603679657
E000V00194,-72.116,-40.623,2.00344109535217,2.99462485313416,2.01374459266663,1.99923241138458,1.00098276138306,2.00261521339417,2.99043536186218,2.00057220458984
E000V00136,-73.152,-40.765,2.70629644393921,2.91567707061768,3.83282089233398,2.64726448059082,1.85595953464508,2.86467885971069,2.87228417396545,2.73682022094727
E000V00138,-73.157,-40.861,2.70629644393921,2.91567707061768,3.83282089233398,2.64726448059082,1.85595953464508,2.86467885971069,2.87228417396545,2.73682022094727
E000V00195,-73.815,-40.873,2.11928558349609,2.84686207771301,3.1443464756012,2.01956939697266,1.19991850852966,2.24167990684509,2.22133636474609,2.15352272987366
E000V00137,-72.886,-40.957,2.21907210350037,2.8680157661438,3.7511305809021,2.16395092010498,1.82725405693054,2.81271505355835,2.82907485961914,2.25854635238647
E000V00142,-73.377,-41.115,2.1650447845459,2.48688006401062,3.26263761520386,2.07528829574585,1.67812931537628,2.71987128257751,2.68144178390503,2.5616466999054
E000V00197,-72.339,-41.142,2.04526114463806,2.86224961280823,2.89600396156311,1.87659871578217,1.66282963752747,2.10646915435791,2.71645903587341,2.0297794342041
E000V00143,-73.009,-41.259,1.99880659580231,2.99387264251709,3.99092483520508,1.99751853942871,1.99337768554688,2.9904420375824,2.99063181877136,1.99972605705261
E000V00196,-73.809,-41.359,2.04645109176636,2.81557488441467,3.64606547355652,1.98035299777985,1.76248610019684,3.38892674446106,2.75927352905273,2.70006966590881
E000410005,-73.096,-41.448,1.43354749679565,2.26435732841492,3.13565802574158,1.3795337677002,1.24497091770172,1.65435528755188,1.6498327255249,1.45450353622437
E000V00198,-72.275,-41.579,2.01294350624084,2.9257800579071,2.17302966117859,1.16446363925934,1.08132946491241,2.04490280151367,2.09304881095886,2.00856733322144
E000V00144,-73.672,-41.71,2.04598903656006,2.35575747489929,2.90307450294495,1.82118403911591,1.30741775035858,2.63804531097412,2.28130531311035,2.1151909828186
E000V00140,-72.435,-41.938,1.84806025028229,2.30089998245239,2.68932771682739,1.72660982608795,1.37297689914703,2.35724830627441,2.36126589775085,1.98743093013763
E000V00141,-71.865,-42.075,2.03966116905212,2.32343935966492,2.58661246299744,1.71524810791016,1.21147358417511,2.18204307556152,2.24171566963196,1.98332369327545
E000V00151,-72.417,-42.1,1.84806025028229,2.30089998245239,2.68932771682739,1.72660982608795,1.37297689914703,2.35724830627441,2.36126589775085,1.98743093013763
E000V00149,-73.49,-42.157,2.00209498405457,1.82601594924927,2.08597612380981,1.93976879119873,1.0211945772171,2.71016931533813,2.01639628410339,1.79168319702148
E000V00199,-74.078,-42.285,2.01137375831604,1.99971449375153,2.07396554946899,1.12071371078491,0.193983480334282,2.07749843597412,1.19157707691193,1.14945375919342
E000V00201,-72.663,-42.355,1.32894313335419,2.02579236030579,2.83016157150269,1.89707207679749,1.7411835193634,2.75767230987549,2.73034119606018,1.98064517974854
E000V00147,-73.568,-42.404,2.00441265106201,1.34925961494446,2.09780788421631,1.86025941371918,1.02465045452118,2.1946394443512,2.01822829246521,1.31741058826447
E000V00148,-73.633,-42.583,2.02056002616882,1.71500194072723,2.13531374931335,1.54099106788635,0.972705483436584,2.44400382041931,1.96514856815338,1.61005485057831
E000V00146,-73.789,-42.704,2.00689268112183,1.98134052753448,2.02441883087158,1.06079113483429,1.00204002857208,2.93084287643433,2.00003671646118,1.97137093544006
E000V00145,-72.717,-42.883,1.97520244121552,1.15467643737793,1.34544789791107,1.21166610717773,1.05265235900879,2.0496289730072,2.03183889389038,1.97083246707916
E000430002,-71.852,-43.189,1.19211661815643,1.04922807216644,1.22497010231018,1.14326405525208,0.276018410921097,1.2147490978241,1.21269106864929,0.385700255632401
E000V00200,-74.295,-43.208,2.95514130592346,1.99752295017242,2.01505303382874,1.02755880355835,1.00444006919861,2.01473522186279,2.00223159790039,1.99530529975891
E000V00202,-72.85,-43.364,1.97757792472839,1.14189457893372,1.94410932064056,1.80131161212921,1.06176054477692,2.04104232788086,2.02173233032227,1.96114540100098
E000V00150,-72.126,-43.474,1.95015108585358,0.328128546476364,1.92707705497742,1.84369075298309,1.71622371673584,1.98113918304443,1.97535049915314,1.90846514701843
E000430004,-71.801,-43.612,1.65642595291138,1.0225682258606,1.71989333629608,1.49557399749756,0.987970888614655,1.72205483913422,1.71480882167816,1.32888102531433
E000V00153,-73.74,-43.89,2.04650712013245,1.70125877857208,2.13780951499939,1.59196507930756,1.20088446140289,2.18953680992126,2.10049962997437,1.97719585895538
E000V00152,-72.387,-43.917,1.97167372703552,0.316817313432693,1.23856103420258,1.1579669713974,1.0618656873703,2.01492381095886,2.00774717330933,1.97433924674988
E000V00154,-71.847,-44.24,1.79865789413452,1.27767181396484,1.86468935012817,1.53149056434631,1.17736113071442,1.97516870498657,1.96132111549377,1.81763482093811
E000V00203,-73.097,-44.729,1.9685868024826,1.04327595233917,1.966463804245,1.94482505321503,1.91452765464783,2.88560056686401,2.88260293006897,2.87048959732056
E000450001,-72.677,-45.399,1.06915581226349,1.05777668952942,0.272511780261993,1.07304215431213,1.03802990913391,1.14488124847412,1.14281249046326,1.12050092220306
E000450004,-72.102,-45.591,0.267581343650818,1.06063616275787,1.13223218917847,1.11481130123138,1.03374350070953,1.18771886825562,1.18619024753571,1.16714429855347
E000450005,-71.678,-45.918,0.296607255935669,1.03697431087494,1.87393271923065,1.85245549678802,1.03913700580597,1.96283209323883,1.96224987506866,1.94921708106995
E000V00157,-71.941,-46.278,1.92103803157806,1.01631414890289,1.05657553672791,1.046670794487,1.02454221248627,1.98876214027405,1.98852622509003,1.98100507259369
E000V00205,-74.778,-46.355,2.93841123580933,1.98396098613739,1.99806106090546,1.97088193893433,1.95501530170441,1.99939894676208,1.99814593791962,1.98421084880829
E000V00204,-73.336,-46.569,1.96451854705811,1.05427157878876,1.0718891620636,1.03602278232574,1.02612626552582,1.98970770835876,1.98879504203796,1.05636739730835
E000460001,-71.685,-46.585,1.11081838607788,1.036501288414,1.87709295749664,1.85162770748138,1.81816041469574,1.98666906356812,1.98629283905029,1.96983587741852
E000470001,-72.583,-47.244,1.03264534473419,1.96949326992035,1.98294150829315,1.01697421073914,1.95349526405334,1.99168813228607,1.99149250984192,1.03054535388947
E000V00156,-73.536,-47.8,1.99166202545166,1.98864102363586,1.99247741699219,1.00531256198883,1.00408482551575,1.99433636665344,1.99424493312836,1.00901365280151
E000V00155,-72.56,-48.471,1.01549911499023,1.01468646526337,1.01865684986115,0.0295128934085369,0.0275263916701078,1.01849365234375,1.01853716373444,1.00855398178101
E000V00206,-73.941,-48.958,1.99374556541443,1.01363039016724,1.01689302921295,1.00446724891663,1.00086534023285,1.01590490341187,1.01594817638397,0.0297412388026714
E000V00207,-73.57,-51.07,0.0994270816445351,0.097938559949398,0.101153038442135,0.0621297284960747,0.05642981082201,0.0981922000646591,0.0989422723650932,0.061901468783617
E000V00158,-72.967,-51.184,1.9676661491394,1.96748042106628,1.96907532215118,0.992108941078186,0.988748788833618,1.9672144651413,1.96782064437866,0.991220057010651
E000V00159,-71.164,-52.309,1.98431801795959,1.99062991142273,1.98987591266632,1.9788830280304,1.96711552143097,1.98112559318542,1.98555958271027,1.90624833106995
E000V00161,-70.361,-52.432,1.96749067306519,1.98912596702576,1.98876738548279,1.97257709503174,1.9252837896347,1.95463228225708,1.96080923080444,0.985542893409729
E000V00160,-71.505,-52.601,1.98244452476501,1.98956823348999,1.98713457584381,1.97703766822815,1.96672427654266,1.97925579547882,1.98499989509583,1.06154334545135
E000V00162,-69.27,-52.8,1.00771939754486,1.99853789806366,1.99885833263397,1.99508666992188,1.00294733047485,1.99439191818237,1.99525928497314,0.0102900229394436
E000520006,-70.839,-53.002,1.76183748245239,1.88852822780609,1.83261358737946,1.748659491539,1.33949017524719,1.45375323295593,1.53926312923431,0.796352386474609
E000530005,-70.326,-53.254,1.98460209369659,1.99454951286316,1.99255323410034,1.98622941970825,1.01079630851746,1.02034199237823,1.02441358566284,0.0318009592592716
E000V00208,-71.38,-53.8,0.106643304228783,1.05232262611389,0.114287741482258,0.100588470697403,0.0826368555426598,0.0986800342798233,1.0417058467865,1.00351595878601
E000V00163,-68.804,-54.051,1.00755655765533,1.9959944486618,1.9964941740036,1.00629436969757,0.999625444412231,1.00645959377289,1.00972092151642,0.0123250158503652
E000550001,-67.616,-54.932,1.01503956317902,1.02408933639526,1.02649283409119,0.0388367287814617,0.0303312819451094,0.0422246120870113,1.01659727096558,0.0282279141247272
