Estacion,Lat,Lon,meses:1,3,6,9,12,24,36,48
E000V00003,-69.478,-17.595,0.993316352367401,2.03375887870789,3.46648454666138,2.1321120262146,1.91407454013824,0.282104909420013,0.314550936222076,0.359107553958893
E000V00002,-69.554,-18.197,1.00158560276031,2.00752997398376,3.98569178581238,2.00901770591736,1.9937778711319,0.00849361065775156,0.00845099147409201,0.00969164725393057
E000180005,-70.34,-18.356,1.04093062877655,2.11310696601868,3.57744669914246,2.16536831855774,1.77985286712646,0.248586237430573,0.251390784978867,0.287943750619888
E000V00001,-69.857,-19.011,1.01545858383179,2.07335543632507,3.97408723831177,2.06788396835327,1.11354970932007,0.0244256649166346,0.0173855274915695,0.0200435146689415
E000V00006,-68.638,-19.276,1.01230943202972,2.95428252220154,3.96367764472961,2.95124888420105,2.90608930587769,0.0247615147382021,0.0208516009151936,0.02412960678339
E000V00005,-69.427,-19.313,1.02027451992035,2.93277978897095,3.98218297958374,2.92194294929504,1.96305441856384,0.0251814816147089,0.0145540358498693,0.0168264135718346
E000V00007,-69.767,-19.996,1.9981175661087,3.99313807487488,4.99387359619141,2.99670433998108,1.99972224235535,0.99653035402298,0.000595854944549501,0.000694189104251564
E000V00004,-70.117,-20.25,1.94511759281158,2.21554565429688,3.2333071231842,2.10947632789612,1.99078559875488,0.11568246781826,0.0233903862535954,0.0273077059537172
E000V00008,-69.342,-20.501,1.95819532871246,2.9666919708252,4.89433097839355,2.02257013320923,1.99597704410553,0.0298174768686295,0.0167568065226078,0.0197131298482418
E000200006,-70.181,-20.549,1.7796448469162,2.25567483901978,3.2791588306427,2.14871573448181,1.96107339859009,0.200171589851379,0.111244708299637,0.130115255713463
E000V00011,-68.255,-21.224,1.00048506259918,1.00391590595245,1.0064685344696,1.00418412685394,1.99938154220581,0.00176883104722947,0.00161981536075473,0.00194443832151592
E000V00013,-70.2,-22.091,0.791986763477325,2.25442886352539,2.99708938598633,2.43691611289978,1.61752653121948,0.41148567199707,0.417489409446716,0.502574503421783
E000V00014,-69.666,-22.35,0.126374825835228,2.89264631271362,3.84104537963867,2.92244648933411,1.09577226638794,0.0488812476396561,0.0467898175120354,0.0575925931334496
E000220002,-68.892,-22.498,0.163958191871643,1.18836581707001,2.10803437232971,2.06429219245911,1.96000003814697,0.0448245890438557,0.0327786058187485,0.0424406751990318
E000V00009,-69.32,-22.892,1.83327305316925,2.84825992584229,2.93920159339905,2.89474415779114,1.95485353469849,0.0692304819822311,0.0542976632714272,0.0736573189496994
E000V00012,-68.213,-22.932,2.91162872314453,3.89806795120239,2.97037553787231,2.01171827316284,1.03535950183868,0.976835608482361,0.0193397980183363,0.0282203536480665
E000230001,-70.445,-23.454,0.961789429187775,1.85081887245178,2.39993715286255,2.2639000415802,1.81076180934906,0.752151906490326,0.810740172863007,0.99930614233017
E000V00166,-67.44,-23.6,1.95581793785095,2.00580906867981,2.02656078338623,2.01239585876465,1.04799282550812,0.0595855861902237,0.0431343838572502,0.0595026612281799
E000V00165,-68.57,-23.94,1.95597016811371,1.99574685096741,2.95944499969482,2.94897389411926,1.98099374771118,0.983351588249207,0.0395825803279877,0.990075588226318
E000V00164,-69.69,-24.51,1.97009313106537,1.99328517913818,2.97875761985779,2.00633716583252,1.99458682537079,0.994678199291229,0.995794475078583,1.00446724891663
E000V00167,-69.3,-25,1.96978366374969,1.99169671535492,2.97827005386353,2.00290775299072,1.99205589294434,0.992545306682587,0.993653953075409,1.0029935836792
E000V00010,-70.484,-25.411,0.964876890182495,2.90400147438049,2.91302466392517,2.94066643714905,1.98918402194977,0.980522036552429,1.00120723247528,1.94600915908813
E000V00168,-69.27,-25.7,0.0207733828574419,1.97139167785645,1.99197268486023,1.99593019485474,1.0230792760849,0.0226239841431379,0.0271301735192537,0.99796062707901
E000V00169,-68.99,-26.25,0.000386309344321489,0.0014837208436802,1.00082838535309,1.00112652778625,1.00067746639252,0.000693695154041052,0.000850729993544519,0.00126140774227679
E000V00016,-70.611,-26.332,0.0621501617133617,2.68036794662476,1.12910616397858,2.08132481575012,1.96656906604767,0.134766936302185,0.996829450130463,1.04344415664673
E000V00017,-70.046,-26.391,0.0405658185482025,1.88845956325531,1.09601807594299,2.83577728271484,1.95838189125061,0.107484392821789,0.977554857730865,1.01174640655518
E000V00170,-69.33,-27.07,0.0252866223454475,0.105756603181362,1.06585371494293,1.11041355133057,1.08591723442078,0.0899399742484093,0.10454997420311,0.130980804562569
E000270008,-70.781,-27.254,0.00209799455478787,0.0122584132477641,1.01268804073334,1.01865613460541,0.0315686278045177,0.0160077717155218,0.0129257133230567,0.0151720745489001
E000270009,-70.353,-27.359,0.0387632958590984,0.235168516635895,1.88512742519379,1.9962956905365,1.89870882034302,0.938783586025238,0.236070856451988,0.289034157991409
E000V00171,-69.81,-27.98,0.00774083100259304,0.993675053119659,1.99690055847168,2.01529431343079,2.00813627243042,1.0119686126709,1.01013314723969,1.97620594501495
E000V00019,-71.225,-28.463,0.00457896385341883,1.97735619544983,2.98358535766602,4.94791698455811,3.97167825698853,1.99549758434296,1.99428617954254,1.99904131889343
E000V00018,-70.449,-28.768,0.00759123172610998,1.95545542240143,4.87127065658569,4.89498043060303,3.94079756736755,1.98638367652893,1.97644579410553,1.99271464347839
E000V00015,-70,-28.976,0.00154931575525552,1.00113654136658,2.00643467903137,2.01012229919434,2.00833344459534,1.00746297836304,0.0160998608916998,1.00928711891174
E000V00021,-71.116,-29.372,0.0894706323742867,1.66943418979645,2.88141298294067,3.08030891418457,4.36857175827026,2.6987886428833,1.99310147762299,2.05415678024292
E000290004,-71.207,-29.914,0.149139449000359,0.987462043762207,2.97359991073608,3.20769858360291,3.23978900909424,2.17353296279907,1.38485360145569,1.41042387485504
E000V00022,-70.721,-30.031,0.972664356231689,0.995709717273712,4.88912153244019,4.92461252212524,4.930260181427,3.92486548423767,2.96531057357788,2.97176218032837
E000V00020,-71.082,-30.234,0.904191195964813,0.980046808719635,3.0553035736084,4.72005033493042,4.7341046333313,2.9463415145874,2.88208365440369,2.90593576431274
E000V00172,-71.72,-30.38,0.477687388658524,0.7629274725914,2.49082899093628,3.16123485565186,3.23204493522644,2.49574971199036,2.58006453514099,2.79328107833862
E000V00027,-70.937,-30.746,0.969517290592194,1.00445878505707,4.73559808731079,4.81044244766235,4.81590557098389,2.99216675758362,3.00051355361938,3.02451634407043
E000V00028,-71.256,-30.838,1.64414012432098,1.69823825359344,4.53784084320068,4.66963720321655,4.67938804626465,3.67765426635742,3.69424819946289,3.73952174186707
E000V00026,-70.999,-31.188,0.049068134278059,0.916266560554504,3.74745845794678,3.85302734375,3.85871291160583,2.93307542800903,2.95898222923279,3.0213086605072
E000V00024,-71.413,-31.39,0.0789142102003098,0.144917488098145,1.96748995780945,2.86659932136536,2.88770508766174,2.7301082611084,2.84063053131104,3.57919096946716
E000V00023,-71.152,-31.633,0.0505789928138256,0.105600938200951,1.86813712120056,2.75643634796143,2.78025531768799,2.54528665542603,2.70684123039246,3.39786887168884
E000V00025,-70.97,-31.783,0.00858056731522083,0.0189505349844694,1.97825217247009,2.95090985298157,2.95520281791687,2.06225490570068,2.09397101402283,3.03020262718201
E000320019,-70.707,-32.076,0.0165748298168182,0.0360775627195835,1.86534488201141,2.14397048950195,2.16056180000305,2.03509378433228,2.20749855041504,2.32699251174927
E000V00035,-70.926,-32.251,0.0100635206326842,0.0222218260169029,1.82124388217926,2.66691517829895,2.68573141098022,2.02276563644409,2.85745859146118,2.94140100479126
E000V00174,-70.464,-32.343,0.014295450411737,0.0319394804537296,1.7613433599472,2.05340623855591,2.07917213439941,2.02137732505798,2.23021817207336,2.32506585121155
E000V00033,-70.819,-32.362,0.0141031499952078,0.0313330888748169,1.76474547386169,2.19878768920898,2.22810745239258,2.03021049499512,2.64718842506409,2.75695943832397
E000V00034,-71.441,-32.505,0.031018353998661,0.0710943713784218,1.20872581005096,2.04889893531799,2.10206413269043,2.02722907066345,2.47097039222717,2.76219725608826
E000V00175,-71.014,-32.54,0.00355814304202795,0.00813493691384792,1.10455679893494,2.02445816993713,2.04197835922241,2.01481342315674,2.92914938926697,2.98408961296082
E000V00041,-70.725,-32.594,0.00904993806034327,0.020747410133481,1.70990920066833,2.04618787765503,2.10917448997498,2.05477166175842,2.80447959899902,2.93962144851685
E000V00176,-70.368,-32.618,0.0201843287795782,0.0467303320765495,1.21931648254395,2.01449775695801,2.05875015258789,2.01768350601196,2.28543829917908,2.46686553955078
E000V00040,-70.809,-32.757,0.00486908433958888,0.0115494290366769,1.75359547138214,2.00313425064087,2.64949560165405,2.63727331161499,2.87621521949768,3.58398342132568
E000V00031,-71.526,-32.789,0.0145770404487848,0.0348855964839458,1.12725603580475,1.99887144565582,2.03138184547424,2.00624203681946,2.34896063804626,2.58001446723938
E000V00037,-71.173,-32.79,0.00493486225605011,0.0117437727749348,1.64252424240112,2.0023455619812,2.02022171020508,2.00916576385498,2.25866723060608,2.93283176422119
E000320028,-71.227,-32.828,0.00493486225605011,0.0117437727749348,1.64252424240112,2.0023455619812,2.02022171020508,2.00916576385498,2.25866723060608,2.93283176422119
E000V00032,-70.382,-32.89,0.0110709527507424,0.0271077305078506,0.952990114688873,1.974942445755,2.03087902069092,2.02344942092896,2.4895761013031,2.90907645225525
E000V00036,-71.207,-32.893,0.000308184185996652,0.000762610172387213,1.00597643852234,1.99949324131012,2.00062489509583,2.00026488304138,2.9787540435791,2.98962688446045
E000V00030,-71.517,-32.917,0.00441930582746863,0.0110154552385211,1.00795471668243,1.99239671230316,2.00385570526123,1.99919271469116,2.1752917766571,2.24233555793762
E000V00042,-71.261,-32.994,0.000308184185996652,0.000762610172387213,1.00597643852234,1.99949324131012,2.00062489509583,2.00026488304138,2.9787540435791,2.98962688446045
E000330002,-71.648,-33.023,0.0169239994138479,0.0425765104591846,0.957740306854248,1.96921360492706,2.00518441200256,1.98920273780823,2.31237721443176,2.46583271026611
E000330007,-71.556,-33.065,0.00441930582746863,0.0110154552385211,1.00795471668243,1.99239671230316,2.00385570526123,1.99919271469116,2.1752917766571,2.24233555793762
E000V00029,-71.4,-33.083,0.00441930582746863,0.0110154552385211,1.00795471668243,1.99239671230316,2.00385570526123,1.99919271469116,2.1752917766571,2.24233555793762
E000V00051,-70.834,-33.121,0.00885165203362703,0.0217145998030901,1.02671098709106,1.98313772678375,2.0695812702179,2.06072688102722,2.73766303062439,2.97303748130798
E000V00050,-70.66,-33.147,0.00500603718683124,0.0126825962215662,0.855367481708527,1.97799348831177,2.0010130405426,2.00216698646545,2.7926721572876,2.95340418815613
E000V00177,-71.46,-33.23,0.00286613800562918,0.0074249180033803,0.97311532497406,1.99022567272186,1.99865198135376,1.99739801883698,2.81092238426208,2.84720849990845
E000V00178,-71.155,-33.287,0.00673878751695156,0.0173054542392492,0.898333072662354,1.97522854804993,1.9992915391922,1.99700689315796,2.70470666885376,2.81396102905273
E000V00046,-70.502,-33.353,0.00620711781084538,0.0156486127525568,0.79119473695755,1.97010898590088,1.99454379081726,1.99893021583557,2.42369318008423,2.94014811515808
E000330021,-70.787,-33.378,0.000692960456945002,0.0018101017922163,0.937431752681732,1.99468421936035,1.99789249897003,1.99908351898193,2.95561861991882,2.99210929870605
E000V00043,-70.733,-33.42,0.000692960456945002,0.0018101017922163,0.937431752681732,1.99468421936035,1.99789249897003,1.99908351898193,2.95561861991882,2.99210929870605
E000V00055,-71.026,-33.439,0.00385339371860027,0.0101539939641953,0.30146524310112,1.97353565692902,1.99149239063263,1.9949871301651,2.8689284324646,2.94926166534424
E000V00038,-71.624,-33.439,0.00682179350405931,0.018338730558753,0.862284123897552,1.96378374099731,1.98791182041168,1.98903524875641,2.22556662559509,2.32404971122742
E000330020,-70.683,-33.445,0.000692960456945002,0.0018101017922163,0.937431752681732,1.99468421936035,1.99789249897003,1.99908351898193,2.95561861991882,2.99210929870605
E000330019,-70.549,-33.455,0.00242574349977076,0.00628702575340867,0.246603265404701,1.97854328155518,1.9886599779129,1.9962545633316,2.2066752910614,2.96800780296326
E000V00044,-70.7,-33.467,0.000692960456945002,0.0018101017922163,0.937431752681732,1.99468421936035,1.99789249897003,1.99908351898193,2.95561861991882,2.99210929870605
E000V00047,-70.766,-33.517,0.000692960456945002,0.0018101017922163,0.937431752681732,1.99468421936035,1.99789249897003,1.99908351898193,2.95561861991882,2.99210929870605
E000V00039,-71.596,-33.543,0.00682179350405931,0.018338730558753,0.862284123897552,1.96378374099731,1.98791182041168,1.98903524875641,2.22556662559509,2.32404971122742
E000V00045,-70.548,-33.545,0.00242574349977076,0.00628702575340867,0.246603265404701,1.97854328155518,1.9886599779129,1.9962545633316,2.2066752910614,2.96800780296326
E000V00058,-70.902,-33.608,0.00385339371860027,0.0101539939641953,0.30146524310112,1.97353565692902,1.99149239063263,1.9949871301651,2.8689284324646,2.94926166534424
E000V00048,-70.567,-33.617,0.00242574349977076,0.00628702575340867,0.246603265404701,1.97854328155518,1.9886599779129,1.9962545633316,2.2066752910614,2.96800780296326
E000330031,-78.833,-33.636,0.262863606214523,0.650456845760345,0.56713330745697,1.41976642608643,1.64588630199432,1.50067687034607,2.23429989814758,2.48331928253174
E000330030,-71.613,-33.656,0.0101972408592701,0.0284218806773424,0.621547937393188,1.92193984985352,1.96901869773865,1.97711408138275,2.26360201835632,2.52701330184937
E000V00049,-70.089,-33.676,0.0112120127305388,0.0292681194841862,0.204933807253838,1.80547165870667,1.84874749183655,1.9668425321579,2.19025230407715,2.32145237922668
E000V00057,-71.101,-33.692,0.00663163466379046,0.0180397089570761,0.274795055389404,1.92277646064758,1.9711846113205,1.98496520519257,2.76552772521973,2.91412281990051
E000V00052,-70.707,-33.707,0.00339213875122368,0.00912234652787447,0.181044965982437,1.95624542236328,1.97898602485657,1.99172604084015,2.83661556243896,2.95525717735291
E000V00053,-70.639,-33.862,0.00339213875122368,0.00912234652787447,0.181044965982437,1.95624542236328,1.97898602485657,1.99172604084015,2.83661556243896,2.95525717735291
E000V00179,-70.22,-33.878,0.0103249028325081,0.0277996156364679,0.182195171713829,1.40517449378967,1.47894704341888,1.9431300163269,2.26023983955383,2.40144109725952
E000V00056,-71.394,-33.941,0.0106605812907219,0.0308017488569021,0.253158837556839,1.88617169857025,1.95359742641449,1.96974098682404,2.25936913490295,2.83658981323242
E000V00068,-71.825,-33.959,0.00878228899091482,0.0257373172789812,0.191096931695938,1.92718911170959,1.9666610956192,1.9753440618515,2.12212991714478,2.87641477584839
E000V00064,-70.717,-33.983,0.00196666107513011,0.00543830217793584,0.0479999706149101,1.95406007766724,1.98054730892181,1.99309623241425,2.91942977905273,2.96983242034912
E000V00054,-70.995,-34.029,0.00142824777867645,0.00400669546797872,0.0342326574027538,1.95938086509705,1.9907158613205,1.9955917596817,2.93202686309814,2.98180031776428
E000V00059,-70.772,-34.169,0.00327748665586114,0.00930964760482311,0.0532596372067928,1.87204170227051,1.95674538612366,1.98488175868988,2.832768201828,2.94340085983276
E000V00180,-70.402,-34.203,0.00872856937348843,0.024376081302762,0.128010287880898,1.39023733139038,1.49475872516632,1.93297374248505,2.32876229286194,2.45982456207275
E000V00061,-70.997,-34.215,0.00145931728184223,0.00421908730641007,0.0247053653001785,1.12646317481995,1.9870285987854,1.99438190460205,2.10333180427551,2.98054194450378
E000V00062,-71.3,-34.217,0.00477040279656649,0.014042585156858,0.0778998509049416,1.8802797794342,1.96585929393768,1.98298871517181,2.77142477035522,2.94187068939209
E000V00060,-70.948,-34.261,0.00145931728184223,0.00421908730641007,0.0247053653001785,1.12646317481995,1.9870285987854,1.99438190460205,2.10333180427551,2.98054194450378
E000V00066,-70.812,-34.279,0.00327748665586114,0.00930964760482311,0.0532596372067928,1.87204170227051,1.95674538612366,1.98488175868988,2.832768201828,2.94340085983276
E000V00065,-70.834,-34.322,0.00327748665586114,0.00930964760482311,0.0532596372067928,1.87204170227051,1.95674538612366,1.98488175868988,2.832768201828,2.94340085983276
E000V00067,-72.019,-34.394,0.0117672672495246,0.0380962863564491,0.544185757637024,1.88373351097107,1.93948066234589,1.95592105388641,2.0769522190094,2.90572023391724
E000V00063,-70.21,-34.411,0.0106125567108393,0.0297288987785578,0.103549957275391,0.633095979690552,1.26345896720886,1.3779114484787,2.14244699478149,2.23362350463867
E000V00071,-71.463,-34.485,0.0028625747654587,0.00890719145536423,0.0345040373504162,1.93167054653168,1.97665631771088,1.98844122886658,2.0397207736969,2.96619486808777
E000V00069,-71.898,-34.645,0.0110731907188892,0.0376787558197975,0.09893698990345,1.87440991401672,1.93342542648315,1.95265185832977,2.05820155143738,2.90684866905212
E000V00072,-71.4,-34.691,0.00982499774545431,0.0317989848554134,0.0906357988715172,1.51001214981079,1.88124656677246,1.95328998565674,2.08222007751465,2.84921741485596
E000V00070,-71.63,-34.714,0.011677959933877,0.0387960523366928,0.101500764489174,1.81304931640625,1.91006529331207,1.94762647151947,2.07596635818481,2.87514352798462
E000340044,-71.02,-34.721,0.00236860569566488,0.00726577639579773,0.884516060352325,1.91637992858887,1.94020140171051,1.98693013191223,2.03091740608215,2.93373608589172
E000V00181,-70.52,-34.781,0.00254111574031413,0.0074123227968812,0.0225538052618504,1.04079651832581,1.05955028533936,1.98271930217743,2.02925062179565,2.05400037765503
E000V00086,-72.026,-34.855,0.0110731907188892,0.0376787558197975,0.09893698990345,1.87440991401672,1.93342542648315,1.95265185832977,2.05820155143738,2.90684866905212
E000V00084,-71.125,-34.96,0.0124387769028544,0.0392872244119644,0.134693622589111,1.21762454509735,1.31508898735046,1.90671503543854,2.09026145935059,2.28230142593384
E000V00083,-71.832,-34.968,0.0107100987806916,0.0373571440577507,0.0624013245105743,1.81482982635498,1.90549254417419,1.94433271884918,2.05181622505188,2.86275482177734
E000340031,-71.217,-34.969,0.00381174171343446,0.0124374879524112,0.0323071293532848,1.06681704521179,1.10705482959747,1.97556006908417,2.02476143836975,2.09269404411316
E000V00085,-70.811,-35,0.00640294188633561,0.0196067225188017,0.0534651763737202,1.08784079551697,1.12799203395844,1.94998347759247,2.04785108566284,2.11525702476501
E000V00076,-71.956,-35.128,0.0206347703933716,0.0792553499341011,0.0776713490486145,1.66752636432648,1.84374833106995,1.88456845283508,2.07853102684021,2.74802303314209
E000V00182,-70.83,-35.398,0.0226067434996367,0.072305828332901,0.0851890221238136,1.06239259243011,1.21417784690857,1.31073725223541,2.07343316078186,2.18707180023193
E000V00079,-71.467,-35.419,0.0114949503913522,0.0424505732953548,0.037698719650507,1.05957496166229,1.74558222293854,1.90310120582581,2.03282856941223,2.11913347244263
E000V00078,-71.7,-35.533,0.00835756678134203,0.0326222144067287,0.0252017304301262,1.05830907821655,1.90468108654022,1.94000339508057,2.02463030815125,2.09675121307373
E000V00074,-71.454,-35.663,0.0141246514394879,0.0547557547688484,0.0342001840472221,1.02289986610413,1.41079699993134,1.8546234369278,2.02763819694519,2.10359525680542
E000V00077,-72.082,-35.672,0.0241556093096733,0.108854904770851,0.0497973524034023,1.0834436416626,1.76400589942932,1.80857491493225,2.07489490509033,2.21447062492371
E000V00080,-71.062,-35.699,0.0138506004586816,0.0475019179284573,0.037787239998579,0.349196046590805,1.10890698432922,1.15163254737854,2.02980303764343,2.09087944030762
E000V00081,-72.511,-35.707,0.00623481348156929,0.0351215898990631,0.0108173908665776,1.91851878166199,1.95071589946747,1.95970904827118,2.92689442634583,2.95991635322571
E000V00075,-71.631,-35.753,0.0210585836321115,0.0876295045018196,0.0471885688602924,1.05613660812378,1.73037362098694,1.81318688392639,2.04598212242126,2.16635513305664
E000V00082,-72.587,-35.836,0.00623481348156929,0.0351215898990631,0.0108173908665776,1.91851878166199,1.95071589946747,1.95970904827118,2.92689442634583,2.95991635322571
E000V00183,-71.05,-36.06,0.0155252683907747,0.0544903166592121,0.0321313180029392,0.975091159343719,1.07701778411865,1.10173869132996,2.02184820175171,2.07897210121155
E000V00087,-72.783,-36.133,0.0350586026906967,0.649269759654999,0.0308568812906742,0.913227438926697,1.38432157039642,1.6634429693222,2.45083856582642,2.87351298332214
E000V00073,-71.548,-36.257,0.00897848047316074,0.0386669710278511,0.0124711114913225,0.97100168466568,1.01036727428436,1.01949656009674,1.9909154176712,2.04117321968079
E000V00091,-71.9,-36.292,0.0317757651209831,0.174237996339798,0.0372030101716518,0.906638026237488,1.07059860229492,1.11711764335632,2.02340292930603,2.18988919258118
E000V00090,-72.64,-36.43,0.014190879650414,0.20624640583992,0.00866613071411848,0.855736553668976,0.895155727863312,1.75132060050964,2.01802349090576,2.95564961433411
E000V00088,-72.699,-36.492,0.014190879650414,0.20624640583992,0.00866613071411848,0.855736553668976,0.895155727863312,1.75132060050964,2.01802349090576,2.95564961433411
E000V00092,-71.549,-36.56,0.0213708523660898,0.0978062525391579,0.022827684879303,0.257220864295959,0.325442016124725,0.334344476461411,1.33536636829376,2.08323860168457
E000360011,-72.037,-36.586,0.0300927069038153,0.190235510468483,0.0267029143869877,0.338920950889587,0.975492298603058,1.01532006263733,1.98524582386017,2.15820789337158
E000V00089,-72.603,-36.625,0.0619801841676235,0.807744383811951,0.0301761459559202,0.383612811565399,0.528757095336914,1.04884624481201,1.94138884544373,2.71882843971252
E000V00099,-72.965,-36.672,0.00637037493288517,0.994087278842926,0.00208090501837432,0.0251061748713255,0.0355422459542751,0.044920552521944,2.00180101394653,2.98818826675415
E000V00096,-72.704,-36.697,0.0345440097153187,0.917326211929321,0.0130488788709044,0.189894020557404,0.254459798336029,0.957895517349243,2.00087881088257,2.91166067123413
E000V00098,-72.983,-36.733,0.00637037493288517,0.994087278842926,0.00208090501837432,0.0251061748713255,0.0355422459542751,0.044920552521944,2.00180101394653,2.98818826675415
E000360019,-73.066,-36.781,0.00637037493288517,0.994087278842926,0.00208090501837432,0.0251061748713255,0.0355422459542751,0.044920552521944,2.00180101394653,2.98818826675415
E000V00184,-71.5,-36.88,0.050987433642149,0.261510193347931,0.0327589474618435,0.258597731590271,0.369295984506607,0.35495913028717,1.98087823390961,2.16139626502991
E000V00093,-72.099,-36.977,0.0391147471964359,0.894631385803223,0.0204738508909941,0.185399517416954,0.293607413768768,0.321815967559814,1.57471466064453,2.38130116462708
E000V00095,-73.14,-37.005,0.246150523424149,1.11639583110809,0.048184759914875,0.644988000392914,1.01922869682312,0.887068867683411,2.04050445556641,2.61172652244568
E000V00106,-72.403,-37.035,0.0678080767393112,0.951665163040161,0.0231721363961697,0.259865641593933,0.406301289796829,0.947075366973877,1.50843834877014,2.32610177993774
E000V00097,-73.155,-37.092,0.246150523424149,1.11639583110809,0.048184759914875,0.644988000392914,1.01922869682312,0.887068867683411,2.04050445556641,2.61172652244568
E000V00105,-71.245,-37.111,0.0480207428336143,0.195895716547966,0.0337350703775883,0.246820256114006,0.338337540626526,0.322374761104584,2.00323915481567,2.12611937522888
E000V00094,-72.012,-37.141,0.0287394896149635,0.967991828918457,0.0117825930938125,0.115042380988598,0.201302155852318,0.195703282952309,1.96514296531677,2.83389472961426
E000V00108,-72.946,-37.167,0.630252242088318,1.15251529216766,0.0225103963166475,0.884363770484924,1.63439464569092,1.48022258281708,2.00540113449097,2.70652842521667
E000V00107,-72.328,-37.213,0.0505193658173084,0.986266076564789,0.0179879833012819,0.188805818557739,0.3574258685112,0.804784536361694,1.86476027965546,2.69721412658691
E000V00111,-71.949,-37.293,0.0287394896149635,0.967991828918457,0.0117825930938125,0.115042380988598,0.201302155852318,0.195703282952309,1.96514296531677,2.83389472961426
E000V00100,-73.437,-37.305,0.144476905465126,1.80538785457611,0.0190722644329071,0.962285995483398,1.79953157901764,1.00650954246521,2.01971077919006,2.11042952537537
E000V00185,-71.566,-37.323,0.0526007376611233,0.266351580619812,0.0262565203011036,0.213871166110039,0.323434144258499,0.291128158569336,2.00611066818237,2.14355087280273
E000370033,-72.424,-37.397,0.124371446669102,1.18245792388916,0.030657347291708,0.467851519584656,1.04197454452515,0.513197302818298,1.64094829559326,2.24751424789429
E000V00186,-72.83,-37.418,0.152889803051949,1.5936324596405,0.0283439196646214,0.864130139350891,1.51998293399811,0.89135730266571,1.97815489768982,2.20978116989136
E000V00103,-73.33,-37.485,0.790259182453156,1.81483054161072,0.0176625605672598,0.967072904109955,1.75979506969452,0.996780812740326,2.0173978805542,2.10399627685547
E000V00110,-71.875,-37.536,0.0892268568277359,0.881628334522247,0.031706266105175,0.340133160352707,0.903382837772369,0.783700942993164,2.01677227020264,2.25009036064148
E000V00104,-73.462,-37.627,0.748983681201935,1.72695243358612,0.0348363220691681,0.977434456348419,1.21516942977905,0.988152980804443,2.04569435119629,2.13765740394592
E000V00109,-72.007,-37.685,0.0711894631385803,1.04686450958252,0.0173007473349571,0.916562080383301,1.76925122737885,0.971783936023712,2.02767992019653,2.1090829372406
E000V00116,-72.605,-37.726,0.163969069719315,1.66547060012817,0.0335851199924946,0.927362859249115,1.137451171875,0.442133158445358,2.0314621925354,2.19903039932251
E000V00101,-73.412,-37.892,0.516407907009125,1.41631102561951,0.0807903409004211,0.980947852134705,1.31419825553894,0.960515558719635,2.1205039024353,2.27648663520813
E000V00102,-73.097,-37.95,0.652189314365387,1.64216279983521,0.0332694947719574,0.992862462997437,1.13223147392273,0.489824235439301,2.05136704444885,2.12411189079285
E000V00112,-71.435,-38.057,0.132405683398247,1.06894731521606,0.0270543862134218,1.01359379291534,1.83309125900269,1.04480767250061,2.05547595024109,2.16560029983521
E000V00114,-72.298,-38.146,0.972266674041748,2.88972592353821,0.0110631892457604,1.93134117126465,1.97213554382324,1.00797116756439,2.94136500358582,2.95335531234741
E000V00117,-72.273,-38.228,0.972266674041748,2.88972592353821,0.0110631892457604,1.93134117126465,1.97213554382324,1.00797116756439,2.94136500358582,2.95335531234741
E000V00113,-71.233,-38.25,0.990505337715149,1.98628783226013,0.00135072530247271,1.98504757881165,1.99438655376434,1.98631036281586,2.00385499000549,2.99142456054688
E000V00188,-72.956,-38.207,0.096528597176075,1.08157432079315,0.0192691143602133,1.0050710439682,1.06873035430908,0.984681129455566,2.03115963935852,2.05633091926575
E000V00187,-71.75,-38.414,0.268367826938629,1.81428980827332,0.0486455410718918,1.09618818759918,1.90640532970428,1.10805308818817,2.14641880989075,2.86980533599854
E000V00121,-72.399,-38.435,0.766926229000092,1.76312875747681,0.167730316519737,1.08323109149933,1.70404529571533,1.10724198818207,2.14661598205566,2.19820094108582
E000V00129,-72.85,-38.446,0.270551115274429,1.22986590862274,0.0896264165639877,1.03389346599579,1.25461137294769,1.05523824691772,2.09698510169983,2.14379978179932
E000V00126,-72.224,-38.675,1.44602537155151,1.79567885398865,0.711170017719269,1.62771654129028,2.36837196350098,1.70917475223541,2.67469763755798,2.70420145988464
E000V00115,-71.141,-38.732,0.910088419914246,1.10684907436371,0.0410346612334251,1.09253489971161,1.8907014131546,1.12666475772858,2.79439973831177,2.87848615646362
E000380013,-72.46,-38.768,0.129400879144669,1.90656638145447,0.874511957168579,0.207511007785797,0.29881963133812,1.05067098140717,1.22625923156738,1.23630487918854
E000V00120,-71.683,-38.834,1.44145607948303,1.734450340271,0.0738961026072502,1.66481244564056,1.90296232700348,1.69351232051849,2.7501757144928,2.84962010383606
E000V00128,-72.787,-39.022,0.112324349582195,1.03253519535065,0.02458381280303,1.01568508148193,1.95451951026917,1.03170168399811,2.0349555015564,2.04010033607483
E000V00127,-72.252,-39.007,1.00036633014679,1.00300645828247,0.00254460936412215,1.99615919589996,1.99982297420502,1.99686753749847,2.99705410003662,2.99732685089111
E000V00122,-72.922,-39.071,0.191753536462784,1.07555711269379,0.05436722189188,1.03621685504913,1.85044169425964,1.07601952552795,2.10710525512695,2.12442278862
E000V00118,-72.615,-39.103,0.763085246086121,1.27838742733002,0.232377544045448,1.15607082843781,1.74587023258209,1.28995406627655,2.24582576751709,2.27225518226624
E000V00124,-73.133,-39.165,0.382459133863449,1.1390129327774,0.114266060292721,1.07948768138885,1.58055806159973,1.1983699798584,2.32216858863831,2.33722710609436
E000V00125,-72.261,-39.196,1.73943161964417,1.80373287200928,0.797880470752716,1.85268807411194,2.72387981414795,1.87539100646973,2.91116213798523,2.91858649253845
E000V00119,-71.868,-39.262,1.42487525939941,1.09012997150421,0.0632843300700188,1.55465352535248,1.91745781898499,1.60476922988892,2.8476939201355,2.87673449516296
E000V00123,-71.926,-39.289,1.20592629909515,1.09110927581787,0.0803681313991547,1.31111109256744,1.98355674743652,1.34317088127136,2.89617347717285,2.91059970855713
E000V00189,-72.55,-39.373,0.912959635257721,1.16903495788574,0.154221683740616,1.48123681545258,1.94667840003967,1.53944146633148,2.59146666526794,2.60505986213684
E000V00190,-73.177,-39.39,0.300406962633133,1.11517536640167,0.0934031456708908,1.06839954853058,1.41308283805847,1.18697440624237,2.32494211196899,2.30207228660583
E000V00131,-72.95,-39.632,0.160558864474297,1.06660914421082,0.0448746867477894,1.03741359710693,1.24270844459534,1.11182081699371,2.23147797584534,2.18038558959961
E000390006,-73.087,-39.657,0.160558864474297,1.06660914421082,0.0448746867477894,1.03741359710693,1.24270844459534,1.11182081699371,2.23147797584534,2.18038558959961
E000V00130,-72.501,-39.863,0.82745748758316,1.0475777387619,0.0581448823213577,1.06703293323517,1.85415124893188,1.15804314613342,2.81954860687256,2.80269622802734
E000V00191,-71.91,-39.88,0.809350252151489,0.515495479106903,0.0610490925610065,0.518998622894287,1.33703565597534,1.14064288139343,2.37644720077515,2.3771538734436
E000V00132,-72.927,-40.096,0.209598004817963,1.18710827827454,0.0740611106157303,1.05288922786713,1.80200803279877,1.24540853500366,2.84272575378418,2.336745262146
E000V00134,-72.415,-40.134,0.70092636346817,1.04851067066193,0.0669446736574173,0.978975236415863,1.79322910308838,1.19243490695953,2.87589931488037,2.81337404251099
E000V00193,-73.647,-40.168,0.556812465190887,1.37318480014801,0.266841173171997,1.18041288852692,1.6575562953949,1.53432941436768,2.95328879356384,2.75168418884277
E000V00133,-73.024,-40.317,0.0866074338555336,1.8313330411911,0.0392883643507957,1.02978444099426,1.94754958152771,1.85313630104065,2.98425936698914,2.88105177879333
E000V00135,-72.979,-40.323,0.0866074338555336,1.8313330411911,0.0392883643507957,1.02978444099426,1.94754958152771,1.85313630104065,2.98425936698914,2.88105177879333
E000V00139,-73.308,-40.348,0.651216864585876,1.72450661659241,0.541728317737579,1.5178347826004,1.86624205112457,1.77857995033264,3.40375185012817,2.84079003334045
E000V00192,-72,-40.52,0.00779468053951859,0.0136669371277094,0.0017410748405382,0.0130111519247293,1.00803852081299,1.00397348403931,2.99567580223083,2.99530410766602
E000400009,-73.058,-40.614,0.538970649242401,1.4534866809845,0.148106083273888,1.11932897567749,1.59410130977631,1.52916598320007,2.75242018699646,2.59456276893616
E000V00194,-72.116,-40.623,0.00779468053951859,0.0136669371277094,0.0017410748405382,0.0130111519247293,1.00803852081299,1.00397348403931,2.99567580223083,2.99530410766602
E000V00136,-73.152,-40.765,0.843314528465271,1.74240243434906,0.704988241195679,1.68137586116791,1.85096669197083,1.83354389667511,3.58409333229065,2.88595914840698
E000V00138,-73.157,-40.861,0.843314528465271,1.74240243434906,0.704988241195679,1.68137586116791,1.85096669197083,1.83354389667511,3.58409333229065,2.88595914840698
E000V00195,-73.815,-40.873,0.809009253978729,1.71657526493073,0.112551130354404,1.06442880630493,1.84665155410767,1.82551741600037,3.57408022880554,3.48590755462646
E000V00137,-72.886,-40.957,0.362202823162079,1.24786782264709,0.237542718648911,1.19471323490143,1.82642543315887,1.82092428207397,3.12190175056458,2.89599585533142
E000V00142,-73.377,-41.115,0.437478810548782,1.3130589723587,0.179294019937515,1.11929488182068,1.79522168636322,1.79618692398071,3.15497350692749,2.99722623825073
E000V00197,-72.339,-41.142,0.149977594614029,0.889725029468536,0.0467808097600937,0.852034866809845,1.70918118953705,1.12192451953888,2.92059779167175,2.90082931518555
E000V00143,-73.009,-41.259,0.00709963869303465,1.00192928314209,0.00196145824156702,1.00063800811768,1.99084794521332,1.99353659152985,2.99715423583984,2.99551749229431
E000V00196,-73.809,-41.359,0.827091038227081,1.7323979139328,0.0583864338696003,0.9964240193367,1.84003818035126,1.8566769361496,3.62890243530273,3.58923435211182
E000410005,-73.096,-41.448,0.735205173492432,1.03786444664001,0.0456418208777905,0.971889317035675,0.654158771038055,1.25415503978729,2.37373828887939,2.34240961074829
E000V00198,-72.275,-41.579,0.0685839802026749,0.179001525044441,0.0196062531322241,0.157654896378517,1.09071362018585,1.04828643798828,2.95966243743896,2.95264983177185
E000V00144,-73.672,-41.71,0.644579946994781,1.32348036766052,0.0908778011798859,0.706735074520111,1.32333719730377,1.53890895843506,2.96479606628418,2.91689300537109
E000V00140,-72.435,-41.938,0.510887980461121,0.848124623298645,0.0809688791632652,0.516442000865936,1.14718377590179,1.16433453559875,2.74474573135376,2.71914386749268
E000V00141,-71.865,-42.075,0.434457629919052,0.780477941036224,0.112802363932133,0.64764791727066,1.19457828998566,1.13484561443329,2.59902787208557,2.59442472457886
E000V00151,-72.417,-42.1,0.510887980461121,0.848124623298645,0.0809688791632652,0.516442000865936,1.14718377590179,1.16433453559875,2.74474573135376,2.71914386749268
E000V00149,-73.49,-42.157,0.73140960931778,1.65019142627716,0.013343783095479,0.0811513215303421,1.00695240497589,1.69945001602173,2.9505455493927,2.94385552406311
E000V00199,-74.078,-42.285,0.909741163253784,1.02089738845825,0.0125430589541793,0.0727620795369148,0.191943109035492,1.07261502742767,2.14074659347534,2.13282823562622
E000V00201,-72.663,-42.355,0.82318252325058,0.959490597248077,0.029809383675456,0.181057468056679,1.01332700252533,1.04726552963257,2.87274575233459,2.86306428909302
E000V00147,-73.568,-42.404,0.187241643667221,1.05293929576874,0.0181551836431026,0.103047139942646,0.992853760719299,1.16853332519531,2.91518807411194,2.90458464622498
E000V00148,-73.633,-42.583,0.277072012424469,1.0443172454834,0.0256514549255371,0.143349677324295,0.946870982646942,1.42195725440979,2.83937788009644,2.81946706771851
E000V00146,-73.789,-42.704,0.046216793358326,0.995436906814575,0.00547425029799342,0.0290387030690908,0.993370532989502,1.92410159111023,2.97027397155762,2.96347141265869
E000V00145,-72.717,-42.883,0.132510617375374,0.161418452858925,0.0164372567087412,0.0846395865082741,0.181816652417183,0.204264178872108,2.09951972961426,2.09511113166809
E000430002,-71.852,-43.189,0.143128931522369,0.0983929485082626,0.0147780505940318,0.0703253746032715,0.119170047342777,0.126165643334389,1.2462272644043,1.24626207351685
E000V00200,-74.295,-43.208,0.976993560791016,0.0434897094964981,0.00455184280872345,0.0216505229473114,0.998177230358124,1.01167058944702,2.97952055931091,2.02563405036926
E000V00202,-72.85,-43.364,0.189571723341942,0.179160267114639,0.0202878620475531,0.100372157990932,0.199630573391914,0.228615090250969,2.09751343727112,2.09193301200867
E000V00150,-72.126,-43.474,0.924038708209991,0.109968610107899,0.0145777277648449,0.068772479891777,0.121453620493412,0.137015968561172,2.01419949531555,2.01231813430786
E000430004,-71.801,-43.612,0.553215861320496,0.291140854358673,0.0433905236423016,0.200477495789528,0.334012627601624,0.363888204097748,1.8090912103653,1.80833995342255
E000V00153,-73.74,-43.89,0.71746152639389,0.750156462192535,0.0880462378263474,0.391560733318329,0.774622797966003,1.00276291370392,2.45285534858704,2.36772608757019
E000V00152,-72.387,-43.917,1.68759608268738,0.140980213880539,0.0162892621010542,0.0728488638997078,0.125593736767769,0.163379043340683,2.05164957046509,2.04710721969604
E000V00154,-71.847,-44.24,0.85357403755188,0.637885928153992,0.0792847201228142,0.338952273130417,0.543169140815735,0.677700757980347,2.11901783943176,2.09952545166016
E000V00203,-73.097,-44.729,1.88003623485565,0.984023094177246,0.00786670576781034,0.0327364727854729,0.0556601956486702,0.986744701862335,2.91321182250977,2.90829300880432
E000450001,-72.677,-45.399,0.993795812129974,1.02216470241547,0.00995803810656071,0.0389380529522896,0.0680309757590294,0.969156444072723,1.99627602100372,1.97072863578796
E000450004,-72.102,-45.591,0.998587012290955,1.8242084980011,0.0112080816179514,0.0434900857508183,0.0698591992259026,0.165565177798271,1.21871888637543,0.438361614942551
E000450005,-71.678,-45.918,1.06669235229492,1.82442855834961,0.00657550292089581,0.0245704054832458,0.039018277078867,0.194498255848885,1.94734454154968,1.94195079803467
E000V00157,-71.941,-46.278,1.9216490983963,1.02507054805756,0.00262272055260837,0.0096843708306551,0.0161036662757397,0.99102109670639,1.9739111661911,1.98341262340546
E000V00205,-74.778,-46.355,0.981792986392975,0.993500173091888,0.00698606250807643,0.025495620444417,0.0426685474812984,1.00629019737244,2.00797843933105,2.0067732334137
E000V00204,-73.336,-46.569,0.0827350914478302,1.00557100772858,0.00695961015298963,0.0254630316048861,0.947384595870972,1.89715898036957,1.99194765090942,1.98900818824768
E000460001,-71.685,-46.585,1.09138178825378,1.03200578689575,0.00585091020911932,0.0212175436317921,0.0339497327804565,1.76705145835876,1.18569874763489,1.98073887825012
E000470001,-72.583,-47.244,0.991946041584015,1.94097816944122,0.00370054203085601,0.0129751823842525,0.0239284038543701,0.0600368529558182,1.04832923412323,1.04761707782745
E000V00156,-73.536,-47.8,0.995553016662598,0.99660050868988,0.0019194558262825,0.00657143350690603,0.0117827318608761,0.999221324920654,1.996666431427,1.99281704425812
E000V00155,-72.56,-48.471,0.995607316493988,0.0196968149393797,0.00205788854509592,0.00681455247104168,0.0102949189022183,0.99752140045166,1.99552607536316,1.01701641082764
E000V00206,-73.941,-48.958,1.97183001041412,0.015006160363555,0.00223850109614432,0.00726081058382988,0.0106632271781564,0.998272657394409,1.99655079841614,1.01666986942291
E000V00207,-73.57,-51.07,0.0135503485798836,0.0125316707417369,0.00325001613236964,0.00989205483347178,0.0134873948991299,0.0195714458823204,0.070173516869545,1.01545667648315
E000V00158,-72.967,-51.184,0.00666036223992705,0.006720881909132,0.00181182287633419,0.00547640863806009,0.0074194110929966,0.0103347655385733,0.994679927825928,1.00802636146545
E000V00159,-71.164,-52.309,0.00752450153231621,0.00949838757514954,0.00307204690761864,0.00899827387183905,0.0118880160152912,0.0151644209399819,1.00698757171631,0.996495485305786
E000V00161,-70.361,-52.432,0.00993436109274626,0.0133595000952482,0.00463470397517085,0.0134097384288907,0.0175526328384876,0.0233741831034422,0.99158501625061,0.090591624379158
E000V00160,-71.505,-52.601,0.00672260718420148,0.00852018035948277,0.00280780484899879,0.00818698853254318,0.0107950735837221,0.0136708095669746,1.00618553161621,1.00059843063354
E000V00162,-69.27,-52.8,0.00159430236089975,0.0022586677223444,0.00084217544645071,0.00240344647318125,0.00311711779795587,0.00494102295488119,1.00114333629608,0.999276161193848
E000520006,-70.839,-53.002,0.0504027307033539,0.0678290948271751,0.0240957587957382,0.0692063793540001,0.0903631076216698,0.119281634688377,0.751375615596771,0.585480511188507
E000530005,-70.326,-53.254,0.00309051712974906,0.00428338721394539,0.00158393860328943,0.00451134657487273,0.00585972191765904,0.00855782348662615,0.037339124828577,0.0296908542513847
E000V00208,-71.38,-53.8,0.00852477643638849,0.0116156488656998,0.00430554524064064,0.0122214825823903,0.0158833488821983,0.0198948867619038,1.00595939159393,1.00261676311493
E000V00163,-68.804,-54.051,0.00230656238272786,0.00342999259009957,0.00141791021451354,0.00393658131361008,0.00503972731530666,0.990192234516144,1.00315535068512,1.00255942344666
E000550001,-67.616,-54.932,0.00584525056183338,0.00913509633392096,0.00415960839018226,0.0112456642091274,0.0142155569046736,0.0213689375668764,1.011883020401,1.01208198070526
