Estacion,Lat,Lon,meses:1,3,6,9,12,24,36,48
E000V00003,-69.478,-17.595,2.8440318107605,3.1261146068573,2.13040208816528,1.89531207084656,1.28264176845551,0.353226393461227,0.372724741697311,0.403803795576096
E000V00002,-69.554,-18.197,3.00429344177246,3.01542496681213,2.00573992729187,1.99203550815582,1.00975799560547,0.0103007983416319,0.00997668784111738,0.0108592659235001
E000180005,-70.34,-18.356,3.06875848770142,3.33943271636963,2.12404322624207,1.73422396183014,1.24207258224487,0.303371489048004,0.29679262638092,0.322991967201233
E000V00001,-69.857,-19.011,3.89949941635132,3.96551108360291,2.01973986625671,1.10363686084747,1.02774369716644,0.0278940573334694,0.0204306077212095,0.0223625954240561
E000V00006,-68.638,-19.276,3.91848611831665,3.96430277824402,2.92802309989929,2.89439368247986,1.93838095664978,0.0286418180912733,0.0244811624288559,0.0268319938331842
E000V00005,-69.427,-19.313,3.06695628166199,3.97996068000793,2.02546906471252,1.95151245594025,1.03221428394318,0.0279591511934996,0.0170749183744192,0.0187279842793941
E000V00007,-69.767,-19.996,4.99232959747314,4.99397420883179,2.9962272644043,1.9973886013031,1.99648141860962,0.996631324291229,0.000694779970217496,0.000767622084822506
E000V00004,-70.117,-20.25,3.19004917144775,3.23794364929199,2.10139870643616,1.13149857521057,1.11049425601959,0.1195412799716,0.0272085350006819,0.0301445741206408
E000V00008,-69.342,-20.501,3.94177055358887,4.89726686477661,2.01714491844177,1.04155731201172,1.02546203136444,0.0320670232176781,0.0194518156349659,0.0216055698692799
E000200006,-70.181,-20.549,3.14130878448486,3.30292129516602,2.12767863273621,1.23772180080414,1.16662418842316,0.21818171441555,0.129084423184395,0.143422976136208
E000V00011,-68.255,-21.224,1.00484764575958,1.00668847560883,1.0039393901825,1.00181114673615,1.00059330463409,0.00180645030923188,0.00187088502570987,0.00209104176610708
E000V00013,-70.2,-22.091,2.46067714691162,2.84133172035217,2.09762859344482,1.17884707450867,0.920334041118622,0.450036823749542,0.47362020611763,0.539540946483612
E000V00014,-69.666,-22.35,2.90954828262329,2.96264553070068,2.00921010971069,0.176675841212273,0.118066690862179,0.0495609939098358,0.0527688376605511,0.0604295954108238
E000220002,-68.892,-22.498,1.18170201778412,2.08744812011719,2.00482153892517,1.04922461509705,0.107251919806004,0.0341266393661499,0.036875419318676,0.0423142351210117
E000V00009,-69.32,-22.892,2.85314702987671,2.92515444755554,2.01395726203918,1.89095151424408,0.967814445495605,0.055276233702898,0.0600343905389309,0.0697999149560928
E000V00012,-68.213,-22.932,2.00013136863708,2.02138185501099,2.00232076644897,1.01914989948273,0.0472769550979137,0.0197643339633942,0.0217134542763233,0.0250141527503729
E000230001,-70.445,-23.454,2.08998847007751,2.63442444801331,2.15344953536987,1.72582173347473,1.36627519130707,0.8071528673172,0.878023624420166,1.04799854755402
E000V00166,-67.44,-23.6,1.99645233154297,2.02862787246704,1.08454608917236,0.114716202020645,0.0859459564089775,0.0438258051872253,0.0487165115773678,0.0560444481670856
E000V00165,-68.57,-23.94,2.94004368782043,2.96707677841187,2.94192266464233,1.97297787666321,1.95001471042633,0.0394613444805145,0.0429236143827438,0.0509343594312668
E000V00164,-69.69,-24.51,2.97070956230164,2.98822546005249,2.00410842895508,1.99450874328613,1.01915979385376,0.994809448719025,0.996566772460938,1.00466477870941
E000V00167,-69.3,-25,2.96949195861816,2.98636198043823,2.00214004516602,1.99243581295013,1.98174679279327,0.992673814296722,0.993955194950104,1.00315999984741
E000V00010,-70.484,-25.411,1.98530256748199,2.97530841827393,2.00840926170349,1.99234521389008,1.96185314655304,0.985144674777985,0.989654958248138,1.9510852098465
E000V00168,-69.27,-25.7,1.01675093173981,2.00868368148804,1.99460816383362,1.02423071861267,1.00719439983368,0.0240845680236816,0.025726106017828,0.999540686607361
E000V00169,-68.99,-26.25,0.00163082149811089,1.00142276287079,1.00113379955292,1.00073087215424,0.00147547747474164,0.000760803872253746,0.000822427100501955,0.00133558711968362
E000V00016,-70.611,-26.332,1.95367670059204,2.97700715065002,2.01531720161438,1.96929359436035,1.08172106742859,0.139824345707893,0.149626478552818,1.05719387531281
E000V00017,-70.046,-26.391,1.93856012821198,3.73568558692932,1.9999737739563,1.95697104930878,1.04730832576752,0.107724867761135,0.115291774272919,1.02304291725159
E000V00170,-69.33,-27.07,1.04697000980377,1.13930690288544,1.11523067951202,1.09044659137726,0.156343266367912,0.0957978442311287,0.102215953171253,0.141753867268562
E000270008,-70.781,-27.254,1.99817538261414,2.0069420337677,1.01957273483276,0.027193758636713,0.0235294532030821,0.0117083787918091,0.0123473685234785,0.0165065601468086
E000270009,-70.353,-27.359,1.94515824317932,2.11287450790405,2.00270581245422,1.16796827316284,1.08646214008331,0.209571048617363,0.219782337546349,0.311596244573593
E000V00171,-69.81,-27.98,1.99126327037811,2.0241596698761,2.0213463306427,2.00958585739136,1.99591195583344,1.0135657787323,1.01379942893982,1.98276937007904
E000V00019,-71.225,-28.463,3.95755219459534,4.9542875289917,4.95587015151978,3.97312545776367,2.99146342277527,1.99631893634796,1.99749076366425,2.00537300109863
E000V00018,-70.449,-28.768,3.91698718070984,4.90387868881226,3.95528697967529,3.94333004951477,3.92401242256165,1.98789870738983,1.98151838779449,2.00244450569153
E000V00015,-70,-28.976,2.00324368476868,2.01142024993896,2.01068997383118,2.00937604904175,1.01631903648376,1.00836038589478,0.0172422062605619,1.01101768016815
E000V00021,-71.116,-29.372,3.49833011627197,3.81524443626404,4.47583055496216,3.75467777252197,3.61600637435913,2.04721355438232,2.03992772102356,2.78766393661499
E000290004,-71.207,-29.914,3.75468873977661,4.0033016204834,3.2854175567627,3.25900840759277,2.36139583587646,1.41909193992615,1.41141676902771,1.4731251001358
E000V00022,-70.721,-30.031,3.94014501571655,4.93737506866455,4.94108772277832,4.93564033508301,3.95912885665894,3.92205023765564,2.97163414955139,2.98559427261353
E000V00020,-71.082,-30.234,3.77161693572998,4.76831483840942,4.77588415145874,4.76138591766357,3.85140347480774,2.93487429618835,2.90679049491882,2.97325682640076
E000V00172,-71.72,-30.38,2.02088165283203,3.29918098449707,3.60550880432129,3.52507042884827,3.25258541107178,2.67493987083435,2.8009786605835,3.20692682266235
E000V00027,-70.937,-30.746,3.77083659172058,4.81997585296631,4.85574007034302,4.84774112701416,3.96709489822388,3.01269221305847,3.0236382484436,3.96038055419922
E000V00028,-71.256,-30.838,3.60576748847961,4.68697261810303,4.75208520889282,4.73848533630371,4.63234996795654,3.7125256061554,3.73478484153748,4.62787580490112
E000V00026,-70.999,-31.188,1.91657614707947,3.85910391807556,3.94575166702271,3.92923307418823,3.89752626419067,2.97104740142822,3.01138067245483,3.92589902877808
E000V00024,-71.413,-31.39,1.01028645038605,2.8856475353241,3.72058486938477,3.67151856422424,3.09426307678223,2.87618112564087,3.03846740722656,3.73128080368042
E000V00023,-71.152,-31.633,0.887769460678101,2.77327346801758,3.60365080833435,3.45282983779907,3.39381217956543,2.75447225570679,3.36798548698425,3.5502827167511
E000V00025,-70.97,-31.783,0.978284299373627,2.95378565788269,3.91759324073792,3.04181885719299,3.03716611862183,2.10714626312256,3.0304160118103,3.05854916572571
E000320019,-70.707,-32.076,0.825206756591797,2.15199875831604,2.42343902587891,2.35308337211609,2.36010670661926,2.85527873039246,2.34211373329163,2.42607760429382
E000V00035,-70.926,-32.251,0.730640351772308,2.67320990562439,2.97665977478027,2.93563795089722,2.94403624534607,2.8703818321228,2.95824813842773,3.02992987632751
E000V00174,-70.464,-32.343,0.178933456540108,2.06265687942505,2.9203474521637,2.8603298664093,2.90142583847046,2.33467960357666,2.35149002075195,2.98584508895874
E000V00033,-70.819,-32.362,0.404710441827774,2.2077169418335,2.8508505821228,2.79584670066833,2.81784701347351,2.81165647506714,2.78222966194153,2.91794395446777
E000V00034,-71.441,-32.505,0.189292013645172,2.07442450523376,2.78270530700684,2.6271071434021,2.65750861167908,2.51470875740051,2.84750986099243,3.17014861106873
E000V00175,-71.014,-32.54,0.0444561950862408,2.0273654460907,2.99250316619873,2.96531271934509,2.97143244743347,2.14418601989746,2.99539065361023,3.04536128044128
E000V00041,-70.725,-32.594,0.104788087308407,2.05357146263123,2.99842023849487,2.94463586807251,2.97557854652405,2.82032179832458,2.96943855285645,3.09244823455811
E000V00176,-70.368,-32.618,0.127122163772583,2.03083491325378,2.92534923553467,2.56816005706787,2.92064738273621,2.42325901985168,2.52496361732483,3.0692241191864
E000V00040,-70.809,-32.757,0.0328609384596348,2.00826144218445,3.59992337226868,3.56366467475891,3.58476305007935,2.91430044174194,3.61635136604309,3.69208312034607
E000V00031,-71.526,-32.789,0.0747130662202835,2.01420664787292,2.57975244522095,2.43120098114014,2.45479941368103,2.38536906242371,2.65062713623047,2.96419215202332
E000V00037,-71.173,-32.79,0.0293377246707678,2.00759887695312,2.93332004547119,2.2962532043457,2.30561137199402,2.26344299316406,2.95984792709351,3.75112724304199
E000320028,-71.227,-32.828,0.0293377246707678,2.00759887695312,2.93332004547119,2.2962532043457,2.30561137199402,2.26344299316406,2.95984792709351,3.75112724304199
E000V00032,-70.382,-32.89,0.0524476133286953,1.98950052261353,2.92266988754272,2.86926746368408,2.9326856136322,2.9606146812439,3.08756446838379,3.21981453895569
E000V00036,-71.207,-32.893,0.00143557763658464,1.99992656707764,2.98925876617432,2.98129487037659,2.98211479187012,2.98050761222839,2.99327850341797,3.97100925445557
E000V00030,-71.517,-32.917,0.0189465209841728,1.99839496612549,2.24277186393738,2.2082040309906,2.21852326393127,2.19390368461609,2.28318405151367,2.39755630493164
E000V00042,-71.261,-32.994,0.00143557763658464,1.99992656707764,2.98925876617432,2.98129487037659,2.98211479187012,2.98050761222839,2.99327850341797,3.97100925445557
E000330002,-71.648,-33.023,0.0666133910417557,1.99108564853668,2.47124266624451,2.42232465744019,2.45789861679077,2.37048101425171,2.59114480018616,2.76952075958252
E000330007,-71.556,-33.065,0.0189465209841728,1.99839496612549,2.24277186393738,2.2082040309906,2.21852326393127,2.19390368461609,2.28318405151367,2.39755630493164
E000V00029,-71.4,-33.083,0.0189465209841728,1.99839496612549,2.24277186393738,2.2082040309906,2.21852326393127,2.19390368461609,2.28318405151367,2.39755630493164
E000V00051,-70.834,-33.121,0.0439082197844982,1.9954092502594,2.966956615448,2.91883897781372,2.95542097091675,2.99797439575195,3.17921996116638,3.30971050262451
E000V00050,-70.66,-33.147,0.0199367925524712,1.98754787445068,2.92741370201111,2.91610336303711,2.93985295295715,3.07285022735596,3.14771270751953,3.210040807724
E000V00177,-71.46,-33.23,0.0103786485269666,1.9953693151474,2.86991214752197,2.86206197738647,2.87134718894958,2.82779574394226,2.91363930702209,2.96192646026611
E000V00178,-71.155,-33.287,0.0257361251860857,1.98825550079346,2.79323625564575,2.7690851688385,2.79382252693176,2.76418590545654,3.21517419815063,3.37103772163391
E000V00046,-70.502,-33.353,0.0242222864180803,1.98088395595551,2.91731715202332,2.90381169319153,2.93802571296692,3.01801037788391,3.08492159843445,3.15106248855591
E000330021,-70.787,-33.378,0.00230510532855988,1.99666607379913,2.98324751853943,2.98384809494019,2.98839139938354,3.00162744522095,3.01116585731506,3.01947450637817
E000V00043,-70.733,-33.42,0.00230510532855988,1.99666607379913,2.98324751853943,2.98384809494019,2.98839139938354,3.00162744522095,3.01116585731506,3.01947450637817
E000V00055,-71.026,-33.439,0.0127012571319938,1.9853583574295,2.87067174911499,2.90288090705872,2.92596054077148,2.95257902145386,3.03282189369202,3.08347296714783
E000V00038,-71.624,-33.439,0.0210748221725225,1.98063957691193,2.73342514038086,2.73547220230103,2.76652860641479,2.27611470222473,2.87888526916504,3.03851199150085
E000330020,-70.683,-33.445,0.00230510532855988,1.99666607379913,2.98324751853943,2.98384809494019,2.98839139938354,3.00162744522095,3.01116585731506,3.01947450637817
E000330019,-70.549,-33.455,0.00800821464508772,1.98437094688416,2.94674181938171,2.94496417045593,2.9634735584259,2.98968482017517,3.01858615875244,3.04748058319092
E000V00044,-70.7,-33.467,0.00230510532855988,1.99666607379913,2.98324751853943,2.98384809494019,2.98839139938354,3.00162744522095,3.01116585731506,3.01947450637817
E000V00047,-70.766,-33.517,0.00230510532855988,1.99666607379913,2.98324751853943,2.98384809494019,2.98839139938354,3.00162744522095,3.01116585731506,3.01947450637817
E000V00039,-71.596,-33.543,0.0210748221725225,1.98063957691193,2.73342514038086,2.73547220230103,2.76652860641479,2.27611470222473,2.87888526916504,3.03851199150085
E000V00045,-70.548,-33.545,0.00800821464508772,1.98437094688416,2.94674181938171,2.94496417045593,2.9634735584259,2.98968482017517,3.01858615875244,3.04748058319092
E000V00058,-70.902,-33.608,0.0127012571319938,1.9853583574295,2.87067174911499,2.90288090705872,2.92596054077148,2.95257902145386,3.03282189369202,3.08347296714783
E000V00048,-70.567,-33.617,0.00800821464508772,1.98437094688416,2.94674181938171,2.94496417045593,2.9634735584259,2.98968482017517,3.01858615875244,3.04748058319092
E000330031,-78.833,-33.636,0.400461226701736,1.58759307861328,2.24284505844116,2.30108547210693,2.55751204490662,2.26708936691284,2.79592823982239,2.86810421943665
E000330030,-71.613,-33.656,0.0270845293998718,1.95837903022766,2.37579941749573,2.39198851585388,2.46155619621277,2.35500860214233,2.73993587493896,3.0777747631073
E000V00049,-70.089,-33.676,0.0310422535985708,1.82680726051331,2.25705695152283,2.25010323524475,2.78192043304443,2.32577538490295,2.50503873825073,3.07258820533752
E000V00057,-71.101,-33.692,0.0185947492718697,1.96173417568207,2.48690366744995,2.73165273666382,2.79864001274109,2.93345808982849,3.04252457618713,3.14210295677185
E000V00052,-70.707,-33.707,0.00962094776332378,1.97326219081879,2.85018682479858,2.85848331451416,2.89561772346497,3.50662136077881,3.55353713035583,3.60524368286133
E000V00053,-70.639,-33.862,0.00962094776332378,1.97326219081879,2.85018682479858,2.85848331451416,2.89561772346497,3.50662136077881,3.55353713035583,3.60524368286133
E000V00179,-70.22,-33.878,0.0254165977239609,1.43696796894073,2.27118587493896,2.26676082611084,2.38332343101501,2.42715239524841,2.94932317733765,3.12332201004028
E000V00056,-71.394,-33.941,0.0244832839816809,1.94236600399017,2.21699166297913,2.22406935691833,2.35378050804138,2.37639164924622,2.94162535667419,3.12352395057678
E000V00068,-71.825,-33.959,0.0195142012089491,1.95805692672729,2.150714635849,2.15042805671692,2.215092420578,2.20527958869934,2.95065999031067,3.0479142665863
E000V00064,-70.717,-33.983,0.00481397565454245,1.97668266296387,2.10562920570374,2.10717821121216,2.17533445358276,3.00554347038269,3.03522443771362,3.11138868331909
E000V00054,-70.995,-34.029,0.00344750797376037,1.98865175247192,2.04836106300354,2.0528872013092,2.08473968505859,2.9796416759491,3.0028281211853,3.04010009765625
E000V00059,-70.772,-34.169,0.0069795586168766,1.94904804229736,2.07336688041687,2.07016921043396,2.82756447792053,2.9432361125946,2.99480390548706,3.76796865463257
E000V00180,-70.402,-34.203,0.018796605989337,1.44585919380188,2.18100047111511,2.1750762462616,2.36015391349792,2.4699285030365,2.95331239700317,3.20915842056274
E000V00061,-70.997,-34.215,0.00305618089623749,1.98497605323792,2.02965545654297,2.02803015708923,2.09860229492188,2.9734480381012,2.99680089950562,3.07250642776489
E000V00062,-71.3,-34.217,0.00977218896150589,1.96076309680939,2.0813934803009,2.07802486419678,2.792316198349,2.87912487983704,2.98510527610779,3.71163487434387
E000V00060,-70.948,-34.261,0.00305618089623749,1.98497605323792,2.02965545654297,2.02803015708923,2.09860229492188,2.9734480381012,2.99680089950562,3.07250642776489
E000V00066,-70.812,-34.279,0.0069795586168766,1.94904804229736,2.07336688041687,2.07016921043396,2.82756447792053,2.9432361125946,2.99480390548706,3.76796865463257
E000V00065,-70.834,-34.322,0.0069795586168766,1.94904804229736,2.07336688041687,2.07016921043396,2.82756447792053,2.9432361125946,2.99480390548706,3.76796865463257
E000V00067,-72.019,-34.394,0.0192789770662785,1.92417180538177,2.52946877479553,2.52729201316833,2.78716492652893,2.80539751052856,2.97063851356506,3.03221964836121
E000V00063,-70.21,-34.411,0.0203252173960209,0.66672420501709,2.11758494377136,2.11121535301208,2.19538903236389,2.22159218788147,2.35965609550476,3.07952189445496
E000V00071,-71.463,-34.485,0.00497576082125306,1.97432506084442,2.03252100944519,2.02905130386353,2.06845450401306,2.09496402740479,2.98851847648621,3.02633833885193
E000V00069,-71.898,-34.645,0.015874195843935,1.91306436061859,2.08877682685852,2.08714556694031,2.74515151977539,2.76693940162659,2.97317266464233,3.0242338180542
E000V00072,-71.4,-34.691,0.0149296140298247,1.88169622421265,2.08438467979431,2.069580078125,2.18096971511841,2.41744804382324,2.94107460975647,3.05658054351807
E000V00070,-71.63,-34.714,0.0172395892441273,1.88978838920593,2.09174156188965,2.08622074127197,2.35371112823486,2.66201949119568,2.9598913192749,3.03943586349487
E000340044,-71.02,-34.721,0.0037949827965349,1.94399106502533,2.88461685180664,2.0182991027832,2.90764856338501,2.9180371761322,2.97720146179199,3.88491296768188
E000V00181,-70.52,-34.781,0.00424821441993117,1.05096983909607,2.02356934547424,2.01980495452881,2.04271078109741,2.04845476150513,2.08055996894836,3.02018594741821
E000V00086,-72.026,-34.855,0.015874195843935,1.91306436061859,2.08877682685852,2.08714556694031,2.74515151977539,2.76693940162659,2.97317266464233,3.0242338180542
E000V00084,-71.125,-34.96,0.0175468157976866,1.37337958812714,2.13015675544739,2.06719160079956,2.20794177055359,2.22238421440125,2.8132598400116,3.11074542999268
E000V00083,-71.832,-34.968,0.0138480681926012,1.86682844161987,2.05479145050049,2.05152201652527,2.17458868026733,2.20455622673035,2.96126222610474,3.02521562576294
E000340031,-71.217,-34.969,0.00522903306409717,1.85132884979248,2.03035354614258,2.01975870132446,2.05547285079956,2.06143617630005,2.22031927108765,3.02312707901001
E000V00085,-70.811,-35,0.00927072390913963,1.1182998418808,2.05189251899719,2.03542733192444,2.08939528465271,2.09533357620239,2.92646193504333,3.04188179969788
E000V00076,-71.956,-35.128,0.0226914118975401,1.72460901737213,2.06542491912842,2.06675028800964,2.23180222511292,2.2097601890564,2.95355868339539,3.02596783638
E000V00182,-70.83,-35.398,0.0258772075176239,1.09694802761078,2.07050848007202,2.06707406044006,2.16030740737915,2.13633966445923,2.35147523880005,3.03850150108337
E000V00079,-71.467,-35.419,0.0118771465495229,1.08841991424561,2.02955794334412,2.02963399887085,2.12661075592041,2.07287788391113,2.93934655189514,3.01498079299927
E000V00078,-71.7,-35.533,0.00833797268569469,1.07928824424744,2.01986455917358,2.0207736492157,2.09471201896667,2.05514812469482,2.97254753112793,3.00917387008667
E000V00074,-71.454,-35.663,0.0129174897447228,1.04342782497406,2.02223634719849,2.02520155906677,2.32080411911011,2.06234049797058,2.9197371006012,3.0116856098175
E000V00077,-72.082,-35.672,0.0204207878559828,1.14785254001617,2.03837776184082,2.04479765892029,2.21753764152527,2.14381170272827,2.94879174232483,3.01920890808105
E000V00080,-71.062,-35.699,0.0136770401149988,0.332410931587219,2.02647519111633,2.02842593193054,2.08588981628418,2.05930137634277,2.19634437561035,3.01358985900879
E000V00081,-72.511,-35.707,0.00490463525056839,1.94374680519104,2.0139753818512,2.01567840576172,2.95367980003357,2.94986963272095,2.99961853027344,3.00898909568787
E000V00075,-71.631,-35.753,0.0185161773115396,1.10136938095093,2.03213572502136,2.03729295730591,2.54356932640076,2.10153603553772,2.92603206634521,3.01623845100403
E000V00082,-72.587,-35.836,0.00490463525056839,1.94374680519104,2.0139753818512,2.01567840576172,2.95367980003357,2.94986963272095,2.99961853027344,3.00898909568787
E000V00183,-71.05,-36.06,0.0137382224202156,0.262591660022736,2.01665019989014,2.02157473564148,2.07948803901672,2.04629850387573,2.16513824462891,3.00908660888672
E000V00087,-72.783,-36.133,0.0190466027706861,1.68682563304901,2.41592168807983,2.4259021282196,2.79575991630554,3.13713645935059,3.39459300041199,3.4204797744751
E000V00073,-71.548,-36.257,0.00651755277067423,0.981352269649506,1.98756051063538,1.99170005321503,2.04491877555847,2.0053915977478,2.10137271881104,3.00290846824646
E000V00091,-71.9,-36.292,0.0207203347235918,1.04151487350464,2.01219582557678,2.0250096321106,2.18118500709534,2.10619497299194,2.92109274864197,3.01620674133301
E000V00090,-72.64,-36.43,0.00611072452738881,1.7875018119812,2.01792502403259,2.02165365219116,2.86789846420288,2.85869884490967,3.0453667640686,3.05292010307312
E000V00088,-72.699,-36.492,0.00611072452738881,1.7875018119812,2.01792502403259,2.02165365219116,2.86789846420288,2.85869884490967,3.0453667640686,3.05292010307312
E000V00092,-71.549,-36.56,0.0139364330098033,0.288545668125153,1.32567799091339,1.33843064308167,2.08634281158447,1.36561071872711,2.18854331970215,3.00356483459473
E000360011,-72.037,-36.586,0.0173121318221092,0.973798632621765,1.99619948863983,2.01035165786743,2.1436619758606,2.06794953346252,2.92998361587524,3.00974631309509
E000V00089,-72.603,-36.625,0.0239150654524565,1.01027381420135,2.02729821205139,2.04570484161377,2.44303250312805,2.33798789978027,3.09838891029358,3.13248348236084
E000V00099,-72.965,-36.672,0.00170945120044053,1.00633406639099,2.00242137908936,2.00350666046143,2.02453589439392,2.01790261268616,3.00327944755554,3.00489377975464
E000V00096,-72.704,-36.697,0.0105430949479342,1.05814230442047,2.01497626304626,2.02224278450012,2.72642779350281,2.68470358848572,3.55916833877563,3.57056593894958
E000V00098,-72.983,-36.733,0.00170945120044053,1.00633406639099,2.00242137908936,2.00350666046143,2.02453589439392,2.01790261268616,3.00327944755554,3.00489377975464
E000360019,-73.066,-36.781,0.00170945120044053,1.00633406639099,2.00242137908936,2.00350666046143,2.02453589439392,2.01790261268616,3.00327944755554,3.00489377975464
E000V00184,-71.5,-36.88,0.0273301433771849,0.306785881519318,1.85115671157837,1.93370151519775,2.16969585418701,2.03180980682373,2.31649684906006,2.99744009971619
E000V00093,-72.099,-36.977,0.0180660244077444,0.266098380088806,1.99322080612183,2.01999449729919,2.16137719154358,2.04924893379211,2.93644714355469,2.9929347038269
E000V00095,-73.14,-37.005,0.0454147718846798,1.06870651245117,2.04604244232178,2.07517433166504,2.55431866645813,2.24928855895996,2.94110560417175,2.99796843528748
E000V00106,-72.403,-37.035,0.021210815757513,0.460500925779343,2.01859617233276,2.0368230342865,2.29562282562256,2.13310790061951,2.97976064682007,3.00281715393066
E000V00097,-73.155,-37.092,0.0454147718846798,1.06870651245117,2.04604244232178,2.07517433166504,2.55431866645813,2.24928855895996,2.94110560417175,2.99796843528748
E000V00105,-71.245,-37.111,0.0271907895803452,0.278072774410248,1.40108013153076,1.45578134059906,2.14869904518127,2.03575468063354,2.24718236923218,2.99928832054138
E000V00094,-72.012,-37.141,0.012132789939642,0.15142297744751,1.99628555774689,2.01847434043884,2.13197684288025,2.02784061431885,2.9610424041748,2.98798227310181
E000V00108,-72.946,-37.167,0.0239650513976812,1.00834345817566,2.0229024887085,2.04022359848022,2.845370054245,2.60134816169739,2.9461395740509,2.97940397262573
E000V00107,-72.328,-37.213,0.0187878385186195,0.312163382768631,2.01118326187134,2.03277969360352,2.67029047012329,2.05429482460022,2.90824818611145,2.92779731750488
E000V00111,-71.949,-37.293,0.012132789939642,0.15142297744751,1.99628555774689,2.01847434043884,2.13197684288025,2.02784061431885,2.9610424041748,2.98798227310181
E000V00100,-73.437,-37.305,0.0203123744577169,1.02367305755615,2.01689410209656,2.02990770339966,2.92011523246765,2.0563485622406,2.9278359413147,2.98625135421753
E000V00185,-71.566,-37.323,0.0256842859089375,0.244076550006866,1.36914086341858,1.97602474689484,2.17331290245056,2.04072570800781,2.28314709663391,2.99467349052429
E000370033,-72.424,-37.397,0.0368053428828716,0.915238440036774,2.04194092750549,2.07557034492493,2.46772909164429,2.0988712310791,2.59464001655579,2.5979175567627
E000V00186,-72.83,-37.418,0.0340538509190083,0.983472228050232,2.03650689125061,2.06394791603088,2.81806635856628,2.11046147346497,2.90707874298096,2.91817212104797
E000V00103,-73.33,-37.485,0.0212297830730677,1.01495122909546,2.01813149452209,2.03295278549194,2.91688656806946,2.05761814117432,2.32187485694885,2.96590900421143
E000V00110,-71.875,-37.536,0.0374226421117783,0.378700792789459,1.92574381828308,2.06395316123962,2.67441296577454,2.06469583511353,2.85194277763367,2.98265027999878
E000V00104,-73.462,-37.627,0.0467508360743523,1.03673803806305,2.03373908996582,2.0655837059021,2.86644816398621,2.07199549674988,2.84394598007202,2.91873478889465
E000V00109,-72.007,-37.685,0.0236655939370394,0.939661383628845,2.02991056442261,2.06185245513916,2.94536590576172,2.04852843284607,2.98816418647766,2.98294997215271
E000V00116,-72.605,-37.726,0.044705405831337,1.01546812057495,2.0776903629303,2.11697220802307,2.8831639289856,2.10856366157532,2.94371175765991,2.91046071052551
E000V00101,-73.412,-37.892,0.121253095567226,1.08373749256134,2.0818395614624,2.16581916809082,2.69200348854065,2.14244318008423,2.74101257324219,2.75711369514465
E000V00102,-73.097,-37.95,0.0484136492013931,0.922679305076599,2.05046892166138,2.08658218383789,2.29048728942871,2.06843614578247,2.30732703208923,2.29688501358032
E000V00112,-71.435,-38.057,0.043757725507021,0.303204268217087,2.03172135353088,2.13667821884155,2.99163436889648,2.0544285774231,2.98894810676575,2.99606990814209
E000V00114,-72.298,-38.146,0.0152032189071178,1.93948256969452,2.94564127922058,2.95733714103699,3.92648029327393,2.94107437133789,3.91179275512695,2.98213815689087
E000V00117,-72.273,-38.228,0.0152032189071178,1.93948256969452,2.94564127922058,2.95733714103699,3.92648029327393,2.94107437133789,3.91179275512695,2.98213815689087
E000V00113,-71.233,-38.25,0.00255602155812085,0.997764885425568,2.00187206268311,2.99077200889587,3.98365068435669,2.0025954246521,3.00015544891357,3.00017952919006
E000V00188,-72.956,-38.207,0.0296214651316404,0.257495075464249,2.0291600227356,2.05158710479736,2.13599610328674,2.03091049194336,2.13696432113647,2.12400555610657
E000V00187,-71.75,-38.414,0.125234544277191,1.11234843730927,2.13740634918213,2.92564511299133,3.08146357536316,2.12222409248352,3.06796026229858,3.03851103782654
E000V00121,-72.399,-38.435,0.158047959208488,1.22748494148254,2.25670528411865,2.34548854827881,3.06844687461853,2.12702202796936,2.51625323295593,2.47466468811035
E000V00129,-72.85,-38.446,0.110329613089561,1.12489664554596,2.12724804878235,2.21308875083923,2.48320460319519,2.07822585105896,2.38748908042908,2.34573554992676
E000V00126,-72.224,-38.675,0.752262055873871,1.76640939712524,3.33733510971069,3.42186832427979,3.69117188453674,2.64594078063965,3.50329804420471,3.49060940742493
E000V00115,-71.141,-38.732,0.125710844993591,1.09768450260162,2.09748506546021,2.91031050682068,3.06549429893494,2.10485124588013,3.05866670608521,3.03982663154602
E000380013,-72.46,-38.768,0.0676527321338654,1.08796441555023,2.08125758171082,2.12083554267883,3.03498959541321,1.21462440490723,1.33894598484039,2.14997529983521
E000V00120,-71.683,-38.834,0.736174941062927,1.72117578983307,2.72801494598389,3.47279763221741,3.66026520729065,2.69433569908142,3.63523650169373,3.59276556968689
E000V00128,-72.787,-39.022,0.0502908006310463,1.94630885124207,2.0377082824707,2.91519808769226,3.01436257362366,2.01629734039307,2.99228525161743,2.93925189971924
E000V00127,-72.252,-39.007,0.998754680156708,1.9979236125946,2.99864792823792,3.00027012825012,3.99663472175598,2.99626779556274,3.99535250663757,3.00115466117859
E000V00122,-72.922,-39.071,0.139723733067513,1.82257521152496,2.07806372642517,2.29533243179321,3.00024652481079,2.05244064331055,2.98635363578796,2.38784646987915
E000V00118,-72.615,-39.103,0.40966460108757,1.70151436328888,2.38001799583435,2.80179882049561,3.23479199409485,2.15123128890991,2.98469829559326,2.90615057945251
E000V00124,-73.133,-39.165,0.465430378913879,1.60858523845673,2.13148188591003,2.38574481010437,2.98642373085022,2.13463735580444,3.06096243858337,2.64573001861572
E000V00125,-72.261,-39.196,1.68814158439636,1.9306116104126,3.6480393409729,3.73334789276123,3.87212777137756,2.84661555290222,3.83136248588562,3.77376317977905
E000V00119,-71.868,-39.262,0.852075338363647,1.82246208190918,2.61402201652527,3.40066576004028,3.74594163894653,2.5890793800354,3.56311297416687,3.50915360450745
E000V00123,-71.926,-39.289,0.942006707191467,1.89514744281769,2.38974523544312,3.19168663024902,3.83682060241699,2.3262050151825,3.30801105499268,3.25533533096313
E000V00189,-72.55,-39.373,0.709626078605652,1.82792103290558,2.62449383735657,2.92591094970703,3.48935413360596,2.18689250946045,3.14378046989441,3.02395749092102
E000V00190,-73.177,-39.39,0.700322031974792,1.7093722820282,2.09111714363098,2.29058504104614,3.00211572647095,2.11322116851807,3.1071183681488,2.51005005836487
E000V00131,-72.95,-39.632,0.891927421092987,1.86905527114868,2.04363584518433,2.16085195541382,3.01318454742432,2.05492782592773,3.08855843544006,2.29316806793213
E000390006,-73.087,-39.657,0.891927421092987,1.86905527114868,2.04363584518433,2.16085195541382,3.01318454742432,2.05492782592773,3.08855843544006,2.29316806793213
E000V00130,-72.501,-39.863,0.812946140766144,1.7799243927002,2.10567569732666,2.7691969871521,3.06258225440979,2.07906126976013,3.13597464561462,2.94997644424438
E000V00191,-71.91,-39.88,0.253499329090118,1.14102029800415,2.0146598815918,2.24851632118225,2.97394371032715,2.09364008903503,3.21169209480286,2.99408960342407
E000V00132,-72.927,-40.096,0.896839559078217,1.8179315328598,2.04437041282654,2.27918362617493,3.01394200325012,2.08788466453552,3.24007081985474,2.87184691429138
E000V00134,-72.415,-40.134,0.361048638820648,1.22217166423798,1.97713124752045,2.25454878807068,2.94341945648193,2.08578133583069,3.66237330436707,2.95408987998962
E000V00193,-73.647,-40.168,0.808051764965057,1.43418371677399,2.09214544296265,2.47852635383606,3.03596496582031,2.36622452735901,3.49353313446045,2.9278724193573
E000V00133,-73.024,-40.317,0.978453159332275,1.92568743228912,2.01828551292419,2.85320925712585,3.00668287277222,2.04461669921875,3.85546112060547,2.9720447063446
E000V00135,-72.979,-40.323,0.978453159332275,1.92568743228912,2.01828551292419,2.85320925712585,3.00668287277222,2.04461669921875,3.85546112060547,2.9720447063446
E000V00139,-73.308,-40.348,1.38457238674164,1.81382477283478,2.47947454452515,2.76895046234131,3.45745801925659,2.55976295471191,3.77397871017456,2.93266153335571
E000V00192,-72,-40.52,0.00598292890936136,0.0161985084414482,1.01336133480072,2.00441479682922,2.01222729682922,2.00226306915283,3.99149107933044,2.9996018409729
E000400009,-73.058,-40.614,0.931332767009735,1.50050175189972,2.02566432952881,2.49296116828918,2.77429294586182,2.16630959510803,3.53764939308167,2.66234755516052
E000V00194,-72.116,-40.623,0.00598292890936136,0.0161985084414482,1.01336133480072,2.00441479682922,2.01222729682922,2.00226306915283,3.99149107933044,2.9996018409729
E000V00136,-73.152,-40.765,0.935542643070221,1.73311376571655,2.00206089019775,2.75578784942627,3.57768321037292,2.73649120330811,3.83363270759583,2.91833400726318
E000V00138,-73.157,-40.861,0.935542643070221,1.73311376571655,2.00206089019775,2.75578784942627,3.57768321037292,2.73649120330811,3.83363270759583,2.91833400726318
E000V00195,-73.815,-40.873,0.891963958740234,1.12489783763885,1.98338043689728,2.73617792129517,2.99420738220215,2.728022813797,3.83204960823059,3.54209804534912
E000V00137,-72.886,-40.957,0.482851296663284,1.20873272418976,1.94666695594788,2.2505214214325,3.10633111000061,2.33953523635864,3.81579732894897,2.94067144393921
E000V00142,-73.377,-41.115,0.843915641307831,1.15458250045776,1.94074511528015,2.31044554710388,3.02386331558228,2.34574389457703,3.81257915496826,3.05140542984009
E000V00197,-72.339,-41.142,0.141689360141754,0.319874286651611,1.80526471138,2.04740571975708,2.78813695907593,2.06242442131042,3.71776938438416,3.52187085151672
E000V00143,-73.009,-41.259,0.99278450012207,0.99792605638504,1.9955952167511,1.99921536445618,2.99637198448181,2.99028611183167,3.99088573455811,2.99653911590576
E000V00196,-73.809,-41.359,0.871861159801483,1.01099646091461,1.92423689365387,2.71539950370789,2.93318653106689,2.75304818153381,4.45240354537964,3.62607574462891
E000410005,-73.096,-41.448,0.25146359205246,0.377317577600479,1.31474494934082,1.43907284736633,2.32125306129456,2.1786060333252,2.66965007781982,2.38066792488098
E000V00198,-72.275,-41.579,0.0580857321619987,0.129720002412796,1.13217031955719,2.00947427749634,2.12372875213623,2.02392339706421,3.09316921234131,3.01445150375366
E000V00144,-73.672,-41.71,0.457777708768845,0.715913712978363,1.49327540397644,2.08341407775879,2.5366792678833,2.29613065719604,3.65480017662048,2.99888134002686
E000V00140,-72.435,-41.938,0.233665555715561,0.507811784744263,1.32339942455292,1.89763367176056,2.28389263153076,2.05923938751221,3.36898827552795,2.84046506881714
E000V00141,-71.865,-42.075,0.269224137067795,0.689505219459534,1.43943822383881,1.88703012466431,2.33718609809875,2.00458335876465,3.19044280052185,2.7877562046051
E000V00151,-72.417,-42.1,0.233665555715561,0.507811784744263,1.32339942455292,1.89763367176056,2.28389263153076,2.05923938751221,3.36898827552795,2.84046506881714
E000V00149,-73.49,-42.157,0.04179747402668,0.0832416415214539,1.03162598609924,1.7729583978653,2.04236221313477,2.0143837928772,3.70502352714539,2.95855355262756
E000V00199,-74.078,-42.285,0.0386514030396938,0.0778475180268288,0.210784047842026,1.13757073879242,2.04203486442566,2.01585054397583,3.07309484481812,2.14661026000977
E000V00201,-72.663,-42.355,0.0841977149248123,0.182365402579308,1.07602739334106,1.90829491615295,2.06210470199585,2.00917959213257,3.74413537979126,2.90209913253784
E000V00147,-73.568,-42.404,0.050799697637558,0.108557984232903,1.02212715148926,1.27443206310272,2.03713035583496,2.00751256942749,3.17968821525574,2.92568802833557
E000V00148,-73.633,-42.583,0.0716786235570908,0.153010368347168,0.981534779071808,1.56316947937012,2.06214761734009,2.01635479927063,3.42576360702515,2.84889245033264
E000V00146,-73.789,-42.704,0.0138821536675096,0.0314365737140179,0.997692942619324,1.95654201507568,2.00813388824463,2.00031709671021,3.92457103729248,2.96995687484741
E000V00145,-72.717,-42.883,0.0371276400983334,0.0917821004986763,0.210580840706825,1.02231967449188,1.18986260890961,1.88512766361237,2.93908619880676,2.11661887168884
E000430002,-71.852,-43.189,0.0280821453779936,0.078283354640007,0.146785318851471,0.196197062730789,1.11606669425964,0.30780416727066,2.12339282035828,1.26674854755402
E000V00200,-74.295,-43.208,0.00958556681871414,0.024135934188962,0.0524936802685261,1.98260188102722,2.00390601158142,1.99900674819946,3.00816130638123,2.03112506866455
E000V00202,-72.85,-43.364,0.0430313237011433,0.110140718519688,0.233378291130066,0.427795767784119,1.19306671619415,1.27769124507904,2.32801604270935,2.11838555335999
E000V00150,-72.126,-43.474,0.0280210264027119,0.076447881758213,0.146806985139847,0.210305646061897,1.0684814453125,1.0854731798172,2.14121437072754,2.03177213668823
E000430004,-71.801,-43.612,0.0790118351578712,0.224265679717064,0.412486582994461,0.546243965625763,1.29318082332611,0.988771319389343,2.338463306427,1.86738431453705
E000V00153,-73.74,-43.89,0.161237969994545,0.440256893634796,0.837960064411163,1.29237794876099,1.76046216487885,1.82230603694916,2.87474226951599,2.47688007354736
E000V00152,-72.387,-43.917,0.0290577188134193,0.0817659199237823,0.151020184159279,0.208053752779961,0.35126855969429,1.12476253509521,2.14277744293213,2.06823587417603
E000V00154,-71.847,-44.24,0.128663331270218,0.383583247661591,0.672542691230774,0.86608624458313,1.34593868255615,1.45738935470581,2.51689481735229,2.20334792137146
E000V00203,-73.097,-44.729,0.0126388603821397,0.0371855720877647,0.065256156027317,0.0884779095649719,1.02603018283844,1.95075750350952,2.94993233680725,2.91825366020203
E000450001,-72.677,-45.399,0.0144129255786538,0.0447028391063213,0.0748437121510506,0.103148221969604,0.175392299890518,1.0651820898056,2.06383419036865,1.9834645986557
E000450004,-72.102,-45.591,0.0158279985189438,0.0499881356954575,0.0829318836331367,0.107599079608917,0.217690527439117,0.312325090169907,2.05683922767639,0.452786296606064
E000450005,-71.678,-45.918,0.00875280983746052,0.0284682065248489,0.0460834056138992,0.0595546364784241,0.911318123340607,1.1150906085968,2.02615690231323,1.95051920413971
E000V00157,-71.941,-46.278,0.00344562856480479,0.0112627474591136,0.0180977042764425,0.0242384355515242,0.0719988122582436,1.95426619052887,2.00887036323547,1.98687183856964
E000V00205,-74.778,-46.355,0.00925920717418194,0.0295464657247066,0.0475981160998344,0.0648526325821877,0.0922983214259148,1.98612570762634,2.02936887741089,2.01557588577271
E000V00204,-73.336,-46.569,0.00915519520640373,0.0296674352139235,0.0475618951022625,0.96976101398468,1.91536355018616,1.95497488975525,2.02097773551941,1.99826288223267
E000460001,-71.685,-46.585,0.00746772345155478,0.0248068142682314,0.0393418483436108,0.0514876134693623,0.905656516551971,1.93504559993744,2.01699924468994,1.98856437206268
E000470001,-72.583,-47.244,0.00454659527167678,0.0154054295271635,0.0237951930612326,0.0353161320090294,0.067128524184227,1.0316059589386,1.06657028198242,1.05298101902008
E000V00156,-73.536,-47.8,0.00229948782362044,0.00786568410694599,0.011955676600337,0.0190692730247974,1.00589120388031,1.01252007484436,2.00339508056641,1.99580979347229
E000V00155,-72.56,-48.471,0.00234361318871379,0.00850651599466801,0.0122358091175556,0.0174363926053047,1.005735039711,1.01052939891815,2.00342488288879,1.02098321914673
E000V00206,-73.941,-48.958,0.0025027240626514,0.00903226528316736,0.0129518024623394,0.99565589427948,1.00771224498749,1.00964915752411,2.00542497634888,1.02167129516602
E000V00207,-73.57,-51.07,0.00336251594126225,0.0149388331919909,0.0172505229711533,0.024630069732666,0.0661817789077759,0.0664062649011612,2.00543785095215,1.99994266033173
E000V00158,-72.967,-51.184,0.00185726128984243,0.00948956608772278,0.00952543690800667,0.0142194526270032,0.994047999382019,0.994224965572357,2.00237274169922,1.99970376491547
E000V00159,-71.164,-52.309,0.00303045054897666,0.982352256774902,0.015471437945962,0.977098047733307,1.96442878246307,1.97403979301453,1.98113524913788,1.97812986373901
E000V00161,-70.361,-52.432,0.00450222194194794,0.948333561420441,0.0229489281773567,0.053380124270916,1.01907098293304,1.91561627388,1.03654062747955,1.03221249580383
E000V00160,-71.505,-52.601,0.00276019959710538,0.982419669628143,0.0140566201880574,0.981421589851379,1.96985757350922,1.97476780414581,1.98708319664001,1.98440480232239
E000V00162,-69.27,-52.8,0.00080497283488512,0.00766947586089373,0.0040919971652329,0.00592136895284057,1.00356984138489,1.00348949432373,1.0050790309906,1.00421988964081
E000520006,-70.839,-53.002,0.0232957229018211,0.512791574001312,0.118177689611912,0.37717941403389,0.995555758476257,1.1397008895874,1.14227414131165,1.12030494213104
E000530005,-70.326,-53.254,0.00151733041275293,0.0214268285781145,0.00768012646585703,0.0147727876901627,0.0446391776204109,0.0496521145105362,0.0511541217565536,0.0496418178081512
E000V00208,-71.38,-53.8,0.00412839092314243,0.0404887534677982,0.0207936391234398,0.0429885573685169,1.02511215209961,1.02563083171844,1.97961819171906,1.97602725028992
E000V00163,-68.804,-54.051,0.00132294115610421,0.991539001464844,0.00663989968597889,0.00860199704766273,1.98882150650024,1.00190114974976,1.01023542881012,1.00708413124084
E000550001,-67.616,-54.932,0.00379034108482301,0.0222359783947468,0.0187917184084654,0.0223911721259356,1.01988792419434,0.0389107763767242,1.99466717243195,1.01982438564301
