Estacion,Lat,Lon,meses:1,3,6,9,12,24,36,48
E000V00003,-69.478,-17.595,1.1366081237793,0.409099906682968,0.38739737868309,0.26574045419693,0.20055365562439,0.282316714525223,0.265326470136642,0.304983049631119
E000V00002,-69.554,-18.197,1.00921249389648,0.0134081235155463,0.0120346592739224,0.00795181281864643,0.00631588278338313,0.0075007826089859,0.00705454871058464,0.00816298928111792
E000180005,-70.34,-18.356,1.17432570457458,0.357804030179977,0.353522479534149,0.232807621359825,0.181708067655563,0.223167657852173,0.209917336702347,0.242784634232521
E000V00001,-69.857,-19.011,1.07050657272339,0.0356863252818584,0.03668462485075,0.023085979744792,0.0199710298329592,0.0152165107429028,0.0143232438713312,0.0167115423828363
E000V00006,-68.638,-19.276,1.95166611671448,0.947081983089447,0.0373023562133312,0.0230312310159206,0.0203398317098618,0.0181957185268402,0.0171274580061436,0.0200311355292797
E000V00005,-69.427,-19.313,1.92476546764374,0.036382369697094,0.0378965213894844,0.0239880662411451,0.0216402821242809,0.0126720936968923,0.0119307655841112,0.0139664383605123
E000V00007,-69.767,-19.996,1.99803125858307,0.00377523805946112,0.998832702636719,0.996474146842957,0.996388256549835,0.0005087397294119,0.000479420385090634,0.000567968643736094
E000V00004,-70.117,-20.25,1.93280506134033,1.69141566753387,0.973293244838715,0.11337772756815,0.109617620706558,0.0198181197047234,0.0186828188598156,0.0222356915473938
E000V00008,-69.342,-20.501,1.02559030056,0.0381547659635544,0.977982461452484,0.0282013863325119,0.0281204003840685,0.014090409502387,0.0132843004539609,0.0158975087106228
E000200006,-70.181,-20.549,1.73868489265442,1.40256786346436,0.914286196231842,0.188632175326347,0.168699502944946,0.0935115292668343,0.0881874263286591,0.105458803474903
E000V00011,-68.255,-21.224,0.999412417411804,0.00184663396794349,0.00212824111804366,0.00158369285054505,0.997581720352173,0.00133755942806602,0.00126159458886832,0.00152862421236932
E000V00013,-70.2,-22.091,0.516376495361328,0.434752315282822,0.463548064231873,0.356417387723923,0.243221923708916,0.323259323835373,0.305495768785477,0.386230289936066
E000V00014,-69.666,-22.35,0.0540568791329861,0.0444002486765385,0.0479442365467548,0.049728624522686,0.0270586553961039,0.0352115817368031,0.0332830101251602,0.0430049896240234
E000220002,-68.892,-22.498,0.0432967878878117,0.0287136323750019,0.0308138430118561,0.903556227684021,0.0196504089981318,0.024286238476634,0.0229552816599607,0.0300023481249809
E000V00009,-69.32,-22.892,0.0487428717315197,0.0412594377994537,0.0435216575860977,0.0678987503051758,0.0254105869680643,0.0367373526096344,0.0347563102841377,0.0487476922571659
E000V00012,-68.213,-22.932,0.968710958957672,0.0157216768711805,0.0164917800575495,0.0202767048031092,0.0102073214948177,0.0142034003511071,0.0134271271526814,0.0176170989871025
E000230001,-70.445,-23.454,0.420046806335449,0.544021785259247,0.568146347999573,0.458953619003296,0.313375443220139,0.505274295806885,0.47878623008728,0.719424247741699
E000V00166,-67.44,-23.6,0.0404151827096939,0.0350144580006599,0.036347683519125,0.030776958912611,0.0211828202009201,0.0327667556703091,0.030974343419075,0.0396046452224255
E000V00165,-68.57,-23.94,0.0234523788094521,0.0249945260584354,0.0260606743395329,0.0224848352372646,0.0148704666644335,0.0238043703138828,0.0225423891097307,0.0338761433959007
E000V00164,-69.69,-24.51,0.00874195247888565,0.0126250870525837,0.0132092172279954,0.010591572150588,0.00742716947570443,0.0123042874038219,0.0116775585338473,0.987160801887512
E000V00167,-69.3,-25,0.00601694593206048,0.00915534887462854,0.00958900153636932,0.00759782129898667,0.0054291202686727,0.00906838197261095,0.00861101411283016,0.0217925310134888
E000V00010,-70.484,-25.411,0.0206884928047657,0.0326886959373951,0.0344673506915569,0.0268306117504835,0.0195709988474846,0.0330805703997612,0.0314968712627888,0.978675603866577
E000V00168,-69.27,-25.7,0.00753298401832581,0.0120972925797105,0.0127362096682191,0.00996750313788652,0.00728458492085338,0.0122631220147014,0.0116645209491253,0.982859671115875
E000V00169,-68.99,-26.25,0.000286697584670037,0.000470827770186588,0.000497229513712227,0.000388551561627537,0.00028684880817309,0.000483085605083033,0.000459839240647852,0.000853933452162892
E000V00016,-70.611,-26.332,0.0540962778031826,0.0761919096112251,0.0810677334666252,0.0630948916077614,0.0467483066022396,0.0790425539016724,0.0754488930106163,0.12022753059864
E000V00017,-70.046,-26.391,0.0477302968502045,0.0620800778269768,0.0661788955330849,0.0516200363636017,0.0384278781712055,0.0648019835352898,0.0618633143603802,0.0921483412384987
E000V00170,-69.33,-27.07,0.038025863468647,0.057512354105711,0.0614119879901409,0.0480416342616081,0.0360497161746025,0.0605323612689972,0.0577756054699421,0.0763588696718216
E000270008,-70.781,-27.254,0.00948146171867847,0.0062436000443995,0.00677865510806441,0.00528848310932517,0.0039987787604332,0.00674316333606839,0.00646980758756399,0.00803918018937111
E000270009,-70.353,-27.359,0.817008912563324,0.108336381614208,0.117334760725498,0.0916836485266685,0.0693544372916222,0.116683200001717,0.111824296414852,0.14071598649025
E000V00171,-69.81,-27.98,0.0231723710894585,0.0295193828642368,0.0324283130466938,0.0254613645374775,0.0195657685399055,0.032709825783968,0.0314139910042286,0.0378105603158474
E000V00019,-71.225,-28.463,0.989749789237976,0.0189380329102278,0.0217237751930952,0.0169231556355953,0.0131280589848757,0.0223072320222855,0.0216744709759951,0.0256038997322321
E000V00018,-70.449,-28.768,0.975987017154694,0.0295021925121546,0.0345539450645447,0.0270145740360022,0.0211934559047222,0.0360897742211819,0.0350821912288666,0.0413464233279228
E000V00015,-70,-28.976,0.00576109252870083,0.00638722814619541,0.00744970422238111,0.00585878733545542,0.00462450599297881,0.00780163751915097,0.00756621733307838,0.00889520719647408
E000V00021,-71.116,-29.372,0.214175254106522,0.257736921310425,0.332371920347214,0.255106061697006,0.202727764844894,0.361180573701859,0.356029689311981,0.418735086917877
E000290004,-71.207,-29.914,0.109068244695663,0.155676111578941,0.296806305646896,0.172353029251099,0.134056225419044,0.324675053358078,0.329333543777466,0.43891316652298
E000V00022,-70.721,-30.031,1.92185389995575,0.0369938611984253,1.00819408893585,0.988275527954102,0.979471683502197,1.96292865276337,1.96320104598999,1.97936904430389
E000V00020,-71.082,-30.234,0.14390641450882,0.164280697703362,1.05857193470001,0.204491257667542,0.15357394516468,1.10624694824219,1.11507964134216,1.94186198711395
E000V00172,-71.72,-30.38,0.538440465927124,1.29975974559784,1.70734977722168,1.333420753479,1.01523113250732,1.77306163311005,1.87578690052032,2.1548969745636
E000V00027,-70.937,-30.746,0.090142123401165,1.0422248840332,1.9733829498291,1.06988406181335,0.157082170248032,1.98374128341675,2.02825093269348,2.06064176559448
E000V00028,-71.256,-30.838,0.846137464046478,1.06940400600433,1.95655727386475,1.81965279579163,0.963956892490387,1.97257280349731,2.74760127067566,2.80234479904175
E000V00026,-70.999,-31.188,0.0749337747693062,1.94305205345154,2.00327491760254,1.09752130508423,1.05630791187286,2.02467441558838,2.04246068000793,2.07854580879211
E000V00024,-71.413,-31.39,0.250380277633667,1.37406122684479,2.03340768814087,1.86574077606201,1.77525782585144,2.12419939041138,2.67076945304871,2.80295372009277
E000V00023,-71.152,-31.633,0.625774681568146,1.90940988063812,2.07530498504639,1.78960347175598,1.69714248180389,2.5093412399292,2.51109266281128,2.70781850814819
E000V00025,-70.97,-31.783,0.0865412130951881,1.99024593830109,2.01890468597412,1.11346709728241,1.09569752216339,2.06185436248779,2.05065011978149,2.09330415725708
E000320019,-70.707,-32.076,0.773721933364868,1.99746596813202,2.69870901107788,1.92067670822144,1.84003472328186,2.09918808937073,1.41703021526337,2.23114800453186
E000V00035,-70.926,-32.251,0.206588312983513,2.00561308860779,2.14984035491943,1.96280372142792,1.30439412593842,2.14510464668274,2.02210855484009,2.89745759963989
E000V00174,-70.464,-32.343,0.247533932328224,2.01826119422913,2.16856861114502,1.96482181549072,1.90113818645477,2.13037633895874,1.98284161090851,2.28001689910889
E000V00033,-70.819,-32.362,0.584668815135956,2.01745820045471,2.50546646118164,1.95549917221069,1.75986015796661,2.38506746292114,1.91100883483887,2.69879746437073
E000V00034,-71.441,-32.505,0.454492300748825,1.91702234745026,2.25416302680969,1.81735050678253,1.69493365287781,2.32141399383545,2.19535899162292,2.71430945396423
E000V00175,-71.014,-32.54,0.103837504982948,2.01262927055359,2.07675576210022,1.98709642887115,1.95508372783661,2.07904028892517,2.03339338302612,2.96562314033508
E000V00041,-70.725,-32.594,0.350919365882874,2.06107616424561,2.28029870986938,1.97559583187103,1.90770745277405,2.29539704322815,2.08404445648193,2.873868227005
E000V00176,-70.368,-32.618,0.280008167028427,2.0524525642395,2.13696360588074,1.96574282646179,1.88652157783508,2.18468856811523,2.07426118850708,2.42063617706299
E000V00040,-70.809,-32.757,0.769764423370361,2.6555860042572,2.70645928382874,1.98806118965149,1.96037924289703,2.74011421203613,2.68499565124512,2.94466090202332
E000V00031,-71.526,-32.789,0.337385058403015,1.69513607025146,2.21157073974609,1.63630282878876,1.57103753089905,2.28524327278137,2.18931555747986,2.58260202407837
E000V00037,-71.173,-32.79,0.721234858036041,1.97634994983673,2.67028903961182,1.94715678691864,1.92199277877808,2.21318626403809,2.17193937301636,2.92705893516541
E000320028,-71.227,-32.828,0.721234858036041,1.97634994983673,2.67028903961182,1.94715678691864,1.92199277877808,2.21318626403809,2.17193937301636,2.92705893516541
E000V00032,-70.382,-32.89,0.472664058208466,2.19112634658813,2.23659205436707,1.99481558799744,1.92628073692322,2.39878153800964,2.23093342781067,2.88067817687988
E000V00036,-71.207,-32.893,0.015881048515439,1.99364399909973,2.01036548614502,1.99160671234131,1.9898270368576,2.9768488407135,2.97205591201782,2.99113154411316
E000V00030,-71.517,-32.917,0.112389646470547,1.29867827892303,2.05872416496277,1.27778923511505,1.2546398639679,2.1606912612915,2.09200859069824,2.2613320350647
E000V00042,-71.261,-32.994,0.015881048515439,1.99364399909973,2.01036548614502,1.99160671234131,1.9898270368576,2.9768488407135,2.97205591201782,2.99113154411316
E000330002,-71.648,-33.023,0.279011905193329,1.66200089454651,2.12080717086792,1.59642064571381,1.51509380340576,2.27785873413086,2.14478135108948,2.52307605743408
E000330007,-71.556,-33.065,0.112389646470547,1.29867827892303,2.05872416496277,1.27778923511505,1.2546398639679,2.1606912612915,2.09200859069824,2.2613320350647
E000V00029,-71.4,-33.083,0.112389646470547,1.29867827892303,2.05872416496277,1.27778923511505,1.2546398639679,2.1606912612915,2.09200859069824,2.2613320350647
E000V00051,-70.834,-33.121,0.65609222650528,2.23769760131836,2.30595803260803,1.98618614673615,1.92880964279175,2.48462390899658,2.31041979789734,2.92009282112122
E000V00050,-70.66,-33.147,0.484342277050018,2.18371891975403,2.20397043228149,2.00805711746216,1.96044838428497,2.67269158363342,2.22264361381531,2.96301317214966
E000V00177,-71.46,-33.23,0.0762602686882019,1.92792344093323,2.02782773971558,1.91259050369263,1.89434218406677,2.80510449409485,2.04869389533997,2.89906907081604
E000V00178,-71.155,-33.287,0.536482572555542,1.94709765911102,2.09061408042908,1.89970636367798,1.85063016414642,2.67761850357056,2.4668116569519,3.16831064224243
E000V00046,-70.502,-33.353,0.694083631038666,2.14490270614624,2.15742158889771,2.01357316970825,1.95851683616638,2.38718771934509,2.16441369056702,2.94116425514221
E000330021,-70.787,-33.378,0.0642927214503288,2.02003073692322,2.0193657875061,2.01086068153381,1.99478185176849,2.95333886146545,2.02283668518066,2.99448323249817
E000V00043,-70.733,-33.42,0.0642927214503288,2.02003073692322,2.0193657875061,2.01086068153381,1.99478185176849,2.95333886146545,2.02283668518066,2.99448323249817
E000V00055,-71.026,-33.439,0.236955925822258,2.06006455421448,2.06520867347717,2.01807188987732,1.96533262729645,2.85910272598267,2.10783767700195,2.98627233505249
E000V00038,-71.624,-33.439,0.201082676649094,2.01060914993286,2.06115198135376,1.96862924098969,1.9143031835556,2.22226762771606,2.0974133014679,2.84390711784363
E000330020,-70.683,-33.445,0.0642927214503288,2.02003073692322,2.0193657875061,2.01086068153381,1.99478185176849,2.95333886146545,2.02283668518066,2.99448323249817
E000330019,-70.549,-33.455,0.828857660293579,2.05333375930786,2.0503077507019,2.02479553222656,1.98380970954895,2.2012939453125,2.05610942840576,2.97237396240234
E000V00044,-70.7,-33.467,0.0642927214503288,2.02003073692322,2.0193657875061,2.01086068153381,1.99478185176849,2.95333886146545,2.02283668518066,2.99448323249817
E000V00047,-70.766,-33.517,0.0642927214503288,2.02003073692322,2.0193657875061,2.01086068153381,1.99478185176849,2.95333886146545,2.02283668518066,2.99448323249817
E000V00039,-71.596,-33.543,0.201082676649094,2.01060914993286,2.06115198135376,1.96862924098969,1.9143031835556,2.22226762771606,2.0974133014679,2.84390711784363
E000V00045,-70.548,-33.545,0.828857660293579,2.05333375930786,2.0503077507019,2.02479553222656,1.98380970954895,2.2012939453125,2.05610942840576,2.97237396240234
E000V00058,-70.902,-33.608,0.236955925822258,2.06006455421448,2.06520867347717,2.01807188987732,1.96533262729645,2.85910272598267,2.10783767700195,2.98627233505249
E000V00048,-70.567,-33.617,0.828857660293579,2.05333375930786,2.0503077507019,2.02479553222656,1.98380970954895,2.2012939453125,2.05610942840576,2.97237396240234
E000330031,-78.833,-33.636,1.27399826049805,2.51014828681946,2.50984239578247,1.7738242149353,1.08077824115753,2.25810170173645,2.12769508361816,2.30252504348755
E000330030,-71.613,-33.656,0.412906378507614,2.0885169506073,2.10134696960449,2.01392483711243,1.90844440460205,2.27828884124756,2.15190625190735,2.68880653381348
E000V00049,-70.089,-33.676,0.281625926494598,2.11256122589111,2.09393286705017,2.03172087669373,1.93398106098175,2.18678021430969,2.10117125511169,2.34224367141724
E000V00057,-71.101,-33.692,0.646702647209167,2.21614098548889,2.14573097229004,2.08933901786804,1.94701218605042,2.78359866142273,2.23240613937378,2.94800424575806
E000V00052,-70.707,-33.707,0.801220417022705,2.65743160247803,2.60875916481018,2.58131861686707,1.97528958320618,2.8423855304718,2.63709139823914,2.96870541572571
E000V00053,-70.639,-33.862,0.801220417022705,2.65743160247803,2.60875916481018,2.58131861686707,1.97528958320618,2.8423855304718,2.63709139823914,2.96870541572571
E000V00179,-70.22,-33.878,0.436030149459839,2.25914525985718,2.14297246932983,2.08532428741455,1.93331360816956,2.27091670036316,2.16734886169434,2.5044538974762
E000V00056,-71.394,-33.941,0.750349342823029,2.16415214538574,2.14817237854004,2.07596468925476,1.91175818443298,2.30436158180237,2.22049021720886,2.89180707931519
E000V00068,-71.825,-33.959,0.25373187661171,2.06438684463501,2.07258248329163,2.01561546325684,1.92847561836243,2.14285349845886,2.10018491744995,2.91474199295044
E000V00064,-70.717,-33.983,0.952061295509338,2.90370154380798,2.1142201423645,2.10148930549622,1.98558473587036,2.93743777275085,2.15184473991394,2.98123455047607
E000V00054,-70.995,-34.029,0.967387437820435,2.92725419998169,2.04205060005188,2.03241991996765,1.98889183998108,2.95821189880371,2.92539715766907,2.98828458786011
E000V00059,-70.772,-34.169,0.943916797637939,2.87472081184387,2.77135586738586,2.75269746780396,1.97478091716766,2.9030864238739,2.86081004142761,2.96954154968262
E000V00180,-70.402,-34.203,0.824267446994781,2.67486810684204,2.22344708442688,2.17605972290039,1.9369398355484,2.36788415908813,2.28161835670471,2.88017654418945
E000V00061,-70.997,-34.215,0.976767539978027,2.93896317481995,2.07342743873596,2.06483626365662,1.98814642429352,2.95914840698242,2.94659447669983,2.98824214935303
E000V00062,-71.3,-34.217,0.93102365732193,2.7790687084198,2.71773147583008,2.68914031982422,1.95968878269196,2.85348534584045,2.82518863677979,2.96286273002625
E000V00060,-70.948,-34.261,0.976767539978027,2.93896317481995,2.07342743873596,2.06483626365662,1.98814642429352,2.95914840698242,2.94659447669983,2.98824214935303
E000V00066,-70.812,-34.279,0.943916797637939,2.87472081184387,2.77135586738586,2.75269746780396,1.97478091716766,2.9030864238739,2.86081004142761,2.96954154968262
E000V00065,-70.834,-34.322,0.943916797637939,2.87472081184387,2.77135586738586,2.75269746780396,1.97478091716766,2.9030864238739,2.86081004142761,2.96954154968262
E000V00067,-72.019,-34.394,0.487781941890717,2.05686473846436,2.07396364212036,2.00648403167725,1.88809144496918,2.10481667518616,2.08635759353638,2.92198944091797
E000V00063,-70.21,-34.411,0.289803743362427,2.15697455406189,2.10142135620117,2.04981565475464,1.92373585700989,2.16038584709167,2.12199664115906,2.33432078361511
E000V00071,-71.463,-34.485,0.970993220806122,2.02662825584412,2.03195285797119,2.01563239097595,1.97206652164459,2.87460517883301,2.86946177482605,2.97827076911926
E000V00069,-71.898,-34.645,0.936264157295227,2.04878282546997,2.06858801841736,2.00284838676453,1.86110126972198,2.08084940910339,2.07014513015747,2.9201807975769
E000V00072,-71.4,-34.691,0.926741003990173,2.02233028411865,2.07695174217224,2.02120327949524,1.88159108161926,2.15779685974121,2.15472149848938,2.91605496406555
E000V00070,-71.63,-34.714,0.929096281528473,2.05073022842407,2.07907605171204,2.01115942001343,1.85129177570343,2.12163543701172,2.11047029495239,2.90658593177795
E000340044,-71.02,-34.721,0.104598090052605,0.291307032108307,2.02599692344666,2.01335477828979,1.97489011287689,2.04269289970398,2.90265274047852,2.97915482521057
E000V00181,-70.52,-34.781,0.0638372078537941,2.02309226989746,2.02377843856812,2.01123380661011,1.97786748409271,2.03512072563171,2.03153967857361,2.9753954410553
E000V00086,-72.026,-34.855,0.936264157295227,2.04878282546997,2.06858801841736,2.00284838676453,1.86110126972198,2.08084940910339,2.07014513015747,2.9201807975769
E000V00084,-71.125,-34.96,0.703518450260162,1.8693425655365,2.09003639221191,2.02349972724915,1.82869601249695,2.12094807624817,2.16594099998474,2.86276745796204
E000V00083,-71.832,-34.968,0.966127991676331,2.03865361213684,2.06783866882324,2.00253772735596,1.77950394153595,2.07481598854065,2.07011938095093,2.88972926139832
E000340031,-71.217,-34.969,0.963566541671753,1.24372792243958,2.02637386322021,2.00506782531738,1.94298183917999,2.03528928756714,2.04128384590149,2.95702624320984
E000V00085,-70.811,-35,0.160094901919365,2.0096423625946,2.04599738121033,2.01325678825378,1.92016434669495,2.0608606338501,2.06699705123901,2.93249225616455
E000V00076,-71.956,-35.128,0.995636701583862,2.09039330482483,2.13953542709351,1.99247467517853,1.23283338546753,2.10734677314758,2.10392689704895,2.75774478912354
E000V00182,-70.83,-35.398,0.365233331918716,2.08786511421204,2.11418104171753,1.99439537525177,1.1749849319458,2.09724712371826,2.09625506401062,2.26006293296814
E000V00079,-71.467,-35.419,0.973914623260498,2.04544615745544,2.06673645973206,1.99018633365631,0.990786850452423,2.04633498191833,2.05120158195496,2.1376965045929
E000V00078,-71.7,-35.533,0.998908579349518,2.03698444366455,2.05320978164673,1.99290180206299,0.317604959011078,2.03498482704163,2.03783941268921,2.10194778442383
E000V00074,-71.454,-35.663,0.981902420520782,2.06560826301575,2.08028817176819,1.97338569164276,0.979682564735413,2.03776359558105,2.05545377731323,2.10979747772217
E000V00077,-72.082,-35.672,1.0559743642807,2.12538170814514,2.19369673728943,1.97296035289764,1.03473389148712,2.10768914222717,2.12307810783386,2.20212960243225
E000V00080,-71.062,-35.699,0.236368119716644,2.05919146537781,2.06864190101624,1.98506855964661,1.00514543056488,2.04242706298828,2.0492627620697,2.10695147514343
E000V00081,-72.511,-35.707,1.0286009311676,2.03742694854736,2.96793699264526,2.00204062461853,1.92499876022339,2.93772459030151,2.93857169151306,2.9516396522522
E000V00075,-71.631,-35.753,1.02122700214386,2.1035749912262,2.13615012168884,1.96483993530273,0.931183516979218,2.06661820411682,2.08886504173279,2.16543197631836
E000V00082,-72.587,-35.836,1.0286009311676,2.03742694854736,2.96793699264526,2.00204062461853,1.92499876022339,2.93772459030151,2.93857169151306,2.9516396522522
E000V00183,-71.05,-36.06,0.227539837360382,2.07214903831482,2.07403707504272,1.97381961345673,0.274888843297958,2.03425097465515,2.04883575439453,2.08334851264954
E000V00087,-72.783,-36.133,1.83468616008759,2.62417674064636,3.36979675292969,2.39529609680176,1.42939388751984,2.57874941825867,2.58610272407532,2.6001443862915
E000V00073,-71.548,-36.257,1.01524102687836,2.05073308944702,2.03780722618103,1.11618721485138,0.112262822687626,1.1724214553833,2.04633378982544,2.03791475296021
E000V00091,-71.9,-36.292,1.14640891551971,2.20340061187744,2.2560441493988,1.89279353618622,0.899565875530243,2.08830761909485,2.14526414871216,2.15444350242615
E000V00090,-72.64,-36.43,1.96243977546692,2.17218327522278,3.04838275909424,2.04492497444153,1.03958678245544,2.12904024124146,2.13278985023499,2.13284873962402
E000V00088,-72.699,-36.492,1.96243977546692,2.17218327522278,3.04838275909424,2.04492497444153,1.03958678245544,2.12904024124146,2.13278985023499,2.13284873962402
E000V00092,-71.549,-36.56,1.06410098075867,2.13607144355774,1.46628701686859,1.20781576633453,0.184761300683022,1.98982679843903,2.74347448348999,2.07419800758362
E000360011,-72.037,-36.586,1.17288279533386,2.22235512733459,2.25877642631531,1.38692760467529,0.353053689002991,2.08664131164551,2.14823532104492,2.1320903301239
E000V00089,-72.603,-36.625,1.85965609550476,2.81895136833191,3.14764499664307,2.08462595939636,0.957450985908508,2.38239717483521,2.4277560710907,2.36472940444946
E000V00099,-72.965,-36.672,1.99382376670837,2.03459978103638,3.00983309745789,2.00366544723511,0.999818325042725,2.97693586349487,2.97757172584534,2.97722983360291
E000V00096,-72.704,-36.697,1.95336186885834,2.82312941551208,3.59248065948486,2.55887889862061,1.52584064006805,2.75669622421265,2.76604890823364,2.75603485107422
E000V00098,-72.983,-36.733,1.99382376670837,2.03459978103638,3.00983309745789,2.00366544723511,0.999818325042725,2.97693586349487,2.97757172584534,2.97722983360291
E000360019,-73.066,-36.781,1.99382376670837,2.03459978103638,3.00983309745789,2.00366544723511,0.999818325042725,2.97693586349487,2.97757172584534,2.97722983360291
E000V00184,-71.5,-36.88,1.22565317153931,2.50721383094788,2.46712613105774,1.45551335811615,0.242445200681686,2.11503076553345,2.22946619987488,2.14114356040955
E000V00093,-72.099,-36.977,1.87168705463409,2.8324236869812,3.22174429893494,1.93256604671478,0.437589138746262,2.35289812088013,2.79470443725586,2.75230097770691
E000V00095,-73.14,-37.005,1.89969956874847,3.01250839233398,3.31699132919312,1.98324024677277,0.823636710643768,2.43290090560913,2.43681263923645,2.43159127235413
E000V00106,-72.403,-37.035,1.92043137550354,3.0448899269104,3.13058519363403,1.97556483745575,0.418142974376678,2.66315579414368,2.72328901290894,2.25297260284424
E000V00097,-73.155,-37.092,1.89969956874847,3.01250839233398,3.31699132919312,1.98324024677277,0.823636710643768,2.43290090560913,2.43681263923645,2.43159127235413
E000V00105,-71.245,-37.111,1.15893828868866,2.87518405914307,2.83848071098328,1.85389339923859,0.206160709261894,2.08392977714539,2.14788269996643,2.10216569900513
E000V00094,-72.012,-37.141,1.95029747486115,3.79301953315735,3.77950263023376,1.96841585636139,0.854479789733887,2.81475210189819,2.86622047424316,2.83924555778503
E000V00108,-72.946,-37.167,1.9628928899765,3.69103932380676,3.72762989997864,1.97578465938568,0.779168248176575,2.13394546508789,2.14525818824768,2.13185572624207
E000V00107,-72.328,-37.213,1.94845545291901,3.61760878562927,3.56838297843933,1.9066070318222,0.731417119503021,2.64286255836487,2.756591796875,2.69129538536072
E000V00111,-71.949,-37.293,1.95029747486115,3.79301953315735,3.77950263023376,1.96841585636139,0.854479789733887,2.81475210189819,2.86622047424316,2.83924555778503
E000V00100,-73.437,-37.305,1.97200834751129,3.82773470878601,3.84010624885559,1.98536384105682,0.857979893684387,2.07483839988708,2.07158541679382,2.07044816017151
E000V00185,-71.566,-37.323,1.23925292491913,3.03781938552856,2.99371528625488,1.92162108421326,0.187678515911102,2.11178851127625,2.71268796920776,2.1172399520874
E000370033,-72.424,-37.397,1.97428739070892,3.36516046524048,2.94822430610657,1.58583414554596,0.27813595533371,1.83895862102509,2.22527050971985,2.17521858215332
E000V00186,-72.83,-37.418,1.9769514799118,3.71972107887268,3.64130616188049,1.91920709609985,0.251113653182983,2.10499167442322,2.15242624282837,2.12192273139954
E000V00103,-73.33,-37.485,1.98336219787598,3.86313009262085,3.83947372436523,1.9768739938736,0.186243519186974,2.06546854972839,2.06409335136414,2.05834603309631
E000V00110,-71.875,-37.536,1.83944797515869,3.63365268707275,3.20320296287537,1.94168043136597,0.27344799041748,2.20978379249573,2.32453274726868,2.2001941204071
E000V00104,-73.462,-37.627,1.98216807842255,3.81456279754639,3.72890448570251,1.95099103450775,0.218413069844246,2.10179734230042,2.08699369430542,2.07958340644836
E000V00109,-72.007,-37.685,2.00463509559631,3.91399073600769,3.81497693061829,1.97097039222717,0.0968377366662025,2.08569645881653,2.0969672203064,2.06235957145691
E000V00116,-72.605,-37.726,2.03125405311584,3.8227174282074,3.67088222503662,1.90834963321686,0.184271410107613,2.12872958183289,2.16607189178467,2.10402202606201
E000V00101,-73.412,-37.892,1.99664664268494,3.66607999801636,3.37916088104248,1.85645174980164,0.38207745552063,2.21968197822571,2.17141342163086,2.15144181251526
E000V00102,-73.097,-37.95,2.0215175151825,3.88666677474976,3.1511869430542,1.8051849603653,0.139336198568344,2.09685969352722,2.08473515510559,2.06299519538879
E000V00112,-71.435,-38.057,2.0444028377533,3.93726658821106,3.82907390594482,1.97103750705719,0.104272678494453,2.13050293922424,2.09326672554016,2.05555176734924
E000V00114,-72.298,-38.146,2.94421124458313,4.91875505447388,3.97167420387268,1.9878077507019,0.0218788031488657,2.94808959960938,2.94408679008484,2.01315379142761
E000V00117,-72.273,-38.228,2.94421124458313,4.91875505447388,3.97167420387268,1.9878077507019,0.0218788031488657,2.94808959960938,2.94408679008484,2.01315379142761
E000V00113,-71.233,-38.25,2.98746061325073,4.98182058334351,3.99304032325745,1.99876761436462,0.00458965171128511,2.98996663093567,2.00455904006958,2.00225210189819
E000V00188,-72.956,-38.207,2.0213315486908,3.95975542068481,3.06138563156128,1.15072059631348,0.0593753606081009,2.04779005050659,2.03649020195007,2.02689433097839
E000V00187,-71.75,-38.414,2.17023515701294,4.03822135925293,3.87757730484009,1.96256053447723,0.101880617439747,2.18489575386047,2.14070177078247,2.05876159667969
E000V00121,-72.399,-38.435,2.26137256622314,3.99740934371948,3.71778988838196,1.75058853626251,0.170183718204498,2.18006634712219,2.12882542610168,2.10852599143982
E000V00129,-72.85,-38.446,2.12790107727051,3.94130921363831,3.21658062934875,1.34865391254425,0.139884456992149,2.12951636314392,2.08408212661743,2.07148623466492
E000V00126,-72.224,-38.675,3.36172652244568,4.57814884185791,4.38267230987549,1.80841755867004,0.674626350402832,2.69338941574097,2.60180020332336,2.63807439804077
E000V00115,-71.141,-38.732,3.4568784236908,4.65694618225098,3.83532810211182,1.96569585800171,0.115217052400112,2.85323143005371,2.78092455863953,2.05561757087708
E000380013,-72.46,-38.768,2.08845996856689,3.18473148345947,3.10160279273987,0.297829538583755,0.052525982260704,1.23367774486542,1.20666599273682,2.03547167778015
E000V00120,-71.683,-38.834,2.8066771030426,4.59761190414429,3.84111547470093,1.94828915596008,0.135885134339333,2.78962182998657,2.70889067649841,2.08044385910034
E000V00128,-72.787,-39.022,2.04948472976685,3.99131870269775,3.04607605934143,1.96813476085663,0.0370949655771255,2.04041838645935,2.01371550559998,2.01696443557739
E000V00127,-72.252,-39.007,2.99941086769104,4.99541854858398,3.99785995483398,1.99865961074829,0.00268237059935927,2.9972939491272,2.00221562385559,2.00214076042175
E000V00122,-72.922,-39.071,2.11944627761841,3.95261073112488,3.11437654495239,1.92581844329834,0.135182499885559,2.12658905982971,2.05336403846741,2.04849147796631
E000V00118,-72.615,-39.103,2.43941879272461,4.04689407348633,3.38040447235107,1.73523819446564,0.208008110523224,2.27166962623596,2.06583046913147,2.13366961479187
E000V00124,-73.133,-39.165,2.35463333129883,3.85173892974854,3.24826169013977,1.88911294937134,0.487218469381332,2.36619472503662,2.14392924308777,2.11370635032654
E000V00125,-72.261,-39.196,3.70759749412537,4.81140565872192,3.89752149581909,1.97122287750244,0.821453630924225,2.92251539230347,2.81411647796631,2.79478788375854
E000V00119,-71.868,-39.262,3.34512710571289,4.50128030776978,3.64844727516174,1.95032453536987,0.124714128673077,2.88426613807678,2.5948224067688,2.07008576393127
E000V00123,-71.926,-39.289,3.16299796104431,4.27331972122192,3.37358832359314,1.964195728302,0.115957126021385,2.91655874252319,2.30910134315491,2.0809645652771
E000V00189,-72.55,-39.373,2.71894454956055,4.09682559967041,3.59147667884827,1.92206609249115,0.225662365555763,2.61494898796082,2.15422010421753,2.14128732681274
E000V00190,-73.177,-39.39,2.57710099220276,3.88813591003418,3.21502614021301,1.93209087848663,0.705138862133026,2.35104393959045,2.11776947975159,2.08633232116699
E000V00131,-72.95,-39.632,2.82126569747925,3.95999550819397,3.15167593955994,1.97411704063416,0.868074834346771,2.23991751670837,2.05622172355652,2.03817176818848
E000390006,-73.087,-39.657,2.82126569747925,3.95999550819397,3.15167593955994,1.97411704063416,0.868074834346771,2.23991751670837,2.05622172355652,2.03817176818848
E000V00130,-72.501,-39.863,2.83006262779236,3.97534036636353,3.74240136146545,1.95101273059845,0.216815665364265,2.85261178016663,2.0929856300354,2.06589722633362
E000V00191,-71.91,-39.88,2.80742311477661,3.94746351242065,3.2195041179657,1.47732698917389,0.20362913608551,2.89165067672729,2.17489624023438,2.12753796577454
E000V00132,-72.927,-40.096,2.67340493202209,3.94577074050903,3.61537027359009,1.97357404232025,0.870521724224091,2.83825445175171,2.07925319671631,2.0475447177887
E000V00134,-72.415,-40.134,2.71724653244019,3.92689275741577,3.64416122436523,1.95343697071075,0.33340984582901,2.91739630699158,2.15829396247864,2.11181473731995
E000V00193,-73.647,-40.168,2.19505286216736,3.76450538635254,3.45645022392273,1.948162317276,0.900915384292603,2.90388250350952,2.30096411705017,2.18462133407593
E000V00133,-73.024,-40.317,2.11199522018433,3.98060369491577,3.13261771202087,1.99280881881714,0.968342363834381,2.97328734397888,2.03351163864136,2.01629638671875
E000V00135,-72.979,-40.323,2.11199522018433,3.98060369491577,3.13261771202087,1.99280881881714,0.968342363834381,2.97328734397888,2.03351163864136,2.01629638671875
E000V00139,-73.308,-40.348,2.12754416465759,3.94229507446289,3.63388085365295,1.98248755931854,0.939656674861908,2.94190430641174,2.09496116638184,2.04408597946167
E000V00192,-72,-40.52,2.99267387390137,3.99678492546082,3.00425577163696,1.99785268306732,0.00749777676537633,2.99816870689392,2.99061393737793,2.98908805847168
E000400009,-73.058,-40.614,2.09948444366455,3.9429018497467,3.2226984500885,1.9843043088913,0.942129552364349,2.73693156242371,2.15080213546753,2.04585027694702
E000V00194,-72.116,-40.623,2.99267387390137,3.99678492546082,3.00425577163696,1.99785268306732,0.00749777676537633,2.99816870689392,2.99061393737793,2.98908805847168
E000V00136,-73.152,-40.765,2.04552483558655,3.93841648101807,3.77728486061096,1.99183452129364,0.983283817768097,3.58705043792725,2.73192095756531,2.04642486572266
E000V00138,-73.157,-40.861,2.04552483558655,3.93841648101807,3.77728486061096,1.99183452129364,0.983283817768097,3.58705043792725,2.73192095756531,2.04642486572266
E000V00195,-73.815,-40.873,2.08012938499451,3.8808970451355,3.80060815811157,2.00005340576172,1.54806351661682,3.58749341964722,2.7348039150238,2.64640259742737
E000V00137,-72.886,-40.957,2.06371974945068,3.82100486755371,3.36770915985107,1.98379385471344,0.963597357273102,3.23122787475586,2.3758327960968,2.11679768562317
E000V00142,-73.377,-41.115,2.10273432731628,3.83540511131287,3.7568211555481,2.01528668403625,1.0792236328125,3.2031934261322,2.37435674667358,2.18586826324463
E000V00197,-72.339,-41.142,2.66514706611633,3.76456999778748,2.97404551506042,1.86759221553802,0.799415171146393,3.54222726821899,2.81018447875977,2.65727591514587
E000V00143,-73.009,-41.259,2.00146269798279,3.0067834854126,3.98833060264587,1.99953317642212,0.999209523200989,3.98592400550842,2.99154758453369,2.98617482185364
E000V00196,-73.809,-41.359,2.65529799461365,3.86225533485413,4.4285044670105,2.59413456916809,1.64708030223846,3.67115259170532,2.79187703132629,2.71376371383667
E000410005,-73.096,-41.448,2.05861568450928,3.1601197719574,2.60630941390991,1.97487354278564,0.966986954212189,2.53684854507446,2.24733543395996,1.57198965549469
E000V00198,-72.275,-41.579,2.07321405410767,3.10621428489685,2.20667338371277,1.16353178024292,0.144946247339249,3.02833795547485,2.91785955429077,2.07296586036682
E000V00144,-73.672,-41.71,2.30033349990845,3.4143590927124,3.63167524337769,2.08456873893738,1.13047790527344,3.1548969745636,2.57337665557861,2.28648257255554
E000V00140,-72.435,-41.938,2.30754542350769,3.19370293617249,2.93792867660522,1.74537062644958,0.728186786174774,3.12563419342041,2.59482717514038,2.31209373474121
E000V00141,-71.865,-42.075,2.17141079902649,3.24810075759888,2.88879680633545,1.69027090072632,0.63392573595047,2.87347030639648,2.46155977249146,2.21036958694458
E000V00151,-72.417,-42.1,2.30754542350769,3.19370293617249,2.93792867660522,1.74537062644958,0.728186786174774,3.12563419342041,2.59482717514038,2.31209373474121
E000V00149,-73.49,-42.157,2.23692560195923,3.02553677558899,3.88334584236145,1.97936356067657,1.00275564193726,3.01375532150269,2.91830611228943,2.04304170608521
E000V00199,-74.078,-42.285,2.06260085105896,3.02577805519104,3.08819317817688,1.98405170440674,1.01578831672668,3.01676034927368,2.10763478279114,2.04476475715637
E000V00201,-72.663,-42.355,2.72601366043091,3.03037643432617,3.00226449966431,1.90762209892273,0.914592742919922,3.64766073226929,2.81958675384521,2.72364354133606
E000V00147,-73.568,-42.404,2.75937247276306,3.01618075370789,3.81016731262207,1.95475816726685,1.03883397579193,3.05729603767395,2.87508583068848,2.10595798492432
E000V00148,-73.633,-42.583,2.65261912345886,3.0311713218689,3.70662498474121,1.9431084394455,1.27979671955109,3.28990602493286,2.77618217468262,2.35602974891663
E000V00146,-73.789,-42.704,2.9359974861145,3.00199890136719,3.93656730651855,1.98171091079712,1.90276253223419,3.90454649925232,2.95554423332214,2.92097425460815
E000V00145,-72.717,-42.883,2.01724004745483,2.19096708297729,2.17868256568909,1.13543033599854,0.155761241912842,2.90445804595947,2.08629250526428,2.04054617881775
E000430002,-71.852,-43.189,1.93664944171906,2.91825604438782,2.09377360343933,1.07972633838654,0.0927145332098007,2.10369110107422,2.0398383140564,1.21589422225952
E000V00200,-74.295,-43.208,2.00782632827759,2.99870991706848,3.00498700141907,1.03657054901123,1.0011180639267,2.9975368976593,2.02041864395142,2.01235961914062
E000V00202,-72.85,-43.364,1.97586059570312,2.2097806930542,2.18942093849182,1.14714705944061,0.179179325699806,2.30185151100159,2.08642792701721,2.03387093544006
E000V00150,-72.126,-43.474,1.21443498134613,2.15794920921326,2.10069561004639,1.08713674545288,0.109656810760498,2.17015051841736,2.04509806632996,1.9811235666275
E000430004,-71.801,-43.612,1.69910049438477,2.63840770721436,2.25760436058044,1.22842001914978,0.28220146894455,2.30976223945618,2.10854816436768,1.72747552394867
E000V00153,-73.74,-43.89,1.89967048168182,2.71865797042847,2.69478845596313,1.59190332889557,0.936058342456818,2.74139094352722,2.31211066246033,2.18542981147766
E000V00152,-72.387,-43.917,1.18319249153137,2.12466335296631,2.09930396080017,1.10546791553497,0.158195540308952,2.88464593887329,2.05331778526306,2.01918983459473
E000V00154,-71.847,-44.24,1.70800173282623,2.52359247207642,2.37571454048157,1.41908240318298,0.655766606330872,2.55007648468018,2.1696572303772,2.00722026824951
E000V00203,-73.097,-44.729,1.0858029127121,2.04660367965698,2.03699970245361,1.95430040359497,1.90012240409851,2.94845676422119,2.91466188430786,2.9007682800293
E000450001,-72.677,-45.399,1.98070192337036,2.04752922058105,2.02566313743591,1.90948951244354,1.86435651779175,2.07252764701843,2.02799701690674,1.98857569694519
E000450004,-72.102,-45.591,2.73178577423096,2.04739308357239,2.01547169685364,1.09329962730408,1.03846633434296,2.10363006591797,2.01826286315918,1.2169576883316
E000450005,-71.678,-45.918,1.91000199317932,2.00647020339966,1.93546974658966,1.06262099742889,1.03569555282593,2.82437586784363,2.00639510154724,1.96870064735413
E000V00157,-71.941,-46.278,1.05686819553375,1.99664628505707,1.0776379108429,1.03411281108856,1.02458536624908,2.02844619750977,2.00208592414856,1.99099552631378
E000V00205,-74.778,-46.355,1.03841996192932,1.08199596405029,1.07239234447479,1.02858638763428,1.00597739219666,2.02619218826294,2.00550818443298,1.99810600280762
E000V00204,-73.336,-46.569,1.97364175319672,2.03467106819153,2.00304174423218,1.04705607891083,1.9279260635376,2.93511867523193,2.00449752807617,1.98957216739655
E000460001,-71.685,-46.585,1.0879955291748,1.2287061214447,1.9059556722641,1.83642339706421,1.81556618213654,2.04582905769348,2.00284171104431,1.98840713500977
E000470001,-72.583,-47.244,2.91671538352966,3.89569497108459,1.99397766590118,1.96617436408997,1.95763552188873,2.01636385917664,1.99658691883087,1.9876492023468
E000V00156,-73.536,-47.8,0.0412140041589737,1.03471314907074,1.02215313911438,1.0099333524704,1.00564515590668,2.00665307044983,1.99576723575592,1.01803553104401
E000V00155,-72.56,-48.471,1.01119542121887,2.00629234313965,1.01986360549927,1.0090000629425,1.00285494327545,2.00398063659668,1.01919078826904,1.01424241065979
E000V00206,-73.941,-48.958,1.00607526302338,2.00183081626892,1.01678907871246,1.00599658489227,0.999487280845642,2.00271105766296,1.01664316654205,1.01072025299072
E000V00207,-73.57,-51.07,0.063094288110733,0.109623990952969,0.0758654102683067,0.0338320694863796,0.022650457918644,1.02595865726471,1.01443123817444,0.034805916249752
E000V00158,-72.967,-51.184,0.992228150367737,1.97338497638702,0.999852478504181,0.0207430496811867,0.013441083021462,1.01494550704956,1.0074565410614,0.0197285208851099
E000V00159,-71.164,-52.309,1.93018162250519,1.99254095554352,1.99505639076233,1.96279883384705,0.991097331047058,1.98768436908722,0.9955815076828,0.986977815628052
E000V00161,-70.361,-52.432,1.95741534233093,1.96221613883972,1.99833345413208,1.03567409515381,0.970754325389862,1.95354700088501,0.0895615667104721,0.0660417973995209
E000V00160,-71.505,-52.601,1.07901787757874,1.99155402183533,1.99334692955017,1.96807813644409,0.99163693189621,1.9871119260788,0.999736785888672,0.991934895515442
E000V00162,-69.27,-52.8,1.00714612007141,1.01024043560028,2.00060391426086,1.00314486026764,0.99767678976059,1.00764799118042,0.999239981174469,0.00758611084893346
E000520006,-70.839,-53.002,1.69692623615265,1.58312571048737,1.93379127979279,1.28300666809082,0.643170654773712,1.53867709636688,0.579871118068695,0.494522899389267
E000530005,-70.326,-53.254,1.9838639497757,1.02606499195099,1.9979727268219,1.00912511348724,0.0306173786520958,1.02211236953735,0.0294751562178135,0.0205504931509495
E000V00208,-71.38,-53.8,1.03090465068817,1.05199837684631,1.05983507633209,1.02605259418488,0.987126290798187,1.04522836208344,1.00142097473145,0.991218268871307
E000V00163,-68.804,-54.051,1.01072943210602,1.99906003475189,2.00308990478516,1.00609624385834,0.997829437255859,1.01059877872467,1.00433802604675,0.0109104281291366
E000550001,-67.616,-54.932,2.95631074905396,2.97496056556702,2.9766206741333,1.98190569877625,0.997609674930573,1.99176061153412,1.98325705528259,0.0269574951380491
