Estacion,Lat,Lon,meses:1,3,6,9,12,24,36,48
E000V00003,-69.478,-17.595,1.34359014034271,0.940787732601166,1.22221326828003,1.33585631847382,1.2610114812851,0.380986779928207,0.428638696670532,0.3133644759655
E000V00002,-69.554,-18.197,1.01273560523987,0.994915306568146,1.01274859905243,1.01530849933624,1.00968396663666,0.0122719882056117,0.0132384384050965,0.00835808180272579
E000180005,-70.34,-18.356,1.32247376441956,0.850567042827606,1.26659154891968,1.3396133184433,1.23252534866333,0.355105757713318,0.388593643903732,0.248751416802406
E000V00001,-69.857,-19.011,1.04042863845825,0.127117842435837,1.08199679851532,1.08381152153015,1.02892422676086,0.0381664521992207,0.0393814481794834,0.0170329883694649
E000V00006,-68.638,-19.276,1.95389127731323,1.00712490081787,1.96928012371063,1.97451257705688,1.94210779666901,0.0409494303166866,0.0407557375729084,0.0203770492225885
E000V00005,-69.427,-19.313,1.04624354839325,0.977536678314209,1.93727421760559,1.93782782554626,1.0340838432312,0.0397880710661411,0.0402552299201488,0.014204547740519
E000V00007,-69.767,-19.996,1.99892973899841,1.9979259967804,1.99919462203979,1.99792397022247,1.99664378166199,0.998963713645935,0.998939454555511,0.000573364493902773
E000V00004,-70.117,-20.25,1.97429966926575,1.94189989566803,1.97418522834778,1.15123701095581,1.11726498603821,0.978414416313171,0.977563679218292,0.0223829634487629
E000V00008,-69.342,-20.501,1.98397588729858,1.96110558509827,1.98395478725433,1.98177587985992,1.03634941577911,0.98621940612793,0.981430351734161,0.0159313324838877
E000200006,-70.181,-20.549,1.91128766536713,1.77488374710083,1.89381802082062,1.29690527915955,1.19942200183868,0.937641441822052,0.934856832027435,0.105843402445316
E000V00011,-68.255,-21.224,1.99888670444489,1.99708127975464,1.99870336055756,1.99927949905396,1.99855005741119,0.999509155750275,0.00260908738709986,0.00151768699288368
E000V00013,-70.2,-22.091,1.46280980110168,0.784159958362579,1.69320785999298,1.82981824874878,1.43790018558502,0.621998429298401,0.557625830173492,0.371364325284958
E000V00014,-69.666,-22.35,1.0538409948349,0.118870742619038,1.96525716781616,1.98185300827026,1.07871282100677,0.0826707556843758,0.0607227645814419,0.0405421815812588
E000220002,-68.892,-22.498,1.04902040958405,0.996368050575256,1.97391986846924,1.98644053936005,1.95796716213226,0.938814699649811,0.0488042235374451,0.0279814731329679
E000V00009,-69.32,-22.892,1.06704795360565,0.992282032966614,1.95603764057159,1.97654294967651,1.94018948078156,0.114152371883392,0.0653730407357216,0.0426484420895576
E000V00012,-68.213,-22.932,1.98077881336212,1.9575856924057,1.98161339759827,1.98951685428619,1.98400771617889,0.993766903877258,0.974791884422302,0.0163967665284872
E000230001,-70.445,-23.454,1.61730706691742,0.904601693153381,1.49083054065704,1.78882086277008,1.50301110744476,0.79543399810791,0.731935501098633,0.593531966209412
E000V00166,-67.44,-23.6,1.98356127738953,1.93801546096802,1.96197128295898,1.98067855834961,1.97358965873718,0.999144792556763,0.0589582100510597,0.037821464240551
E000V00165,-68.57,-23.94,1.97917759418488,1.00652599334717,1.03270816802979,1.04797327518463,1.03362560272217,0.989855289459229,0.0390814207494259,0.0279118102043867
E000V00164,-69.69,-24.51,1.9818217754364,1.96233510971069,1.98269271850586,1.99199211597443,1.00959551334381,0.0224408581852913,0.0180494114756584,0.0147306323051453
E000V00167,-69.3,-25,1.01178026199341,0.996686100959778,1.9800820350647,1.99046146869659,1.00316047668457,0.0168665591627359,0.0134737938642502,0.0109455985948443
E000V00010,-70.484,-25.411,1.04206585884094,0.968794167041779,1.94468295574188,1.97192704677582,1.0234409570694,0.983205914497375,0.0503497049212456,0.0411371141672134
E000V00168,-69.27,-25.7,0.050838828086853,0.0263445507735014,0.0526371151208878,1.02672779560089,0.0442328751087189,0.0290121305733919,0.01945436373353,0.0151570355519652
E000V00169,-68.99,-26.25,1.00035417079926,0.999354362487793,1.99885928630829,1.99943828582764,1.00014591217041,0.999764084815979,0.000843920279294252,0.000604719913098961
E000V00016,-70.611,-26.332,1.16741514205933,0.0834889784455299,1.04256105422974,1.12018322944641,1.07051885128021,0.163771390914917,0.135732933878899,0.102612413465977
E000V00017,-70.046,-26.391,1.9295072555542,0.0642311349511147,1.02983570098877,1.09819650650024,1.05951476097107,0.145033359527588,0.126797214150429,0.0850149169564247
E000V00170,-69.33,-27.07,1.0815806388855,0.0553961545228958,1.03127777576447,1.07912170886993,1.05335593223572,1.01165544986725,0.999121725559235,0.0797383263707161
E000270008,-70.781,-27.254,2.00112438201904,0.00513166002929211,1.00338876247406,1.99856805801392,1.01299178600311,1.00274109840393,0.0178522896021605,0.00992095284163952
E000270009,-70.353,-27.359,1.99476194381714,0.0903467014431953,1.06669628620148,1.94164872169495,1.87288045883179,1.03566336631775,0.981371700763702,0.168946102261543
E000V00171,-69.81,-27.98,2.01085472106934,0.0274576228111982,1.97318923473358,1.05043089389801,1.04647636413574,1.02481329441071,1.02313220500946,0.0528874434530735
E000V00019,-71.225,-28.463,4.94765520095825,0.998579084873199,2.9694504737854,2.99013257026672,2.99073123931885,2.00014734268188,1.9988340139389,1.01689887046814
E000V00018,-70.449,-28.768,3.94184756278992,1.94892740249634,2.94472312927246,3.93495488166809,3.92886471748352,2.00087308883667,1.9914698600769,1.97787094116211
E000V00015,-70,-28.976,2.00803780555725,1.00050961971283,1.99891090393066,2.99767231941223,2.00675916671753,2.00013184547424,1.00895297527313,1.00685346126556
E000V00021,-71.116,-29.372,3.71699404716492,1.7101616859436,2.65577483177185,3.62607312202454,3.65028786659241,2.7780556678772,2.08212327957153,1.97702836990356
E000290004,-71.207,-29.914,3.86800670623779,1.87419617176056,2.84042835235596,3.83966588973999,3.87301135063171,2.95722031593323,2.17663264274597,2.04508113861084
E000V00022,-70.721,-30.031,4.91496229171753,1.96916031837463,2.96045160293579,3.96093654632568,3.96770620346069,3.93611025810242,2.97849869728088,2.00867438316345
E000V00020,-71.082,-30.234,3.88447284698486,1.88390278816223,2.85766434669495,3.85482931137085,3.89354062080383,2.99252080917358,2.93634176254272,2.05749320983887
E000V00172,-71.72,-30.38,2.80544137954712,1.01552700996399,1.78071093559265,2.75557041168213,3.11844229698181,2.64163565635681,2.80048227310181,2.56810116767883
E000V00027,-70.937,-30.746,3.00309658050537,1.88440871238708,2.89822673797607,3.86173868179321,3.94867157936096,3.00397276878357,3.02029156684875,2.14233326911926
E000V00028,-71.256,-30.838,3.69781041145325,1.80330908298492,3.52015209197998,3.75974225997925,4.60099029541016,3.69864225387573,3.72898459434509,3.63187670707703
E000V00026,-70.999,-31.188,2.05576705932617,0.95003467798233,1.91886627674103,2.91436505317688,3.84777688980103,2.94489216804504,2.98466897010803,2.9607105255127
E000V00024,-71.413,-31.39,2.08265709877014,0.732627332210541,1.57136356830597,2.09351229667664,2.88840270042419,2.77306795120239,2.93718218803406,2.89575219154358
E000V00023,-71.152,-31.633,2.03685331344604,0.17993500828743,0.970493912696838,2.0493597984314,2.79795002937317,2.6024317741394,2.83975625038147,2.7984139919281
E000V00025,-70.97,-31.783,2.00545763969421,0.0266004391014576,0.989906966686249,2.00950026512146,2.95995783805847,2.07328605651855,2.12229013442993,2.11376023292542
E000320019,-70.707,-32.076,1.98554050922394,0.0442860573530197,0.903901398181915,2.00391483306885,2.21449089050293,2.09464955329895,2.92688846588135,2.88561820983887
E000V00035,-70.926,-32.251,1.98050689697266,0.026463121175766,0.841737627983093,1.99484694004059,2.76643133163452,2.130535364151,2.97827458381653,2.95303797721863
E000V00174,-70.464,-32.343,1.45663058757782,0.0357965715229511,0.836028337478638,1.99001920223236,2.6648850440979,2.10050940513611,2.93645429611206,2.36563110351562
E000V00033,-70.819,-32.362,1.94139242172241,0.0361916795372963,0.809069693088531,1.99190974235535,2.56260943412781,2.35896778106689,2.95562434196472,2.87792348861694
E000V00034,-71.441,-32.505,1.88607335090637,0.0789624825119972,0.251601338386536,1.95499527454376,2.13728356361389,2.22991561889648,3.02734041213989,2.97877764701843
E000V00175,-71.014,-32.54,1.97761583328247,0.00897868163883686,0.0966517999768257,1.9949266910553,2.06300449371338,2.07082033157349,3.00714945793152,2.99482703208923
E000V00041,-70.725,-32.594,1.94919395446777,0.0225218664854765,0.717791199684143,1.98653697967529,2.25577807426453,2.25729584693909,2.97538661956787,2.91558980941772
E000V00176,-70.368,-32.618,1.87198436260223,0.0486851334571838,0.650281488895416,1.96582722663879,2.21064829826355,2.10155582427979,2.62374377250671,2.43806147575378
E000V00040,-70.809,-32.757,1.97376489639282,0.0118407346308231,0.159227803349495,1.98751533031464,2.0392632484436,2.69529318809509,2.99924731254578,2.96128249168396
E000V00031,-71.526,-32.789,1.86574375629425,0.0360522270202637,0.102746963500977,1.96516382694244,2.04829716682434,2.18608140945435,3.08247542381287,3.05535697937012
E000V00037,-71.173,-32.79,1.36794018745422,0.012187191285193,0.0476817525923252,1.98805809020996,2.02351689338684,2.66110372543335,3.61377477645874,3.59919095039368
E000320028,-71.227,-32.828,1.36794018745422,0.012187191285193,0.0476817525923252,1.98805809020996,2.02351689338684,2.66110372543335,3.61377477645874,3.59919095039368
E000V00032,-70.382,-32.89,1.97582852840424,0.0262208376079798,0.133833169937134,1.95546650886536,2.04132294654846,2.20411944389343,3.03941750526428,2.8020932674408
E000V00036,-71.207,-32.893,1.99216079711914,0.000746943056583405,0.00224141031503677,1.99888968467712,2.00090432167053,2.00948929786682,3.00649380683899,3.00532746315002
E000V00030,-71.517,-32.917,1.96769618988037,0.0107438284903765,0.0258923936635256,1.984703540802,2.00996446609497,2.04659724235535,3.01195287704468,3.00306987762451
E000V00042,-71.261,-32.994,1.99216079711914,0.000746943056583405,0.00224141031503677,1.99888968467712,2.00090432167053,2.00948929786682,3.00649380683899,3.00532746315002
E000330002,-71.648,-33.023,1.96202874183655,0.0411646142601967,0.083215244114399,1.94333112239838,2.02891135215759,2.07534408569336,2.96114540100098,2.94158148765564
E000330007,-71.556,-33.065,1.96769618988037,0.0107438284903765,0.0258923936635256,1.984703540802,2.00996446609497,2.04659724235535,3.01195287704468,3.00306987762451
E000V00029,-71.4,-33.083,1.96769618988037,0.0107438284903765,0.0258923936635256,1.984703540802,2.00996446609497,2.04659724235535,3.01195287704468,3.00306987762451
E000V00051,-70.834,-33.121,1.962886095047,0.0211633797734976,0.102084152400494,1.96539461612701,2.03502106666565,2.279461145401,3.11853575706482,2.89883899688721
E000V00050,-70.66,-33.147,1.98837900161743,0.0118270674720407,0.0353185683488846,1.97124135494232,2.01087737083435,2.1829400062561,3.1097149848938,2.86623668670654
E000V00177,-71.46,-33.23,1.99140119552612,0.00690517108887434,0.0137296784669161,1.98646235466003,2.00395560264587,2.01667714118958,2.99032187461853,2.98556971549988
E000V00178,-71.155,-33.287,1.96857833862305,0.0161549337208271,0.0373338162899017,1.96583914756775,2.01166844367981,2.06303286552429,2.99169325828552,2.96420502662659
E000V00046,-70.502,-33.353,1.99169790744781,0.0145325167104602,0.0446971654891968,1.96260559558868,2.01302742958069,2.13260936737061,3.04105305671692,2.49893736839294
E000330021,-70.787,-33.378,1.9992151260376,0.00162466545589268,0.00347966654226184,1.99408185482025,2.00078177452087,2.01504635810852,2.99637866020203,2.96438455581665
E000V00043,-70.733,-33.42,1.9992151260376,0.00162466545589268,0.00347966654226184,1.99408185482025,2.00078177452087,2.01504635810852,2.99637866020203,2.96438455581665
E000V00055,-71.026,-33.439,1.99409151077271,0.00911705102771521,0.018248725682497,1.96980690956116,2.00402092933655,2.04099702835083,2.97656679153442,2.93672895431519
E000V00038,-71.624,-33.439,1.99163770675659,0.0163928922265768,0.0267196204513311,1.95713436603546,2.00460124015808,2.02451372146606,2.94020676612854,2.94107842445374
E000330020,-70.683,-33.445,1.9992151260376,0.00162466545589268,0.00347966654226184,1.99408185482025,2.00078177452087,2.01504635810852,2.99637866020203,2.96438455581665
E000330019,-70.549,-33.455,1.99822354316711,0.00563233625143766,0.0123319467529655,1.97681188583374,2.00270009040833,2.03658080101013,2.97919249534607,2.23009157180786
E000V00044,-70.7,-33.467,1.9992151260376,0.00162466545589268,0.00347966654226184,1.99408185482025,2.00078177452087,2.01504635810852,2.99637866020203,2.96438455581665
E000V00047,-70.766,-33.517,1.9992151260376,0.00162466545589268,0.00347966654226184,1.99408185482025,2.00078177452087,2.01504635810852,2.99637866020203,2.96438455581665
E000V00039,-71.596,-33.543,1.99163770675659,0.0163928922265768,0.0267196204513311,1.95713436603546,2.00460124015808,2.02451372146606,2.94020676612854,2.94107842445374
E000V00045,-70.548,-33.545,1.99822354316711,0.00563233625143766,0.0123319467529655,1.97681188583374,2.00270009040833,2.03658080101013,2.97919249534607,2.23009157180786
E000V00058,-70.902,-33.608,1.99409151077271,0.00911705102771521,0.018248725682497,1.96980690956116,2.00402092933655,2.04099702835083,2.97656679153442,2.93672895431519
E000V00048,-70.567,-33.617,1.99822354316711,0.00563233625143766,0.0123319467529655,1.97681188583374,2.00270009040833,2.03658080101013,2.97919249534607,2.23009157180786
E000330031,-78.833,-33.636,2.06936621665955,0.538237512111664,0.341933369636536,1.30501818656921,1.75858354568481,1.64040124416351,2.44401073455811,2.37976694107056
E000330030,-71.613,-33.656,1.99528789520264,0.0245788618922234,0.0328796170651913,1.91516923904419,2.00097274780273,2.02326464653015,2.78021001815796,2.87499904632568
E000V00049,-70.089,-33.676,1.99949252605438,0.0253287740051746,0.040940523147583,1.80746555328369,2.00366187095642,2.03527116775513,2.32808685302734,2.24951362609863
E000V00057,-71.101,-33.692,1.99595069885254,0.0156564768403769,0.0244998503476381,1.91865861415863,2.00225591659546,2.07590317726135,2.924649477005,2.88587784767151
E000V00052,-70.707,-33.707,1.99832904338837,0.00792083516716957,0.0130466306582093,1.95477938652039,2.00138330459595,2.57204866409302,2.96112203598022,2.880455493927
E000V00053,-70.639,-33.862,1.99832904338837,0.00792083516716957,0.0130466306582093,1.95477938652039,2.00138330459595,2.57204866409302,2.96112203598022,2.880455493927
E000V00179,-70.22,-33.878,1.99999582767487,0.0234698858112097,0.0319066941738129,1.42848229408264,1.99905025959015,2.0548849105835,2.40071439743042,2.32866072654724
E000V00056,-71.394,-33.941,1.99914693832397,0.0259077809751034,0.0285366307944059,1.88344395160675,1.99579381942749,2.01262879371643,2.47162175178528,2.83631920814514
E000V00068,-71.825,-33.959,2.00025248527527,0.0216207578778267,0.0220656525343657,1.92415690422058,1.99562430381775,2.00326323509216,2.26696062088013,2.31820631027222
E000V00064,-70.717,-33.983,1.99972605705261,0.0045875096693635,0.00604072120040655,1.95402908325195,1.99972212314606,2.04584789276123,2.96814489364624,2.95457601547241
E000V00054,-70.995,-34.029,1.99975287914276,0.0033772096503526,0.00424845889210701,1.95880627632141,1.99970459938049,2.00969767570496,2.97793793678284,2.97600150108337
E000V00059,-70.772,-34.169,2.00021910667419,0.007655527908355,0.00825366005301476,1.87209260463715,1.99806821346283,2.01434278488159,2.93348836898804,2.92542958259583
E000V00180,-70.402,-34.203,2.00077342987061,0.0200673080980778,0.0223265774548054,1.42142593860626,1.99535310268402,2.03642749786377,2.4459547996521,2.41562390327454
E000V00061,-70.997,-34.215,2.00009369850159,0.00346684991382062,0.00357064721174538,1.12532818317413,1.99903619289398,2.00366473197937,2.97268199920654,2.97245979309082
E000V00062,-71.3,-34.217,2.00041627883911,0.0115358233451843,0.0112149743363261,1.88118731975555,1.99646532535553,2.00498580932617,2.89931535720825,2.91712141036987
E000V00060,-70.948,-34.261,2.00009369850159,0.00346684991382062,0.00357064721174538,1.12532818317413,1.99903619289398,2.00366473197937,2.97268199920654,2.97245979309082
E000V00066,-70.812,-34.279,2.00021910667419,0.007655527908355,0.00825366005301476,1.87209260463715,1.99806821346283,2.01434278488159,2.93348836898804,2.92542958259583
E000V00065,-70.834,-34.322,2.00021910667419,0.007655527908355,0.00825366005301476,1.87209260463715,1.99806821346283,2.01434278488159,2.93348836898804,2.92542958259583
E000V00067,-72.019,-34.394,2.00438022613525,0.0309133343398571,0.0202365722507238,1.88368988037109,1.98422181606293,1.98526108264923,2.18248152732849,2.84130311012268
E000V00063,-70.21,-34.411,2.00216174125671,0.0239789914339781,0.0229389760643244,1.21019768714905,1.99116611480713,2.00530195236206,2.21840739250183,2.19970750808716
E000V00071,-71.463,-34.485,2.00077414512634,0.00717597920447588,0.00540893385186791,1.95425593852997,1.99651038646698,1.99802708625793,2.9105007648468,2.92514610290527
E000V00069,-71.898,-34.645,2.00503516197205,0.0302807334810495,0.0163112878799438,1.87408721446991,1.98114919662476,1.98050498962402,2.14777827262878,2.78591656684875
E000V00072,-71.4,-34.691,2.00355911254883,0.0251863934099674,0.0157631076872349,1.80364763736725,1.98428177833557,1.98607194423676,2.42648816108704,2.47003030776978
E000V00070,-71.63,-34.714,2.00475192070007,0.0309317167848349,0.0179631970822811,1.83696711063385,1.98059034347534,1.98107850551605,2.47598338127136,2.69901442527771
E000340044,-71.02,-34.721,2.0006992816925,0.00571676203981042,0.00409219600260258,1.05644679069519,1.99662566184998,1.99793481826782,2.0547239780426,2.05550241470337
E000V00181,-70.52,-34.781,2.00067257881165,0.00584177765995264,0.00462034018710256,1.0430566072464,1.99688684940338,1.99865365028381,2.04603171348572,2.04399538040161
E000V00086,-72.026,-34.855,2.00503516197205,0.0302807334810495,0.0163112878799438,1.87408721446991,1.98114919662476,1.98050498962402,2.14777827262878,2.78591656684875
E000V00084,-71.125,-34.96,2.00442290306091,0.0302991513162851,0.0183442775160074,1.17751944065094,1.97781622409821,1.97918736934662,2.16739082336426,2.17123341560364
E000V00083,-71.832,-34.968,2.00512194633484,0.0294682160019875,0.0141072692349553,1.82171106338501,1.97800886631012,1.97655665874481,2.14478397369385,2.21590089797974
E000340031,-71.217,-34.969,2.00148296356201,0.00962849892675877,0.00542882923036814,1.06908011436462,1.99276149272919,1.99284100532532,2.05275988578796,2.05681562423706
E000V00085,-70.811,-35,2.00211358070374,0.0151135371997952,0.00973651278764009,1.07917845249176,1.98939990997314,1.99052000045776,2.08257651329041,2.08165383338928
E000V00076,-71.956,-35.128,2.01249217987061,0.0633965507149696,0.0224700439721346,1.64849174022675,1.94825291633606,1.9423645734787,2.16157293319702,2.20667028427124
E000V00182,-70.83,-35.398,2.0088484287262,0.0534101128578186,0.0258174613118172,1.11152541637421,1.94728720188141,1.94039595127106,2.13997054100037,2.13974046707153
E000V00079,-71.467,-35.419,2.00606942176819,0.0320546440780163,0.0117313209921122,1.06859612464905,1.96594762802124,1.9611279964447,2.07144236564636,2.07635474205017
E000V00078,-71.7,-35.533,2.00501108169556,0.0252860337495804,0.00819001812487841,1.05565023422241,1.97465252876282,1.9711000919342,2.05257725715637,2.05547833442688
E000V00074,-71.454,-35.663,2.00793886184692,0.0403714813292027,0.0125684533268213,1.03544235229492,1.94748842716217,1.93905806541443,2.06556749343872,2.06875991821289
E000V00077,-72.082,-35.672,2.01867771148682,0.0880848616361618,0.019711546599865,1.04766201972961,1.91067898273468,1.89756751060486,2.14664053916931,2.12126612663269
E000V00080,-71.062,-35.699,2.0061514377594,0.0341738909482956,0.0133624048903584,1.0384042263031,1.95721673965454,1.95031321048737,2.06374955177307,2.06584477424622
E000V00081,-72.511,-35.707,2.00674390792847,0.0324932187795639,0.00467512430623174,1.00378203392029,1.97874653339386,1.97751247882843,2.94800662994385,2.03590250015259
E000V00075,-71.631,-35.753,2.01375246047974,0.0669982358813286,0.0179540049284697,1.04968214035034,1.92039275169373,1.90766906738281,2.10516405105591,2.10362124443054
E000V00082,-72.587,-35.836,2.00674390792847,0.0324932187795639,0.00467512430623174,1.00378203392029,1.97874653339386,1.97751247882843,2.94800662994385,2.03590250015259
E000V00183,-71.05,-36.06,2.00702095031738,0.0379715785384178,0.0132181877270341,1.01564729213715,1.9416868686676,1.93169569969177,2.05322003364563,2.05710458755493
E000V00087,-72.783,-36.133,2.09770727157593,0.822587132453918,0.0179660152643919,0.864859938621521,1.81033062934875,1.84365785121918,2.81394338607788,2.76943492889404
E000V00073,-71.548,-36.257,2.00526142120361,0.0258890427649021,0.00623881677165627,0.973006784915924,1.92044126987457,1.90940177440643,2.00989532470703,2.02748656272888
E000V00091,-71.9,-36.292,2.02979421615601,0.135519862174988,0.0198861267417669,0.929283857345581,1.80560195446014,1.74387872219086,2.12240529060364,2.12086153030396
E000V00090,-72.64,-36.43,2.09565782546997,0.953538358211517,0.00581571971997619,0.848165392875671,1.86285209655762,1.90212821960449,2.90032076835632,2.89375472068787
E000V00088,-72.699,-36.492,2.09565782546997,0.953538358211517,0.00581571971997619,0.848165392875671,1.86285209655762,1.90212821960449,2.90032076835632,2.89375472068787
E000V00092,-71.549,-36.56,2.01208877563477,0.059807613492012,0.0133503787219524,0.260622292757034,0.505938172340393,0.461769104003906,1.37728273868561,2.05360269546509
E000360011,-72.037,-36.586,2.02852439880371,0.128979444503784,0.0167792271822691,0.878741264343262,1.75228047370911,1.18098616600037,2.08664059638977,2.09771394729614
E000V00089,-72.603,-36.625,2.22618246078491,0.763924360275269,0.0236261617392302,0.372772186994553,1.30378806591034,1.36044752597809,2.41932153701782,2.40726065635681
E000V00099,-72.965,-36.672,2.97202801704407,0.99106752872467,0.00162227218970656,0.0231804922223091,1.021723985672,1.98381853103638,2.98442530632019,2.98283863067627
E000V00096,-72.704,-36.697,2.71181225776672,0.927762925624847,0.0102374227717519,0.179109930992126,1.69403994083405,1.80928719043732,2.82106947898865,2.81345534324646
E000V00098,-72.983,-36.733,2.97202801704407,0.99106752872467,0.00162227218970656,0.0231804922223091,1.021723985672,1.98381853103638,2.98442530632019,2.98283863067627
E000360019,-73.066,-36.781,2.97202801704407,0.99106752872467,0.00162227218970656,0.0231804922223091,1.021723985672,1.98381853103638,2.98442530632019,2.98283863067627
E000V00184,-71.5,-36.88,2.02391743659973,0.124576471745968,0.0268733352422714,0.241260722279549,0.935150504112244,0.478985190391541,2.05978298187256,2.08633899688721
E000V00093,-72.099,-36.977,2.02579426765442,0.143229901790619,0.018760597333312,0.182101860642433,0.407335847616196,0.370049506425858,2.07266902923584,2.07602548599243
E000V00095,-73.14,-37.005,2.41798973083496,0.831780910491943,0.0424355491995811,0.590849816799164,1.48821425437927,1.65271377563477,2.64805698394775,2.54523587226868
E000V00106,-72.403,-37.035,2.09231543540955,0.765225291252136,0.0219971630722284,0.237305238842964,0.631411671638489,1.04590916633606,2.19207692146301,2.18394231796265
E000V00097,-73.155,-37.092,2.41798973083496,0.831780910491943,0.0424355491995811,0.590849816799164,1.48821425437927,1.65271377563477,2.64805698394775,2.54523587226868
E000V00105,-71.245,-37.111,2.02089166641235,0.10742200165987,0.026007266715169,0.228581100702286,0.508691549301147,0.4139064848423,2.06218028068542,2.07997226715088
E000V00094,-72.012,-37.141,2.0137882232666,0.0881908312439919,0.013651330024004,0.0937685742974281,0.244425699114799,0.216290280222893,2.04287767410278,2.04262804985046
E000V00108,-72.946,-37.167,2.10337281227112,0.904909193515778,0.0240263529121876,0.84275883436203,1.77607035636902,1.6764349937439,2.70012402534485,2.66885089874268
E000V00107,-72.328,-37.213,2.028484582901,0.253739655017853,0.0216836296021938,0.155100181698799,0.431958556175232,0.363432198762894,2.08207726478577,2.0788426399231
E000V00111,-71.949,-37.293,2.0137882232666,0.0881908312439919,0.013651330024004,0.0937685742974281,0.244425699114799,0.216290280222893,2.04287767410278,2.04262804985046
E000V00100,-73.437,-37.305,2.75229549407959,0.944566190242767,0.0183392856270075,0.937277615070343,1.89694440364838,1.85161316394806,2.81159043312073,2.09323358535767
E000V00185,-71.566,-37.323,2.02206349372864,0.117360971868038,0.02594193816185,0.183367922902107,0.421795010566711,0.91574227809906,2.06864404678345,2.07398128509521
E000370033,-72.424,-37.397,2.04672980308533,0.769817292690277,0.0489424802362919,0.313782602548599,1.13588237762451,0.569254815578461,2.15315818786621,2.1427960395813
E000V00186,-72.83,-37.418,2.05557680130005,0.855754196643829,0.0402348972856998,0.729558110237122,1.61849784851074,0.993364989757538,2.17250180244446,2.15640997886658
E000V00103,-73.33,-37.485,2.08654117584229,0.940754175186157,0.0202312394976616,0.921997308731079,1.87904906272888,1.75523126125336,2.14974975585938,2.08757400512695
E000V00110,-71.875,-37.536,2.03210783004761,0.192349389195442,0.0431615486741066,0.236662656068802,0.978409230709076,0.931887447834015,2.10721397399902,2.10591077804565
E000V00104,-73.462,-37.627,2.0761923789978,0.900634706020355,0.0409329608082771,0.885791838169098,1.8104339838028,1.18188464641571,2.16850876808167,2.1172022819519
E000V00109,-72.007,-37.685,2.01703143119812,0.130836859345436,0.038962360471487,0.153720751404762,1.79851222038269,1.01623332500458,2.07420349121094,2.07158136367798
E000V00116,-72.605,-37.726,2.03549528121948,0.828035354614258,0.0810753405094147,0.336622297763824,1.20398271083832,0.537211358547211,2.1624231338501,2.15262246131897
E000V00101,-73.412,-37.892,2.09653449058533,0.76446521282196,0.101661123335361,0.729316055774689,1.55730402469635,1.17175209522247,2.30230641365051,2.24285340309143
E000V00102,-73.097,-37.95,2.03220295906067,0.762520492076874,0.052093144506216,0.275135844945908,1.19354140758514,0.567135214805603,2.1271641254425,2.11176633834839
E000V00112,-71.435,-38.057,2.06335759162903,0.897665560245514,0.0458765029907227,0.243948206305504,1.86425638198853,1.0944664478302,2.13059258460999,2.12723326683044
E000V00114,-72.298,-38.146,2.00520181655884,0.97242546081543,0.940985381603241,1.92167675495148,1.98065459728241,1.94315207004547,2.95584630966187,2.9545693397522
E000V00117,-72.273,-38.228,2.00520181655884,0.97242546081543,0.940985381603241,1.92167675495148,1.98065459728241,1.94315207004547,2.95584630966187,2.9545693397522
E000V00113,-71.233,-38.25,2.98696899414062,0.99714469909668,0.00228706398047507,0.995448768138885,1.99556756019592,1.9888573884964,2.99013233184814,2.98994016647339
E000V00188,-72.956,-38.207,2.01246285438538,0.133325964212418,0.0286291539669037,0.13378269970417,1.09227204322815,1.01424586772919,2.0627613067627,2.0561146736145
E000V00187,-71.75,-38.414,2.08166360855103,0.996047496795654,0.117777921259403,1.0473268032074,1.93201982975006,1.16034770011902,2.20966029167175,2.20374751091003
E000V00121,-72.399,-38.435,2.03443622589111,0.43390366435051,0.186548113822937,1.05279099941254,1.87463700771332,1.22552251815796,2.33174586296082,2.31929135322571
E000V00129,-72.85,-38.446,2.02950000762939,0.310699611902237,0.102720469236374,0.473905354738235,1.34310626983643,1.13233745098114,2.2081663608551,2.19309329986572
E000V00126,-72.224,-38.675,2.0397744178772,1.46941947937012,0.674017071723938,1.6747442483902,2.52522659301758,1.75483787059784,3.38383889198303,3.37559652328491
E000V00115,-71.141,-38.732,2.75066471099854,0.995091915130615,0.101158902049065,1.02837193012238,1.9109069108963,1.81674826145172,2.85806727409363,2.85062766075134
E000380013,-72.46,-38.768,2.01214909553528,0.137295931577682,0.0460798256099224,1.02958261966705,1.98098742961884,1.0741491317749,2.10739946365356,2.1030421257019
E000V00120,-71.683,-38.834,2.62668800354004,1.5555020570755,0.686017692089081,1.62404131889343,1.92847585678101,1.7482100725174,2.8258204460144,2.81648898124695
E000V00128,-72.787,-39.022,2.00896382331848,0.133359909057617,0.0231125112622976,1.00658285617828,1.93540489673615,1.08774900436401,2.10723757743835,2.09965944290161
E000V00127,-72.252,-39.007,2.00162625312805,1.00095462799072,0.00263535114936531,1.9961621761322,1.99956917762756,1.99743449687958,2.99855732917786,2.99840354919434
E000V00122,-72.922,-39.071,2.02214980125427,0.284170240163803,0.0678454712033272,0.990425050258636,1.36638724803925,1.12642204761505,2.19750714302063,2.16332602500916
E000V00118,-72.615,-39.103,2.08589839935303,0.839091300964355,0.169651746749878,1.18273115158081,1.89793014526367,1.57563531398773,2.67504382133484,2.65038728713989
E000V00124,-73.133,-39.165,2.04358339309692,0.791746258735657,0.189665630459785,0.986314058303833,1.65832281112671,1.24022817611694,2.53237342834473,2.34398698806763
E000V00125,-72.261,-39.196,2.7841637134552,1.77211546897888,0.819523751735687,1.82850193977356,1.96572780609131,1.89349913597107,2.94236779212952,2.9328556060791
E000V00119,-71.868,-39.262,2.08088731765747,1.49771893024445,0.583740592002869,1.52763068675995,1.91232693195343,1.62851202487946,2.88156962394714,2.86806774139404
E000V00123,-71.926,-39.289,2.07342910766602,1.25119984149933,0.309458792209625,1.29258954524994,1.94870674610138,1.35867166519165,2.92444014549255,2.91398787498474
E000V00189,-72.55,-39.373,2.11225008964539,1.01133513450623,0.176590502262115,1.14700984954834,1.89751291275024,1.71185898780823,2.80721926689148,2.77106070518494
E000V00190,-73.177,-39.39,2.02899599075317,0.971473515033722,0.184481829404831,1.0050163269043,1.78814959526062,1.18081259727478,2.71420669555664,2.28571534156799
E000V00131,-72.95,-39.632,2.01203513145447,1.03917515277863,0.110493376851082,1.00882065296173,1.90923714637756,1.08242177963257,2.85190510749817,2.15360593795776
E000390006,-73.087,-39.657,2.01203513145447,1.03917515277863,0.110493376851082,1.00882065296173,1.90923714637756,1.08242177963257,2.85190510749817,2.15360593795776
E000V00130,-72.501,-39.863,2.0287139415741,1.03436946868896,0.118471600115299,1.00492298603058,1.8361439704895,1.14028310775757,2.31727814674377,2.22215485572815
E000V00191,-71.91,-39.88,2.03004550933838,1.04634940624237,0.135627508163452,0.479533165693283,1.22368466854095,1.06774091720581,2.29364109039307,2.21893763542175
E000V00132,-72.927,-40.096,2.01052594184875,1.19435977935791,0.269497215747833,1.02609419822693,1.87980604171753,1.10213541984558,2.41808247566223,2.29744124412537
E000V00134,-72.415,-40.134,2.01362538337708,1.14129972457886,0.222075715661049,0.941529750823975,1.30749261379242,1.0495433807373,2.73043346405029,2.26219964027405
E000V00193,-73.647,-40.168,2.01564073562622,1.41648423671722,0.637484550476074,1.11954963207245,1.68926501274109,1.38886368274689,2.72962832450867,2.66569209098816
E000V00133,-73.024,-40.317,2.00225806236267,1.8521386384964,0.878908276557922,1.02216231822968,1.95680034160614,1.04474914073944,2.89466977119446,2.878662109375
E000V00135,-72.979,-40.323,2.00225806236267,1.8521386384964,0.878908276557922,1.02216231822968,1.95680034160614,1.04474914073944,2.89466977119446,2.878662109375
E000V00139,-73.308,-40.348,2.00539970397949,1.76954424381256,0.848217129707336,1.49836266040802,1.89708971977234,1.56275963783264,2.87571740150452,2.84127497673035
E000V00192,-72,-40.52,2.0003936290741,1.002396941185,0.00450118305161595,0.0115015087649226,0.0192625820636749,0.0158181414008141,2.00789785385132,2.00636076927185
E000400009,-73.058,-40.614,2.00341796875,1.81773352622986,0.939015746116638,1.09906768798828,1.868408203125,1.15695786476135,2.89453530311584,2.87717843055725
E000V00194,-72.116,-40.623,2.0003936290741,1.002396941185,0.00450118305161595,0.0115015087649226,0.0192625820636749,0.0158181414008141,2.00789785385132,2.00636076927185
E000V00136,-73.152,-40.765,2.00104522705078,1.88278472423553,1.58002769947052,1.66288816928864,1.86545968055725,1.72366511821747,2.932368516922,2.93452453613281
E000V00138,-73.157,-40.861,2.00104522705078,1.88278472423553,1.58002769947052,1.66288816928864,1.86545968055725,1.72366511821747,2.932368516922,2.93452453613281
E000V00195,-73.815,-40.873,2.00174927711487,1.79059386253357,0.901208698749542,1.03592157363892,1.8166036605835,1.72524082660675,2.90659713745117,2.90051507949829
E000V00137,-72.886,-40.957,1.99967789649963,1.75694954395294,1.07124531269073,1.146484375,1.33375382423401,1.24371492862701,2.81688261032104,2.89398574829102
E000V00142,-73.377,-41.115,1.99928259849548,1.75620806217194,0.955892264842987,1.07239508628845,1.41096186637878,1.31718778610229,2.88159036636353,2.89864635467529
E000V00197,-72.339,-41.142,1.99571001529694,1.64408051967621,0.152991518378258,0.254934012889862,0.97117555141449,0.915898263454437,2.73658633232117,2.73850989341736
E000V00143,-73.009,-41.259,1.99993312358856,1.00559639930725,0.99532675743103,0.996839284896851,1.00322890281677,1.00204491615295,2.00702404975891,2.99483513832092
E000V00196,-73.809,-41.359,1.99721372127533,1.8210768699646,0.890447616577148,0.964134812355042,1.78479146957397,1.74377429485321,3.4958598613739,3.50250864028931
E000410005,-73.096,-41.448,1.99378848075867,1.12365674972534,0.285292118787766,0.340956926345825,1.07651782035828,1.04418814182281,2.18436884880066,2.30135011672974
E000V00198,-72.275,-41.579,1.99509155750275,1.06765305995941,0.0618506036698818,0.104187823832035,0.211712658405304,0.191550731658936,2.11051821708679,2.11285209655762
E000V00144,-73.672,-41.71,1.97709584236145,1.41103994846344,0.474704146385193,0.627240478992462,1.34003591537476,1.29671585559845,2.67559170722961,2.68922781944275
E000V00140,-72.435,-41.938,1.9217027425766,1.13543426990509,0.244477480649948,0.413204491138458,0.956471502780914,0.899136304855347,2.49484586715698,2.50945806503296
E000V00141,-71.865,-42.075,1.89709913730621,1.08236968517303,0.254656463861465,0.541407763957977,0.994030714035034,0.904986083507538,2.41839933395386,2.40813159942627
E000V00151,-72.417,-42.1,1.9217027425766,1.13543426990509,0.244477480649948,0.413204491138458,0.956471502780914,0.899136304855347,2.49484586715698,2.50945806503296
E000V00149,-73.49,-42.157,1.98763275146484,1.0413966178894,0.0428819172084332,0.0690344199538231,1.01738250255585,1.02756237983704,2.07720303535461,2.07856130599976
E000V00199,-74.078,-42.285,1.99259281158447,1.86021649837494,0.0386008471250534,0.0642750710248947,1.02337396144867,1.03902089595795,2.07511162757874,2.07505345344543
E000V00201,-72.663,-42.355,1.94301187992096,1.04567050933838,0.0868391469120979,0.148723363876343,0.986766993999481,0.973664999008179,2.79356145858765,2.79769372940063
E000V00147,-73.568,-42.404,1.97255671024323,1.05299115180969,0.0510321371257305,0.0887870267033577,1.00893354415894,1.07164680957794,2.14678192138672,2.14735627174377
E000V00148,-73.633,-42.583,1.97182178497314,1.1346400976181,0.0713863000273705,0.125113233923912,1.02576684951782,1.325847864151,2.4125919342041,2.41259503364563
E000V00146,-73.789,-42.704,1.99158143997192,1.02129817008972,0.0136003885418177,0.0254584327340126,1.00182616710663,1.91204106807709,2.9317934513092,2.93159651756287
E000V00145,-72.717,-42.883,1.15558898448944,1.00830483436584,0.0358129069209099,0.0733522176742554,0.178251177072525,0.181930631399155,2.07830190658569,2.07745623588562
E000430002,-71.852,-43.189,1.09820342063904,0.19970566034317,0.0257563628256321,0.0617705173790455,0.115696854889393,0.115193411707878,2.04316568374634,2.0413863658905
E000V00200,-74.295,-43.208,1.99442207813263,1.95981013774872,0.00903454329818487,0.0192778259515762,1.00124228000641,1.00749671459198,2.01933193206787,2.01886224746704
E000V00202,-72.85,-43.364,1.17332053184509,1.00560879707336,0.0408879108726978,0.0877118557691574,0.197325855493546,0.206172332167625,2.07928538322449,2.07770156860352
E000V00150,-72.126,-43.474,1.10615110397339,0.965232610702515,0.0259713772684336,0.0604993626475334,0.119748823344707,0.125618681311607,2.04469347000122,2.04308748245239
E000430004,-71.801,-43.612,1.28455603122711,0.68574845790863,0.0720158591866493,0.17691995203495,0.328838706016541,0.336619228124619,2.11780762672424,2.112300157547
E000V00153,-73.74,-43.89,1.77802991867065,1.13988280296326,0.148791626095772,0.348923951387405,0.790524482727051,0.940475642681122,2.25206136703491,2.24132013320923
E000V00152,-72.387,-43.917,1.12894582748413,1.00046443939209,0.0266214273869991,0.064611479640007,0.12663297355175,0.153460249304771,2.0429995059967,2.04096937179565
E000V00154,-71.847,-44.24,1.55448091030121,0.986956834793091,0.115418158471584,0.302090227603912,0.560026586055756,0.651825308799744,2.17470788955688,2.16346073150635
E000V00203,-73.097,-44.729,1.96064031124115,1.0079425573349,0.0113999843597412,0.0292789097875357,0.0566641837358475,0.982336521148682,2.01638221740723,2.01527214050293
E000450001,-72.677,-45.399,1.13311004638672,1.02704644203186,0.0127910198643804,0.0349874868988991,0.0702279582619667,0.962923765182495,2.01491355895996,2.01336741447449
E000450004,-72.102,-45.591,1.94032728672028,1.07715618610382,0.013969480060041,0.0390929020941257,0.119014009833336,0.200915187597275,2.01680064201355,2.01502394676208
E000450005,-71.678,-45.918,1.9576690196991,1.88390469551086,0.00766472099348903,0.0221427101641893,0.836972951889038,0.964785099029541,2.00772953033447,2.00662970542908
E000V00157,-71.941,-46.278,1.97529757022858,1.94830906391144,0.00301471422426403,0.00873332377523184,0.0328476279973984,0.98977142572403,2.00244474411011,2.00199747085571
E000V00205,-74.778,-46.355,1.99226331710815,1.95043671131134,0.00813150964677334,0.0230252016335726,0.039748277515173,0.997550189495087,2.00628113746643,2.00515127182007
E000V00204,-73.336,-46.569,1.98228120803833,1.92051470279694,0.00802738219499588,0.0229764729738235,0.0420108623802662,0.986980140209198,2.00100088119507,1.99982106685638
E000460001,-71.685,-46.585,1.18447518348694,1.13422632217407,0.00650867540389299,0.01915442943573,0.0578542053699493,0.987365245819092,2.00452899932861,2.00349712371826
E000470001,-72.583,-47.244,1.98899710178375,1.0111163854599,0.00394982425495982,0.011732067912817,0.0215006824582815,0.988543212413788,1.99480354785919,1.99410176277161
E000V00156,-73.536,-47.8,1.99698388576508,1.00300014019012,0.00199292856268585,0.0059478897601366,0.0100352624431252,0.0191099476069212,1.02153539657593,1.02116370201111
E000V00155,-72.56,-48.471,1.99621212482452,0.999821960926056,0.00201805378310382,0.00617606891319156,0.0102237639948726,0.016626987606287,1.01932036876678,1.01883172988892
E000V00206,-73.941,-48.958,1.99633657932281,0.998554110527039,0.0021510913502425,0.00658420054242015,0.0105648199096322,0.0142125962302089,1.01688826084137,1.01638829708099
E000V00207,-73.57,-51.07,1.04508566856384,0.045646671205759,0.0028624574188143,0.00898521579802036,0.0138508956879377,0.0178734734654427,1.05034124851227,1.04914116859436
E000V00158,-72.967,-51.184,1.9798835515976,0.980103075504303,0.00157926674000919,0.00497540459036827,0.00764025654643774,0.0105024296790361,1.98458123207092,1.98371529579163
E000V00159,-71.164,-52.309,1.01351249217987,0.0132003081962466,0.00256481999531388,0.00818206742405891,0.0123346354812384,0.0722067505121231,1.99442863464355,1.9820601940155
E000V00161,-70.361,-52.432,1.01723790168762,0.0164009798318148,0.00380367506295443,0.0121980793774128,0.0182507131248713,0.0597340427339077,1.98348569869995,1.08023500442505
E000V00160,-71.505,-52.601,1.01237785816193,0.0120343621820211,0.00233486481010914,0.00744443014264107,0.0111985877156258,0.921174108982086,1.99340510368347,1.98595356941223
E000V00162,-69.27,-52.8,1.00282061100006,0.00260435580275953,0.000678805634379387,0.00218712841160595,0.00324584939517081,0.00779713271185756,1.01133978366852,1.00908613204956
E000520006,-70.839,-53.002,1.08974802494049,0.0848563015460968,0.0196649692952633,0.0629502385854721,0.0939070656895638,0.574540615081787,1.89774763584137,1.71911525726318
E000530005,-70.326,-53.254,1.00552034378052,0.00513438275083899,0.00127938948571682,0.00410429481416941,0.00609452929347754,0.980248034000397,1.99296414852142,1.98453223705292
E000V00208,-71.38,-53.8,1.01558744907379,0.0145458551123738,0.00348000507801771,0.0111161936074495,0.0165005642920732,0.0418273508548737,1.05756771564484,1.05177891254425
E000V00163,-68.804,-54.051,1.00430166721344,0.00381135288625956,0.00111175607889891,0.00358312181197107,0.00525006093084812,0.994968235492706,1.99946224689484,1.99821066856384
E000550001,-67.616,-54.932,1.01147925853729,0.00974227394908667,0.00317452684976161,0.0102386260405183,0.0148179773241282,0.997142851352692,2.97294092178345,2.97123765945435
