Estacion,Lat,Lon,meses:1,3,6,9,12,24,36,48
E000V00003,-69.478,-17.595,0.7514967918396,0.694167792797089,1.17588019371033,1.13551270961761,1.80164110660553,1.74054229259491,0.43429034948349,0.38508352637291
E000V00002,-69.554,-18.197,0.0422535538673401,0.0376457758247852,1.00645864009857,1.00647366046906,1.99028921127319,1.98335742950439,0.0132260406389832,0.0105003044009209
E000180005,-70.34,-18.356,1.0567272901535,0.974748253822327,1.17755925655365,1.18308663368225,1.71819591522217,1.57714211940765,0.390938699245453,0.310439497232437
E000V00001,-69.857,-19.011,1.94279623031616,1.89241075515747,1.02330100536346,1.03304743766785,1.11232447624207,1.04357838630676,0.0379994176328182,0.0219760052859783
E000V00006,-68.638,-19.276,1.04519021511078,1.01957952976227,1.02655136585236,1.0287162065506,1.98992049694061,1.94703495502472,0.0383806377649307,0.0268528275191784
E000V00005,-69.427,-19.313,1.95640075206757,1.05827844142914,1.02662777900696,1.03991627693176,1.96232271194458,1.04073810577393,0.0377071499824524,0.0186053346842527
E000V00007,-69.767,-19.996,1.99762070178986,1.99711179733276,1.99716639518738,2.99446988105774,2.99551463127136,1.99665725231171,0.998359203338623,0.000781979353632778
E000V00004,-70.117,-20.25,1.13864660263062,1.12986171245575,1.13528537750244,2.05481243133545,2.08075499534607,1.11673247814178,0.960774660110474,0.0308398883789778
E000V00008,-69.342,-20.501,1.9664489030838,1.96152472496033,1.97044861316681,1.9844685792923,2.00702381134033,1.03142189979553,0.0486974082887173,0.023016057908535
E000200006,-70.181,-20.549,1.23592185974121,1.21398973464966,1.24700617790222,1.95617651939392,2.04821062088013,1.19414830207825,0.903290748596191,0.147089585661888
E000V00011,-68.255,-21.224,1.00178635120392,1.00177216529846,1.99894607067108,1.00177800655365,1.99974036216736,1.00165629386902,0.00304123875685036,0.00255324272438884
E000V00013,-70.2,-22.091,1.60409092903137,1.59093034267426,1.60260796546936,1.70293939113617,1.97434175014496,1.13717567920685,0.761359214782715,0.600620985031128
E000V00014,-69.666,-22.35,1.9492449760437,1.94905972480774,1.12337148189545,1.96960020065308,2.01502537727356,0.175264522433281,0.106466874480247,0.0737716406583786
E000220002,-68.892,-22.498,1.10603857040405,1.11339676380157,1.1776442527771,1.12850546836853,2.04036641120911,1.0589200258255,0.118019476532936,0.0722157508134842
E000V00009,-69.32,-22.892,1.94889461994171,1.95301854610443,3.66554546356201,2.78349447250366,2.85787177085876,1.89993321895599,0.981910765171051,0.109906494617462
E000V00012,-68.213,-22.932,2.93747091293335,3.88534665107727,2.95189332962036,1.97634196281433,2.94830584526062,1.97679424285889,1.95164549350739,1.94109678268433
E000230001,-70.445,-23.454,1.54476404190063,1.48687088489532,1.90641176700592,1.56187009811401,1.98425757884979,1.67215478420258,1.35584580898285,1.22244203090668
E000V00166,-67.44,-23.6,1.98875725269318,1.06969714164734,2.00727820396423,1.03723049163818,1.07200562953949,1.05429291725159,0.106354735791683,0.0948291271924973
E000V00165,-68.57,-23.94,2.926105260849,2.91975498199463,2.9418728351593,1.96961832046509,1.99632608890533,1.98096024990082,1.95998418331146,1.01319861412048
E000V00164,-69.69,-24.51,1.99609124660492,1.98665499687195,2.96342182159424,1.98515403270721,2.96570992469788,1.99334645271301,1.98616421222687,1.98328292369843
E000V00167,-69.3,-25,2.96465945243835,1.98805415630341,1.99962246417999,1.98338687419891,2.00109171867371,1.99151468276978,1.98572134971619,1.98405885696411
E000V00010,-70.484,-25.411,1.96280562877655,1.94472122192383,1.96706771850586,1.95511734485626,2.92024564743042,1.98669052124023,1.95820724964142,1.95737385749817
E000V00168,-69.27,-25.7,1.98187661170959,1.96573626995087,1.9818240404129,1.00195407867432,1.98744916915894,1.02232456207275,1.00598466396332,1.0054337978363
E000V00169,-68.99,-26.25,1.0004711151123,0.00131989037618041,1.00050818920135,0.00115663395263255,1.00069546699524,1.00064587593079,0.00138522777706385,0.00137853634078056
E000V00016,-70.611,-26.332,1.86871230602264,1.0567067861557,1.1041853427887,1.85870242118835,2.00623989105225,1.95362544059753,1.05815768241882,1.0573616027832
E000V00017,-70.046,-26.391,1.87211871147156,1.81306064128876,1.85748291015625,1.84441030025482,2.76119494438171,1.94368541240692,1.02358257770538,1.02281224727631
E000V00170,-69.33,-27.07,1.00970208644867,0.0869133546948433,0.133338928222656,0.0970616266131401,0.166319414973259,1.07729160785675,0.13831228017807,0.138031780719757
E000270008,-70.781,-27.254,0.0105204731225967,0.00864855572581291,0.0125012788921595,0.011319262906909,0.0225169286131859,0.0255432855337858,0.0163417123258114,0.0159747023135424
E000270009,-70.353,-27.359,0.232475370168686,0.175721600651741,0.244938731193542,0.217956617474556,1.0852210521698,1.13898539543152,0.307283520698547,0.302659511566162
E000V00171,-69.81,-27.98,1.94161283969879,0.98176771402359,1.00216066837311,0.992942154407501,1.97610294818878,1.99867153167725,1.98179531097412,1.97880172729492
E000V00019,-71.225,-28.463,1.96622037887573,1.96894526481628,1.98494911193848,1.97971570491791,3.95110940933228,3.96596741676331,2.98179078102112,2.00478100776672
E000V00018,-70.449,-28.768,0.980924844741821,0.983598053455353,1.96088397502899,1.95255732536316,3.89238309860229,3.92377805709839,2.957270860672,2.94587731361389
E000V00015,-70,-28.976,0.00602161372080445,0.00626122485846281,0.0127294538542628,0.010904036462307,0.0193418152630329,1.01551020145416,1.01224482059479,0.0207359101623297
E000V00021,-71.116,-29.372,0.187608405947685,0.889931082725525,1.78818595409393,1.71784424781799,2.70991802215576,3.59042477607727,2.83437347412109,2.80951976776123
E000290004,-71.207,-29.914,0.0627854838967323,0.1799635887146,0.410835713148117,0.372242003679276,2.10799860954285,2.32498598098755,2.21419310569763,2.21991086006165
E000V00022,-70.721,-30.031,0.963801145553589,0.980012178421021,1.97197771072388,1.96267306804657,2.96129035949707,3.95093894004822,3.93487977981567,3.93587207794189
E000V00020,-71.082,-30.234,0.0860490202903748,0.915050566196442,1.88807809352875,1.85202300548553,2.85923147201538,3.81139016151428,2.98104047775269,2.98747110366821
E000V00172,-71.72,-30.38,0.226079657673836,0.505843043327332,1.55686438083649,1.2398853302002,2.04118728637695,2.88865566253662,2.78286790847778,2.85755920410156
E000V00027,-70.937,-30.746,0.870606303215027,0.93463522195816,1.96036922931671,1.92698681354523,2.94096565246582,3.89436650276184,3.01947498321533,3.02652359008789
E000V00028,-71.256,-30.838,0.0859878659248352,0.890144467353821,1.93140172958374,1.8732408285141,3.58745241165161,3.81234121322632,3.72526001930237,3.73791241645813
E000V00026,-70.999,-31.188,0.0234311819076538,0.046016737818718,1.95083129405975,1.881502866745,2.83698892593384,3.82865190505981,2.97805237770081,2.98921155929565
E000V00024,-71.413,-31.39,0.0452794283628464,0.0961033776402473,1.83616638183594,1.57048976421356,1.85178768634796,2.85427737236023,2.89451909065247,2.94251322746277
E000V00023,-71.152,-31.633,0.03776004165411,0.0767087861895561,1.76107180118561,0.99905252456665,1.73547291755676,2.75059628486633,2.8517644405365,2.91154193878174
E000V00025,-70.97,-31.783,0.00666772294789553,0.0130686294287443,1.94312536716461,0.987176299095154,1.9451447725296,2.94813060760498,2.96769690513611,2.97816133499146
E000320019,-70.707,-32.076,0.0164326243102551,0.0324253588914871,0.50626003742218,0.267125904560089,1.1013411283493,2.1158607006073,2.25693154335022,2.29925775527954
E000V00035,-70.926,-32.251,0.0111905429512262,0.0246790293604136,1.11188733577728,0.827670276165009,1.07012939453125,2.05884885787964,2.87378644943237,2.92405724525452
E000V00174,-70.464,-32.343,0.0169626958668232,0.0341949686408043,0.514508068561554,0.217043861746788,1.03139638900757,2.06310415267944,2.22069478034973,2.29076266288757
E000V00033,-70.819,-32.362,0.0160878971219063,0.0339147076010704,0.962622463703156,0.39135953783989,1.06262683868408,2.07775044441223,2.64001393318176,2.72375822067261
E000V00034,-71.441,-32.505,0.0399574227631092,0.108819901943207,1.55236768722534,0.770149350166321,1.08274161815643,2.11607575416565,2.60912084579468,2.86742949485779
E000V00175,-71.014,-32.54,0.00451133912429214,0.0111494995653629,1.86099016666412,0.910788774490356,1.80653524398804,2.02581405639648,2.93357467651367,2.97149968147278
E000V00041,-70.725,-32.594,0.0116228321567178,0.0267162155359983,1.15820670127869,0.299956142902374,1.05105710029602,2.08232402801514,2.42862892150879,2.87231016159058
E000V00176,-70.368,-32.618,0.0273413769900799,0.0558651387691498,1.04396629333496,0.303263038396835,0.989961564540863,2.0736985206604,2.26124477386475,2.37053918838501
E000V00040,-70.809,-32.757,0.00690582720562816,0.0176189914345741,1.73559808731079,0.797248303890228,1.00565183162689,2.65240478515625,2.79146146774292,2.92762112617493
E000V00031,-71.526,-32.789,0.0209681671112776,0.0770619809627533,1.68937397003174,0.826372385025024,1.03134036064148,2.05155611038208,2.49216771125793,2.92483615875244
E000V00037,-71.173,-32.79,0.00699928449466825,0.0238966327160597,1.28449499607086,0.335577875375748,1.0208477973938,2.02463364601135,2.88183307647705,2.96748304367065
E000320028,-71.227,-32.828,0.00699928449466825,0.0238966327160597,1.28449499607086,0.335577875375748,1.0208477973938,2.02463364601135,2.88183307647705,2.96748304367065
E000V00032,-70.382,-32.89,0.0171348173171282,0.04271399974823,1.269322514534,0.405957221984863,0.908242762088776,2.05988621711731,2.42529511451721,2.57332801818848
E000V00036,-71.207,-32.893,0.000479215173982084,0.00273852935060859,1.98631834983826,0.991244852542877,1.00075089931488,2.00132322311401,2.98557734489441,2.99758338928223
E000V00030,-71.517,-32.917,0.00696694944053888,0.0576465204358101,1.90861451625824,0.993842363357544,1.03049111366272,2.014493227005,2.21550941467285,2.97336626052856
E000V00042,-71.261,-32.994,0.000479215173982084,0.00273852935060859,1.98631834983826,0.991244852542877,1.00075089931488,2.00132322311401,2.98557734489441,2.99758338928223
E000330002,-71.648,-33.023,0.0271965190768242,0.132742866873741,1.78490674495697,1.00583684444427,1.03186249732971,2.04818773269653,2.41261053085327,2.91604351997375
E000330007,-71.556,-33.065,0.00696694944053888,0.0576465204358101,1.90861451625824,0.993842363357544,1.03049111366272,2.014493227005,2.21550941467285,2.97336626052856
E000V00029,-71.4,-33.083,0.00696694944053888,0.0576465204358101,1.90861451625824,0.993842363357544,1.03049111366272,2.014493227005,2.21550941467285,2.97336626052856
E000V00051,-70.834,-33.121,0.0136426659300923,0.0387252457439899,1.35405075550079,0.634362816810608,0.946896135807037,2.09038615226746,2.52500796318054,2.8415412902832
E000V00050,-70.66,-33.147,0.00827537942677736,0.0253906603902578,1.52912187576294,0.686122715473175,0.898755133152008,2.02079176902771,2.64813280105591,2.85032486915588
E000V00177,-71.46,-33.23,0.0048826914280653,0.744632363319397,1.94979429244995,1.74402225017548,1.71748983860016,2.00869274139404,2.8534824848175,2.98038864135742
E000V00178,-71.155,-33.287,0.0113188251852989,0.109036847949028,1.82799100875854,1.00103569030762,1.0329133272171,2.02303028106689,2.69190120697021,2.9380362033844
E000V00046,-70.502,-33.353,0.0102420346811414,0.027091147378087,1.27258479595184,0.355832308530807,0.814478576183319,2.0216212272644,2.37878489494324,2.47396183013916
E000330021,-70.787,-33.378,0.00121576606761664,0.00387625209987164,1.93989682197571,0.949582278728485,0.95859956741333,2.00200700759888,2.93614506721497,2.96377110481262
E000V00043,-70.733,-33.42,0.00121576606761664,0.00387625209987164,1.93989682197571,0.949582278728485,0.95859956741333,2.00200700759888,2.93614506721497,2.96377110481262
E000V00055,-71.026,-33.439,0.00682634580880404,0.0271440409123898,1.85185146331787,0.909617304801941,0.927976191043854,2.01154899597168,2.2719783782959,2.93416595458984
E000V00038,-71.624,-33.439,0.0124265076592565,0.0945071876049042,1.88610684871674,1.49503839015961,1.00347709655762,2.02034687995911,2.71052837371826,2.94881939888
E000330020,-70.683,-33.445,0.00121576606761664,0.00387625209987164,1.93989682197571,0.949582278728485,0.95859956741333,2.00200700759888,2.93614506721497,2.96377110481262
E000330019,-70.549,-33.455,0.00422749435529113,0.0116895781829953,1.15833055973053,0.192712754011154,0.27111354470253,2.00636649131775,2.18660616874695,2.22757077217102
E000V00044,-70.7,-33.467,0.00121576606761664,0.00387625209987164,1.93989682197571,0.949582278728485,0.95859956741333,2.00200700759888,2.93614506721497,2.96377110481262
E000V00047,-70.766,-33.517,0.00121576606761664,0.00387625209987164,1.93989682197571,0.949582278728485,0.95859956741333,2.00200700759888,2.93614506721497,2.96377110481262
E000V00039,-71.596,-33.543,0.0124265076592565,0.0945071876049042,1.88610684871674,1.49503839015961,1.00347709655762,2.02034687995911,2.71052837371826,2.94881939888
E000V00045,-70.548,-33.545,0.00422749435529113,0.0116895781829953,1.15833055973053,0.192712754011154,0.27111354470253,2.00636649131775,2.18660616874695,2.22757077217102
E000V00058,-70.902,-33.608,0.00682634580880404,0.0271440409123898,1.85185146331787,0.909617304801941,0.927976191043854,2.01154899597168,2.2719783782959,2.93416595458984
E000V00048,-70.567,-33.617,0.00422749435529113,0.0116895781829953,1.15833055973053,0.192712754011154,0.27111354470253,2.00636649131775,2.18660616874695,2.22757077217102
E000330031,-78.833,-33.636,0.515261650085449,0.712901592254639,1.20708668231964,0.666188299655914,0.682208120822906,2.08494281768799,2.2407066822052,2.49804496765137
E000330030,-71.613,-33.656,0.0197085849940777,0.123636178672314,1.82871282100677,1.11202251911163,0.935782432556152,2.033282995224,2.40517282485962,2.91856718063354
E000V00049,-70.089,-33.676,0.0201764237135649,0.047841876745224,0.560831367969513,0.222945868968964,0.260821372270584,2.01977396011353,2.17176175117493,2.25137424468994
E000V00057,-71.101,-33.692,0.0124079175293446,0.0485079996287823,1.70493233203888,0.792878270149231,0.795132875442505,2.01770782470703,2.32121086120605,2.8922815322876
E000V00052,-70.707,-33.707,0.00626324722543359,0.0205595809966326,1.23696959018707,0.280678153038025,0.29326120018959,2.00828814506531,2.73510408401489,2.88208651542664
E000V00053,-70.639,-33.862,0.00626324722543359,0.0205595809966326,1.23696959018707,0.280678153038025,0.29326120018959,2.00828814506531,2.73510408401489,2.88208651542664
E000V00179,-70.22,-33.878,0.0193890240043402,0.0514252781867981,0.765288054943085,0.273088991641998,0.288302630186081,2.01823115348816,2.22298741340637,2.33613038063049
E000V00056,-71.394,-33.941,0.0217417627573013,0.161451086401939,1.81851065158844,1.03187572956085,0.911237716674805,2.04294967651367,2.35468101501465,2.90937113761902
E000V00068,-71.825,-33.959,0.0182736553251743,0.701515555381775,1.88958656787872,1.62392675876617,0.963862240314484,2.04751420021057,2.79665780067444,2.93938779830933
E000V00064,-70.717,-33.983,0.00379567034542561,0.0129771372303367,1.12308990955353,0.148710250854492,0.148237928748131,2.00442433357239,2.1416130065918,2.9573667049408
E000V00054,-70.995,-34.029,0.00280338851734996,0.0115550179034472,1.09611797332764,0.115001037716866,0.111511088907719,2.00372242927551,2.06269717216492,2.97906517982483
E000V00059,-70.772,-34.169,0.00657529290765524,0.0235108360648155,1.85135626792908,0.897163212299347,0.888007760047913,2.00704479217529,2.79850912094116,2.93257713317871
E000V00180,-70.402,-34.203,0.0171873606741428,0.052417803555727,1.22862648963928,0.371945351362228,0.360269159078598,2.01599860191345,2.28151416778564,2.42885255813599
E000V00061,-70.997,-34.215,0.00298907118849456,0.0135425245389342,1.94268894195557,0.96497118473053,0.957542479038239,2.00385403633118,2.08848595619202,2.97731614112854
E000V00062,-71.3,-34.217,0.00999254174530506,0.0676782354712486,1.87858319282532,0.968549489974976,0.921697437763214,2.01677489280701,2.78950810432434,2.94155192375183
E000V00060,-70.948,-34.261,0.00298907118849456,0.0135425245389342,1.94268894195557,0.96497118473053,0.957542479038239,2.00385403633118,2.08848595619202,2.97731614112854
E000V00066,-70.812,-34.279,0.00657529290765524,0.0235108360648155,1.85135626792908,0.897163212299347,0.888007760047913,2.00704479217529,2.79850912094116,2.93257713317871
E000V00065,-70.834,-34.322,0.00657529290765524,0.0235108360648155,1.85135626792908,0.897163212299347,0.888007760047913,2.00704479217529,2.79850912094116,2.93257713317871
E000V00067,-72.019,-34.394,0.0279762037098408,0.80431455373764,1.88502192497253,1.67317378520966,1.38553822040558,2.68508744239807,2.84579706192017,2.92363500595093
E000V00063,-70.21,-34.411,0.0211043879389763,0.0579218752682209,0.540135979652405,0.222581923007965,0.203129440546036,2.01556444168091,2.13677835464478,2.21446633338928
E000V00071,-71.463,-34.485,0.00643993075937033,0.869285225868225,1.94689118862152,1.82528960704803,0.970731198787689,2.01940560340881,2.91052293777466,2.96727466583252
E000V00069,-71.898,-34.645,0.0280003249645233,0.837454259395599,1.89489507675171,1.68574631214142,0.965764343738556,2.66844415664673,2.86030197143555,2.92467451095581
E000V00072,-71.4,-34.691,0.0231676511466503,0.224281013011932,1.77944600582123,1.04945588111877,0.865848243236542,2.06624698638916,2.47045040130615,2.85406303405762
E000V00070,-71.63,-34.714,0.0285348258912563,0.473702937364578,1.84753918647766,1.30141508579254,0.922624468803406,2.25259137153625,2.78745746612549,2.89376449584961
E000340044,-71.02,-34.721,0.00521956337615848,0.0242535993456841,0.18093828856945,0.108855947852135,0.0683009326457977,2.00602912902832,2.04089140892029,2.06915831565857
E000V00181,-70.52,-34.781,0.00528883375227451,0.0164924673736095,1.02572929859161,0.0629819706082344,0.0479531697928905,2.00396823883057,2.03102326393127,2.04939770698547
E000V00086,-72.026,-34.855,0.0280003249645233,0.837454259395599,1.89489507675171,1.68574631214142,0.965764343738556,2.66844415664673,2.86030197143555,2.92467451095581
E000V00084,-71.125,-34.96,0.0282828118652105,0.12860831618309,1.03895771503448,0.76338130235672,0.243149608373642,2.0290470123291,2.1418309211731,2.23744583129883
E000V00083,-71.832,-34.968,0.02770109847188,0.811508536338806,1.8679792881012,1.59713232517242,0.914411127567291,2.10736203193665,2.82019782066345,2.89830923080444
E000340031,-71.217,-34.969,0.00901901256293058,0.054110087454319,0.313037931919098,0.226327940821648,0.0964301228523254,2.01302623748779,2.05465388298035,2.09300947189331
E000V00085,-70.811,-35,0.0140469772741199,0.0513263829052448,1.05463922023773,0.902854800224304,0.103488586843014,2.01114869117737,2.06236171722412,2.10240387916565
E000V00076,-71.956,-35.128,0.0603757351636887,0.836737811565399,1.83298087120056,1.12194216251373,0.874907314777374,2.15329003334045,2.73412704467773,2.85280299186707
E000V00182,-70.83,-35.398,0.051496833562851,0.182031020522118,1.22284257411957,0.408831030130386,0.21790087223053,2.02696537971497,2.1191086769104,2.20264959335327
E000V00079,-71.467,-35.419,0.0311338435858488,0.877938807010651,1.87693965435028,1.54419159889221,0.882558107376099,2.11172103881836,2.21424841880798,2.75069403648376
E000V00078,-71.7,-35.533,0.0244565177708864,0.936021268367767,1.92735648155212,1.7512172460556,0.934797644615173,2.75977826118469,2.84074997901917,2.91139030456543
E000V00074,-71.454,-35.663,0.0398962683975697,0.887133717536926,1.87745332717896,1.03056836128235,0.853582978248596,2.0600254535675,2.3460373878479,2.42801141738892
E000V00077,-72.082,-35.672,0.0851225554943085,0.893630504608154,1.82962501049042,0.990116834640503,0.825771808624268,2.11994433403015,2.23707509040833,2.80912113189697
E000V00080,-71.062,-35.699,0.0337306000292301,0.144952848553658,1.84832692146301,0.939139008522034,0.135143861174583,2.01493096351624,2.06607007980347,2.11547040939331
E000V00081,-72.511,-35.707,0.0308952517807484,0.982150316238403,1.96489369869232,0.985993444919586,0.966059327125549,2.9334282875061,2.94687938690186,2.96649718284607
E000V00075,-71.631,-35.753,0.0656310543417931,0.880897879600525,1.83521664142609,1.07999336719513,0.821796953678131,2.15233969688416,2.63573622703552,2.76294159889221
E000V00082,-72.587,-35.836,0.0308952517807484,0.982150316238403,1.96489369869232,0.985993444919586,0.966059327125549,2.9334282875061,2.94687938690186,2.96649718284607
E000V00183,-71.05,-36.06,0.0382303893566132,0.141668438911438,1.87258768081665,0.94592946767807,0.105672284960747,2.00539135932922,2.05082631111145,2.09408664703369
E000V00087,-72.783,-36.133,0.788445055484772,0.951013505458832,1.82899737358093,0.866583347320557,0.744210064411163,2.70283484458923,2.73072361946106,2.7801628112793
E000V00073,-71.548,-36.257,0.0270987562835217,0.962426662445068,1.9126091003418,0.964186251163483,0.0518288910388947,1.97122323513031,2.01063799858093,2.04884743690491
E000V00091,-71.9,-36.292,0.132568523287773,0.880508184432983,1.68656992912292,0.83285117149353,0.186637878417969,2.0361430644989,2.10456967353821,2.19277119636536
E000V00090,-72.64,-36.43,0.906041383743286,0.985618531703949,1.93337488174438,0.909886240959167,0.808520913124084,2.83255934715271,2.83964419364929,2.85660481452942
E000V00088,-72.699,-36.492,0.906041383743286,0.985618531703949,1.93337488174438,0.909886240959167,0.808520913124084,2.83255934715271,2.83964419364929,2.85660481452942
E000V00092,-71.549,-36.56,0.0664909705519676,0.938633143901825,1.13683795928955,0.879061639308929,0.0750985443592072,0.649875998497009,1.36142349243164,2.07723498344421
E000360011,-72.037,-36.586,0.131436392664909,0.394184052944183,0.654784619808197,0.290686666965485,0.111649952828884,1.99317789077759,2.04421615600586,2.12468552589417
E000V00089,-72.603,-36.625,0.498789072036743,0.929441511631012,1.57026267051697,0.450506120920181,0.199105456471443,2.2516508102417,2.27678179740906,2.36530184745789
E000V00099,-72.965,-36.672,0.988270878791809,0.997138261795044,1.9794864654541,0.982865750789642,0.0107403509318829,2.01214981079102,2.01344060897827,2.01914262771606
E000V00096,-72.704,-36.697,0.848652064800262,0.977561056613922,1.85336828231812,0.820910632610321,0.103690423071384,2.64817643165588,2.65728116035461,2.6932361125946
E000V00098,-72.983,-36.733,0.988270878791809,0.997138261795044,1.9794864654541,0.982865750789642,0.0107403509318829,2.01214981079102,2.01344060897827,2.01914262771606
E000360019,-73.066,-36.781,0.988270878791809,0.997138261795044,1.9794864654541,0.982865750789642,0.0107403509318829,2.01214981079102,2.01344060897827,2.01914262771606
E000V00184,-71.5,-36.88,0.175027400255203,0.94044303894043,1.03495299816132,0.168871611356735,0.0809288024902344,1.86754357814789,2.00343132019043,2.09890913963318
E000V00093,-72.099,-36.977,0.401364028453827,0.943224847316742,1.01269435882568,0.110995970666409,0.059100367128849,1.60232424736023,1.62707269191742,2.07967185974121
E000V00095,-73.14,-37.005,0.808615028858185,0.946999669075012,1.35123205184937,0.481394499540329,0.141690522432327,2.09970664978027,2.1226441860199,2.28921747207642
E000V00106,-72.403,-37.035,0.340255618095398,0.937869608402252,1.10588729381561,0.189447566866875,0.0862831324338913,2.0552442073822,2.06958770751953,2.1566948890686
E000V00097,-73.155,-37.092,0.808615028858185,0.946999669075012,1.35123205184937,0.481394499540329,0.141690522432327,2.09970664978027,2.1226441860199,2.28921747207642
E000V00105,-71.245,-37.111,0.12878443300724,0.943880617618561,1.03798305988312,0.151628941297531,0.0783800631761551,1.40384411811829,2.01783728599548,2.0929479598999
E000V00094,-72.012,-37.141,0.878532528877258,0.973942220211029,0.983464956283569,0.04853505641222,0.0282345414161682,1.98176395893097,1.98992955684662,2.04274344444275
E000V00108,-72.946,-37.167,0.889313399791718,0.968999087810516,1.04728949069977,0.140061661601067,0.0586803369224072,2.04114985466003,2.04833579063416,2.62298059463501
E000V00107,-72.328,-37.213,0.750774025917053,0.907504141330719,0.931142449378967,0.0805408582091331,0.0456263683736324,1.98998045921326,1.99748909473419,2.07492589950562
E000V00111,-71.949,-37.293,0.878532528877258,0.973942220211029,0.983464956283569,0.04853505641222,0.0282345414161682,1.98176395893097,1.98992955684662,2.04274344444275
E000V00100,-73.437,-37.305,0.938688695430756,0.984267294406891,1.02455568313599,0.083747923374176,0.0431938618421555,2.02387666702271,2.03125977516174,2.07442450523376
E000V00185,-71.566,-37.323,0.180488184094429,0.96435022354126,0.995868146419525,0.0994225069880486,0.0574968531727791,1.93364524841309,2.01633405685425,2.07807230949402
E000370033,-72.424,-37.397,0.472033262252808,0.599466443061829,0.502918660640717,0.106953173875809,0.0639553964138031,2.04301786422729,2.03729701042175,2.13162589073181
E000V00186,-72.83,-37.418,0.824348568916321,0.93286007642746,0.861345529556274,0.106076009571552,0.0599394477903843,2.04229950904846,2.04104423522949,2.14023876190186
E000V00103,-73.33,-37.485,0.926412165164948,0.985362231731415,0.981102168560028,0.0655548498034477,0.0365898013114929,2.02205777168274,2.02588772773743,2.0761239528656
E000V00110,-71.875,-37.536,0.722891986370087,0.965212285518646,0.902530491352081,0.0968800783157349,0.0625220388174057,2.00949716567993,2.02393531799316,2.1032190322876
E000V00104,-73.462,-37.627,0.872831404209137,0.982802987098694,0.924474656581879,0.094702236354351,0.0630984008312225,2.03395557403564,2.04120230674744,2.11231899261475
E000V00109,-72.007,-37.685,0.92073267698288,0.985257506370544,0.222431153059006,0.039841253310442,0.028821324929595,2.03140091896057,2.01623630523682,2.06742691993713
E000V00116,-72.605,-37.726,0.838725924491882,0.943888604640961,0.360963255167007,0.0807943642139435,0.0559659600257874,2.07288146018982,2.03548121452332,2.14409184455872
E000V00101,-73.412,-37.892,0.700995028018951,0.976195275783539,0.72883677482605,0.181391015648842,0.132942706346512,2.07302498817444,2.08451867103577,2.24550580978394
E000V00102,-73.097,-37.95,0.288289934396744,0.986883044242859,0.253308296203613,0.0656082928180695,0.0490403808653355,2.04318332672119,2.03297734260559,2.10725426673889
E000V00112,-71.435,-38.057,0.196719095110893,1.02476334571838,0.223885089159012,0.0526249334216118,0.0416154377162457,2.06601452827454,2.02877926826477,2.0887336730957
E000V00114,-72.298,-38.146,0.987488985061646,1.0015960931778,0.961272716522217,0.00888005550950766,0.0112147927284241,2.9392614364624,2.00957250595093,2.94945001602173
E000V00117,-72.273,-38.228,0.987488985061646,1.0015960931778,0.961272716522217,0.00888005550950766,0.0112147927284241,2.9392614364624,2.00957250595093,2.94945001602173
E000V00113,-71.233,-38.25,0.991381168365479,1.98436152935028,0.991952776908875,0.00239989277906716,0.00199610437266529,2.98626446723938,2.00159907341003,2.0051064491272
E000V00188,-72.956,-38.207,0.165014907717705,0.997117102146149,0.0979881137609482,0.0280034430325031,0.0237546861171722,2.0223708152771,2.01631855964661,2.05439734458923
E000V00187,-71.75,-38.414,0.268349707126617,1.02468717098236,0.173413187265396,0.0455007143318653,0.054315771907568,2.11623001098633,2.08159923553467,2.17074489593506
E000V00121,-72.399,-38.435,0.902036905288696,0.983861267566681,0.295072764158249,0.061009019613266,0.10394674539566,2.1702995300293,2.09244894981384,2.25824689865112
E000V00129,-72.85,-38.446,0.877343833446503,0.987760066986084,0.221023678779602,0.0617581494152546,0.0683729946613312,2.08470606803894,2.05339169502258,2.17173552513123
E000V00126,-72.224,-38.675,1.49012935161591,1.53523504734039,0.717728137969971,0.0476661995053291,0.637513756752014,2.66228556632996,2.63701605796814,2.76797890663147
E000V00115,-71.141,-38.732,0.256883531808853,1.03111207485199,0.189459815621376,0.0593472681939602,0.0547855570912361,2.10676455497742,2.0730664730072,2.81504392623901
E000380013,-72.46,-38.768,0.166771784424782,0.184206113219261,0.0687516182661057,0.0189298614859581,0.0355695672333241,2.04054021835327,2.03278470039368,2.0761079788208
E000V00120,-71.683,-38.834,0.89943653345108,1.03838241100311,0.199846163392067,0.0619072951376438,0.0785100311040878,2.6744978427887,2.63496541976929,2.76856732368469
E000V00128,-72.787,-39.022,0.990471422672272,1.00335192680359,0.0423835441470146,0.017218017950654,0.0185611918568611,2.01614475250244,2.01470541954041,2.05405402183533
E000V00127,-72.252,-39.007,1.00091707706451,1.00145411491394,0.00303994165733457,0.0017697699368,0.00216203206218779,2.00242066383362,2.00214099884033,2.99755144119263
E000V00122,-72.922,-39.071,0.974337816238403,1.02112400531769,0.14583320915699,0.0567247942090034,0.0567173287272453,2.03932404518127,2.03944778442383,2.16482591629028
E000V00118,-72.615,-39.103,0.946958482265472,1.00573921203613,0.243209600448608,0.115752972662449,0.138212293386459,2.14173102378845,2.12606358528137,2.37950325012207
E000V00124,-73.133,-39.165,1.00410795211792,1.11041343212128,0.399065524339676,0.161771088838577,0.16169485449791,2.07720065116882,2.09802222251892,2.54731583595276
E000V00125,-72.261,-39.196,1.76128959655762,1.78552079200745,0.833588898181915,0.795451521873474,0.796718597412109,2.80687665939331,2.79325795173645,2.90817666053772
E000V00119,-71.868,-39.262,0.971497535705566,1.04191064834595,0.158152624964714,0.0702183917164803,0.0713401734828949,2.55596995353699,2.08848190307617,2.66963243484497
E000V00123,-71.926,-39.289,1.02646100521088,1.06577587127686,0.135796710848808,0.0802059844136238,0.0824967697262764,2.29165506362915,2.08396291732788,2.38574481010437
E000V00189,-72.55,-39.373,1.06595921516418,1.12252378463745,0.244615197181702,0.15022873878479,0.149334833025932,2.14232444763184,2.13446068763733,2.63835692405701
E000V00190,-73.177,-39.39,1.06746411323547,1.14623630046844,0.34921658039093,0.141804218292236,0.151425927877426,2.06084990501404,2.0854799747467,2.77354145050049
E000V00131,-72.95,-39.632,1.09235239028931,1.13934588432312,0.218030616641045,0.0774605870246887,0.0874399840831757,2.02918767929077,2.0423800945282,2.92980122566223
E000390006,-73.087,-39.657,1.09235239028931,1.13934588432312,0.218030616641045,0.0774605870246887,0.0874399840831757,2.02918767929077,2.0423800945282,2.92980122566223
E000V00130,-72.501,-39.863,1.04187917709351,1.65380537509918,0.760101735591888,0.607598960399628,0.0885679200291634,2.03887248039246,2.05333471298218,2.86837220191956
E000V00191,-71.91,-39.88,0.549379885196686,1.09903943538666,0.28981140255928,0.119029983878136,0.0935757085680962,1.99033951759338,2.05595970153809,2.33557963371277
E000V00132,-72.927,-40.096,1.65558445453644,1.71090483665466,0.806803822517395,0.117193304002285,0.220364928245544,2.05028343200684,2.07340121269226,2.96370387077332
E000V00134,-72.415,-40.134,1.14958047866821,1.63223087787628,0.797417759895325,0.149426713585854,0.154645830392838,1.98771166801453,2.063472032547,2.87234139442444
E000V00193,-73.647,-40.168,1.44540786743164,1.51118862628937,0.80548620223999,0.425754487514496,0.482673108577728,2.19068145751953,2.32748103141785,3.07653880119324
E000V00133,-73.024,-40.317,1.91233992576599,1.92511594295502,0.959628999233246,0.0515759401023388,0.843712329864502,2.03009128570557,2.03986597061157,3.00990462303162
E000V00135,-72.979,-40.323,1.91233992576599,1.92511594295502,0.959628999233246,0.0515759401023388,0.843712329864502,2.03009128570557,2.03986597061157,3.00990462303162
E000V00139,-73.308,-40.348,1.78975594043732,1.81399536132812,0.910574436187744,0.575157701969147,0.755147695541382,2.51922273635864,2.54725098609924,3.4709038734436
E000V00192,-72,-40.52,1.00102782249451,0.0174417700618505,0.00817346293479204,0.00313329533673823,0.00306470040231943,1.01372790336609,2.0014820098877,2.00958657264709
E000400009,-73.058,-40.614,1.53159761428833,1.54957318305969,0.68693333864212,0.177069038152695,0.48736247420311,2.12143659591675,2.15169763565063,3.08393979072571
E000V00194,-72.116,-40.623,1.00102782249451,0.0174417700618505,0.00817346293479204,0.00313329533673823,0.00306470040231943,1.01372790336609,2.0014820098877,2.00958657264709
E000V00136,-73.152,-40.765,1.82512378692627,1.83270168304443,1.52666306495667,0.739263117313385,0.767787039279938,2.6844916343689,2.71879696846008,3.6698203086853
E000V00138,-73.157,-40.861,1.82512378692627,1.83270168304443,1.52666306495667,0.739263117313385,0.767787039279938,2.6844916343689,2.71879696846008,3.6698203086853
E000V00195,-73.815,-40.873,1.80102264881134,1.81920218467712,0.949035048484802,0.755020380020142,0.767892599105835,2.07398653030396,2.70681858062744,3.61511516571045
E000V00137,-72.886,-40.957,1.81031548976898,1.81209301948547,0.992759108543396,0.274787843227386,0.290648460388184,2.1997549533844,2.24463844299316,3.15846061706543
E000V00142,-73.377,-41.115,1.78020584583282,1.79259490966797,0.974025726318359,0.358431488275528,0.370072185993195,2.1329197883606,2.30395650863647,3.19790410995483
E000V00197,-72.339,-41.142,1.09774148464203,0.98174774646759,0.199050888419151,0.085686631500721,0.086513563990593,1.85327970981598,2.0348219871521,2.80286407470703
E000V00143,-73.009,-41.259,1.99339175224304,1.99329054355621,0.00813637394458055,0.00302553828805685,0.00312211993150413,2.0008373260498,2.00211024284363,2.99741125106812
E000V00196,-73.809,-41.359,1.85184252262115,1.86122512817383,0.937109172344208,0.789389729499817,0.782720267772675,2.0184338092804,2.73014640808105,3.65337991714478
E000410005,-73.096,-41.448,1.25766491889954,1.24711465835571,0.209611490368843,0.0991761907935143,0.0961662158370018,1.98633623123169,2.04770565032959,2.37613892555237
E000V00198,-72.275,-41.579,1.04322564601898,0.220661655068398,0.0840105712413788,0.0395123809576035,0.0381640642881393,1.15705096721649,2.01131796836853,2.13955807685852
E000V00144,-73.672,-41.71,1.64273226261139,1.65988504886627,0.794514238834381,0.619477927684784,0.518908858299255,1.94968581199646,2.24577403068542,3.05834436416626
E000V00140,-72.435,-41.938,1.38477039337158,1.10239326953888,0.387510448694229,0.225842595100403,0.19951556622982,1.50321459770203,1.99073934555054,2.64645576477051
E000V00141,-71.865,-42.075,1.13312113285065,1.0455242395401,0.471161425113678,0.250987589359283,0.224347040057182,1.56863808631897,1.96586561203003,2.51491808891296
E000V00151,-72.417,-42.1,1.38477039337158,1.10239326953888,0.387510448694229,0.225842595100403,0.19951556622982,1.50321459770203,1.99073934555054,2.64645576477051
E000V00149,-73.49,-42.157,1.92833292484283,1.92807734012604,0.938391923904419,0.930505096912384,0.890594065189362,1.9644867181778,2.00408720970154,2.97061204910278
E000V00199,-74.078,-42.285,1.9393835067749,1.9470888376236,0.952741324901581,0.952111423015594,0.0863244086503983,1.97975444793701,2.0093412399292,2.9809136390686
E000V00201,-72.663,-42.355,1.78142976760864,1.09963643550873,0.170846819877625,0.118318699300289,0.0988731235265732,1.17846643924713,1.96914386749268,2.87227749824524
E000V00147,-73.568,-42.404,1.88885879516602,1.89127600193024,0.861993491649628,0.899994552135468,0.793724119663239,1.92609024047852,1.99089753627777,2.94429302215576
E000V00148,-73.633,-42.583,1.85654938220978,1.87301695346832,0.621150076389313,0.88669764995575,0.465599566698074,1.92461574077606,1.99891555309296,2.93617510795593
E000V00146,-73.789,-42.704,1.9661169052124,1.97281992435455,0.0743647441267967,0.976914703845978,0.0471233166754246,1.97832369804382,1.99630987644196,2.98247575759888
E000V00145,-72.717,-42.883,1.06695973873138,1.06186199188232,0.094827800989151,0.0735591277480125,0.0543656758964062,0.273009419441223,1.16496741771698,2.10833787918091
E000430002,-71.852,-43.189,0.219128176569939,1.0258377790451,0.0639107227325439,0.040996178984642,0.033140629529953,0.175648808479309,1.10282683372498,1.25337910652161
E000V00200,-74.295,-43.208,1.9724155664444,2.92822408676147,1.93452167510986,1.93374037742615,0.968247652053833,1.98477232456207,1.99703919887543,2.98547601699829
E000V00202,-72.85,-43.364,1.07078242301941,1.08199715614319,0.114718116819859,0.08921879529953,0.0650961175560951,0.309923857450485,1.18259406089783,2.11034655570984
E000V00150,-72.126,-43.474,1.03703379631042,1.08160209655762,0.0708059296011925,0.0501201786100864,0.0388236790895462,0.188425555825233,1.10998558998108,2.02359461784363
E000430004,-71.801,-43.612,0.756754219532013,1.09370946884155,0.188703313469887,0.124547511339188,0.0992389991879463,0.507417142391205,1.293701171875,1.83558118343353
E000V00153,-73.74,-43.89,1.2973507642746,1.43056809902191,0.66196882724762,0.572550535202026,0.383633583784103,1.38431906700134,1.79442632198334,2.53604602813721
E000V00152,-72.387,-43.917,1.7823451757431,1.79871642589569,0.0913069844245911,0.0706541836261749,0.0549985282123089,0.221651837229729,1.12839138507843,2.06717324256897
E000V00154,-71.847,-44.24,1.08013868331909,1.14496898651123,0.35630789399147,0.261661618947983,0.197049766778946,0.953343749046326,1.52794885635376,2.21123099327087
E000V00203,-73.097,-44.729,1.8923192024231,1.89778411388397,0.939736545085907,0.930680692195892,0.921234905719757,1.01623320579529,1.95482683181763,2.92531824111938
E000450001,-72.677,-45.399,0.159784480929375,0.15437676012516,0.0718403831124306,0.061907060444355,0.0452377498149872,1.02917647361755,1.09653496742249,2.03968453407288
E000450004,-72.102,-45.591,0.939214408397675,0.13615570962429,0.0566936731338501,0.0908905044198036,0.0324784182012081,1.0268007516861,1.14252531528473,2.02993559837341
E000450005,-71.678,-45.918,0.877970933914185,0.13948717713356,0.0307995714247227,0.820054888725281,0.0168136786669493,1.01605749130249,1.91841340065002,2.01305937767029
E000V00157,-71.941,-46.278,0.0464155301451683,0.954030692577362,0.0137647008523345,0.0271604135632515,0.00746849970892072,1.00669062137604,1.96187305450439,2.0047824382782
E000V00205,-74.778,-46.355,0.994681179523468,1.00866091251373,0.0364861786365509,0.969345986843109,0.0195075627416372,1.02056121826172,1.98477923870087,2.01395559310913
E000V00204,-73.336,-46.569,1.87281632423401,3.69522881507874,1.84701371192932,0.936105966567993,0.92538982629776,1.9182196855545,1.95639824867249,2.01219773292542
E000460001,-71.685,-46.585,0.0731694623827934,0.155253738164902,0.0274833161383867,0.0438362248241901,0.0147342318668962,1.01322996616364,1.16319704055786,2.00869464874268
E000470001,-72.583,-47.244,0.0331902392208576,0.0471699498593807,0.0235183238983154,0.0168644972145557,0.0123342610895634,1.00371599197388,1.02842903137207,2.00024557113647
E000V00156,-73.536,-47.8,0.0148442089557648,0.0210501216351986,0.0113384108990431,0.00789831485599279,0.00593114737421274,0.0258445180952549,1.01154243946075,1.99757742881775
E000V00155,-72.56,-48.471,0.0104096541181207,0.0136955976486206,0.00807705521583557,0.00559648219496012,0.00426915567368269,0.0214039459824562,1.00845170021057,1.02092730998993
E000V00206,-73.941,-48.958,0.0100013697519898,0.0133216949179769,0.00811487622559071,0.00562912411987782,0.00430171191692352,0.0188068766146898,1.00737404823303,1.01797223091125
E000V00207,-73.57,-51.07,0.0101257273927331,0.0414539240300655,0.00950522813946009,0.00606806855648756,0.00510047888383269,0.0213059056550264,0.0309617016464472,0.0705146342515945
E000V00158,-72.967,-51.184,0.00544953206554055,0.978203415870667,0.00519984122365713,0.00329035753384233,0.00279453583061695,0.0116544077172875,0.0171983521431684,0.995411038398743
E000V00159,-71.164,-52.309,0.0079501960426569,0.0119555462151766,0.00818057730793953,0.00501652294769883,0.00443116808310151,0.0182309150695801,0.0803535208106041,1.01678216457367
E000V00161,-70.361,-52.432,0.0113034658133984,0.0152372606098652,0.012009734287858,0.00727923959493637,0.00652658753097057,0.0269882548600435,0.0695701688528061,1.03333461284637
E000V00160,-71.505,-52.601,0.00716569321230054,0.0109836114570498,0.00742933480069041,0.00454884814098477,0.00403041020035744,0.0164847355335951,0.928504884243011,1.01524186134338
E000V00162,-69.27,-52.8,0.00193070014938712,0.00249417033046484,0.00212380243465304,0.00127309281378984,0.00115879403892905,0.00489513017237186,0.00868113338947296,0.0169222988188267
E000520006,-70.839,-53.002,0.0576823018491268,0.0794211328029633,0.0619011372327805,0.0374762080609798,0.0337323360145092,0.138263285160065,0.625086009502411,1.41084361076355
E000530005,-70.326,-53.254,0.00366123556159437,0.00488140946254134,0.00400553876534104,0.00241082068532705,0.00218846765346825,0.00906864274293184,0.982620596885681,1.97091591358185
E000V00208,-71.38,-53.8,0.00996611453592777,0.0138140376657248,0.010889501310885,0.00657411385327578,0.00595989916473627,0.0239771977066994,0.0511665977537632,1.02545487880707
E000V00163,-68.804,-54.051,0.00296545005403459,0.00378454942256212,0.00343197491019964,0.00203542481176555,0.00189140043221414,0.00965992640703917,0.0156857278198004,1.00667858123779
E000550001,-67.616,-54.932,0.00794616155326366,0.0100058121606708,0.00967645365744829,0.00568317621946335,0.00538762379437685,0.993171811103821,1.97184073925018,1.9880462884903
