Estacion,Lat,Lon,meses:1,3,6,9,12,24,36,48
E000V00003,-69.478,-17.595,0.095033198595047,0.100120656192303,0.100224882364273,0.164329648017883,0.137435734272003,0.281510204076767,0.272134512662888,0.273112267255783
E000V00002,-69.554,-18.197,0.00250924378633499,0.0028106551617384,0.00275700283236802,0.00469170277938247,0.00405327929183841,0.00791082251816988,0.00750207062810659,0.00747264921665192
E000180005,-70.34,-18.356,0.0747193619608879,0.0821797698736191,0.0812220945954323,0.13493524491787,0.115693092346191,0.23004238307476,0.219645634293556,0.219201296567917
E000V00001,-69.857,-19.011,0.0050623482093215,0.00613676803186536,0.00586635526269674,0.0103578399866819,0.00931619945913553,0.0171730481088161,0.0158991254866123,0.0157041698694229
E000V00006,-68.638,-19.276,0.0060343318618834,0.00771609088405967,0.00721146259456873,0.0140160797163844,0.0128361899405718,0.0223816242069006,0.0203836895525455,0.0200404860079288
E000V00005,-69.427,-19.313,0.00420695403590798,0.00533286994323134,0.00501456763595343,0.00919746514409781,0.00843400321900845,0.0150046497583389,0.0137001937255263,0.0134781906381249
E000V00007,-69.767,-19.996,0.000168231301358901,0.000243618720560335,0.000219256835407577,0.000418311945395544,0.000408097548643127,0.000668716325890273,0.000586555863264948,0.000570816977415234
E000V00004,-70.117,-20.25,0.0065507716499269,0.0098415520042181,0.00878834165632725,0.0163363199681044,0.0163269303739071,0.0262800697237253,0.0227735973894596,0.022082693874836
E000V00008,-69.342,-20.501,0.00464470684528351,0.00809947587549686,0.00675008306279778,0.0157450865954161,0.0161535479128361,0.0234813280403614,0.0196950398385525,0.0190203040838242
E000200006,-70.181,-20.549,0.0309083461761475,0.0477801486849785,0.0425618514418602,0.0766220614314079,0.0784858614206314,0.124200820922852,0.106622636318207,0.103028267621994
E000V00011,-68.255,-21.224,0.000437617476563901,0.00103331380523741,0.000740245799534023,0.997920393943787,0.997967064380646,0.998834729194641,0.998113095760345,0.998002529144287
E000V00013,-70.2,-22.091,0.108256116509438,0.285647630691528,0.235416203737259,0.372170865535736,0.642731010913849,0.58427631855011,0.411400079727173,0.380064189434052
E000V00014,-69.666,-22.35,0.0118252728134394,0.060504250228405,0.0439420193433762,0.0630067959427834,0.952127933502197,0.0979058295488358,0.0490728430449963,0.0440097227692604
E000220002,-68.892,-22.498,0.00808998849242926,0.936448872089386,0.0554663762450218,0.0794348865747452,0.0984852612018585,0.973358988761902,0.0381644777953625,0.032285813242197
E000V00009,-69.32,-22.892,0.0125528899952769,0.924418389797211,0.891776263713837,0.920901000499725,0.940266966819763,0.975662529468536,0.064552329480648,0.0506518892943859
E000V00012,-68.213,-22.932,0.00465966388583183,0.0245107971131802,0.0170845258980989,0.977813422679901,0.978381454944611,0.992864072322845,0.0246449951082468,0.0178694128990173
E000230001,-70.445,-23.454,0.191081091761589,0.437788009643555,0.460308879613876,0.715729773044586,0.740568935871124,1.01874816417694,0.841444492340088,0.749076128005981
E000V00166,-67.44,-23.6,0.0104812569916248,0.0283071529120207,0.0261080432683229,0.0513482876121998,0.049309030175209,0.0703604966402054,0.0486393570899963,0.037214245647192
E000V00165,-68.57,-23.94,0.00804550293833017,0.963453233242035,0.964251101016998,0.981229662895203,0.980228960514069,0.996302008628845,0.982522666454315,0.0340528264641762
E000V00164,-69.69,-24.51,0.00597712490707636,0.01969606988132,0.985864698886871,1.95903766155243,1.95832479000092,1.96710205078125,1.96359276771545,1.95331990718842
E000V00167,-69.3,-25,0.0038705738261342,0.981432318687439,0.985503792762756,0.994004189968109,0.993243634700775,1.00012159347534,0.997976005077362,0.0218027327209711
E000V00010,-70.484,-25.411,0.941831827163696,1.87989521026611,0.9516960978508,0.974475741386414,0.971444308757782,1.01021456718445,0.992760539054871,0.984838008880615
E000V00168,-69.27,-25.7,0.0048799985088408,0.011972326785326,0.0120058627799153,0.017671400681138,0.0164391454309225,0.0278991907835007,0.0242331009358168,0.017780339345336
E000V00169,-68.99,-26.25,0.000156436784891412,0.000249204225838184,0.000251869292696938,0.00042686564847827,0.000374516763258725,0.000805716321337968,0.000702128920238465,0.000587263028137386
E000V00016,-70.611,-26.332,0.041093360632658,0.0656271651387215,0.0499721504747868,0.868495762348175,0.861095547676086,1.78176891803741,0.923516690731049,0.903501629829407
E000V00017,-70.046,-26.391,0.0241522490978241,0.0350413210690022,0.0311695877462626,0.0788484141230583,0.0723517537117004,0.999208569526672,0.128269836306572,0.107429385185242
E000V00170,-69.33,-27.07,0.0169942565262318,0.0198535714298487,0.0205572359263897,0.0411284640431404,0.0340988896787167,0.091995932161808,0.0822918489575386,0.0693081542849541
E000270008,-70.781,-27.254,0.00181369727943093,0.00190815585665405,0.00196617166511714,0.00500767212361097,0.00460579991340637,0.016474699601531,0.0152073390781879,0.00897697545588017
E000270009,-70.353,-27.359,0.0316062569618225,0.0341453328728676,0.0351964756846428,0.0863556042313576,0.0756861492991447,0.943255007266998,0.914776921272278,0.150553092360497
E000V00171,-69.81,-27.98,0.00755071779713035,0.00687118340283632,0.00795507710427046,0.0207742862403393,0.0153092136606574,0.0477025620639324,0.0486142933368683,0.0385561883449554
E000V00019,-71.225,-28.463,0.00446772528812289,0.00365126971155405,0.00471822451800108,0.0143688302487135,0.988819539546967,1.00860857963562,1.01054072380066,1.00570321083069
E000V00018,-70.449,-28.768,0.0067752106115222,0.0054894732311368,0.00770271895453334,0.0302515234798193,0.0225167777389288,1.01280856132507,1.01620960235596,1.00077950954437
E000V00015,-70,-28.976,0.00144607888069004,0.0011531722266227,0.00164374976884574,0.99572765827179,0.00365198426879942,1.00242853164673,1.00322663784027,0.0106436973437667
E000V00021,-71.116,-29.372,0.0544831901788712,0.0420285686850548,0.0757746770977974,0.897125005722046,0.884693682193756,1.83846259117126,1.8799957036972,1.15904319286346
E000290004,-71.207,-29.914,0.0271269865334034,0.0202036928385496,0.04981704428792,0.987720012664795,0.982109606266022,1.96421372890472,2.0045154094696,1.95986652374268
E000V00022,-70.721,-30.031,0.00657947733998299,0.00493698986247182,0.960106015205383,0.996934413909912,0.994520008563995,1.99046659469604,1.9998083114624,1.04144549369812
E000V00020,-71.082,-30.234,0.0244647916406393,0.0182498823851347,0.0672613456845284,1.00434243679047,1.00325679779053,1.97170341014862,2.02871513366699,1.97501111030579
E000V00172,-71.72,-30.38,0.207179337739944,0.151399984955788,0.225009769201279,0.929400324821472,0.926922261714935,1.79832875728607,2.15924787521362,2.09603524208069
E000V00027,-70.937,-30.746,0.0208264328539371,0.0157207790762186,0.0266664773225784,1.84427893161774,1.87890827655792,1.98239827156067,2.91766333580017,2.90818500518799
E000V00028,-71.256,-30.838,0.0356264337897301,0.026677468791604,0.0430244393646717,1.04246425628662,1.79608118534088,1.96964335441589,2.85669946670532,2.84334802627563
E000V00026,-70.999,-31.188,0.037103146314621,0.0297600459307432,0.047452237457037,1.00583338737488,1.00340616703033,1.97971963882446,2.90622973442078,2.89330911636353
E000V00024,-71.413,-31.39,0.119680874049664,0.0918480977416039,0.14361871778965,0.976004362106323,0.92898291349411,1.9265730381012,2.15716314315796,2.1319727897644
E000V00023,-71.152,-31.633,0.247533947229385,0.210106566548347,0.372765690088272,1.04873943328857,0.97793847322464,1.9167218208313,2.59034466743469,2.47581577301025
E000V00025,-70.97,-31.783,0.899555206298828,0.89193207025528,1.77128875255585,1.85603487491608,1.84402072429657,1.98482835292816,2.92456245422363,2.05257654190063
E000320019,-70.707,-32.076,0.791817009449005,0.744945585727692,0.850463092327118,0.966100335121155,0.920594751834869,1.94132494926453,2.07121062278748,1.44601356983185
E000V00035,-70.926,-32.251,0.177683711051941,0.0909707546234131,0.745889961719513,0.886804103851318,0.831957817077637,1.94043481349945,2.02733469009399,2.629478931427
E000V00174,-70.464,-32.343,0.770946681499481,0.707714021205902,0.753584206104279,0.877534329891205,0.816026389598846,1.90379893779755,2.02656650543213,1.9847092628479
E000V00033,-70.819,-32.362,0.597926676273346,0.291260480880737,0.477350145578384,0.632214486598969,0.563769161701202,1.89598119258881,2.01519870758057,2.02143573760986
E000V00034,-71.441,-32.505,0.205884531140327,0.137604564428329,0.211716070771217,0.836220145225525,0.451030999422073,1.81221628189087,2.12246370315552,2.15407299995422
E000V00175,-71.014,-32.54,0.0709348991513252,0.0378304831683636,0.0638995245099068,0.936914324760437,0.898053646087646,1.95861208438873,2.00923776626587,2.03657364845276
E000V00041,-70.725,-32.594,0.332551240921021,0.159928977489471,0.21068911254406,0.390359282493591,0.313078731298447,1.53614413738251,1.65230441093445,1.71865105628967
E000V00176,-70.368,-32.618,0.627927124500275,0.56666499376297,0.599138617515564,0.818344831466675,0.705567240715027,1.82527410984039,2.30457830429077,2.31065893173218
E000V00040,-70.809,-32.757,0.711174011230469,0.684409141540527,0.697281539440155,0.833256244659424,0.757463335990906,1.84604394435883,1.9423052072525,2.58064079284668
E000V00031,-71.526,-32.789,0.112382404506207,0.0735528916120529,0.115098126232624,0.892956376075745,0.299809843301773,1.87171268463135,2.12584662437439,2.14441180229187
E000V00037,-71.173,-32.79,0.0521633438766003,0.0356835164129734,0.0504450388252735,0.948645949363708,0.714207231998444,1.9424250125885,2.62622284889221,2.63953566551208
E000320028,-71.227,-32.828,0.0521633438766003,0.0356835164129734,0.0504450388252735,0.948645949363708,0.714207231998444,1.9424250125885,2.62622284889221,2.63953566551208
E000V00032,-70.382,-32.89,0.219282299280167,0.139461189508438,0.155380815267563,0.592754006385803,0.409571617841721,1.68543267250061,2.01465439796448,2.01200938224792
E000V00036,-71.207,-32.893,0.00339539488777518,0.00225238385610282,0.0033747460693121,0.995626032352448,0.0122535051777959,1.99366474151611,2.00735807418823,2.00799131393433
E000V00030,-71.517,-32.917,0.0395928621292114,0.0244236290454865,0.0469421744346619,0.957228302955627,0.0904137417674065,1.9429007768631,2.02672576904297,2.03246259689331
E000V00042,-71.261,-32.994,0.00339539488777518,0.00225238385610282,0.0033747460693121,0.995626032352448,0.0122535051777959,1.99366474151611,2.00735807418823,2.00799131393433
E000330002,-71.648,-33.023,0.129894629120827,0.0770571306347847,0.161715194582939,0.876529514789581,0.233711794018745,1.84692668914795,2.01798987388611,2.03564357757568
E000330007,-71.556,-33.065,0.0395928621292114,0.0244236290454865,0.0469421744346619,0.957228302955627,0.0904137417674065,1.9429007768631,2.02672576904297,2.03246259689331
E000V00029,-71.4,-33.083,0.0395928621292114,0.0244236290454865,0.0469421744346619,0.957228302955627,0.0904137417674065,1.9429007768631,2.02672576904297,2.03246259689331
E000V00051,-70.834,-33.121,0.190043672919273,0.138845428824425,0.154329732060432,0.608901262283325,0.239695802330971,1.72012042999268,2.01329183578491,2.06651329994202
E000V00050,-70.66,-33.147,0.103758029639721,0.0521556735038757,0.0570397041738033,0.336768597364426,0.0838394984602928,1.4248218536377,2.00147008895874,1.9802520275116
E000V00177,-71.46,-33.23,0.033440999686718,0.0174167118966579,0.067753829061985,0.96502161026001,0.0813592001795769,1.94838964939117,2.00295090675354,2.00660228729248
E000V00178,-71.155,-33.287,0.083358958363533,0.0507538504898548,0.0928923040628433,0.86948823928833,0.138165757060051,1.50183236598969,2.01779747009277,2.02663898468018
E000V00046,-70.502,-33.353,0.398979544639587,0.0626572892069817,0.0693452581763268,0.242434307932854,0.104936040937901,1.30743491649628,1.99814879894257,1.69974088668823
E000330021,-70.787,-33.378,0.015435186214745,0.00895737577229738,0.00804612226784229,0.0513916276395321,0.00971782486885786,1.038445353508,1.99905574321747,1.9960652589798
E000V00043,-70.733,-33.42,0.015435186214745,0.00895737577229738,0.00804612226784229,0.0513916276395321,0.00971782486885786,1.038445353508,1.99905574321747,1.9960652589798
E000V00055,-71.026,-33.439,0.0641187280416489,0.0437426045536995,0.0474553257226944,0.782449066638947,0.0582259967923164,1.2162104845047,1.99576985836029,1.99659597873688
E000V00038,-71.624,-33.439,0.169518068432808,0.047534853219986,0.637055158615112,0.900896191596985,0.653195381164551,1.86889433860779,1.98871672153473,1.99840903282166
E000330020,-70.683,-33.445,0.015435186214745,0.00895737577229738,0.00804612226784229,0.0513916276395321,0.00971782486885786,1.038445353508,1.99905574321747,1.9960652589798
E000330019,-70.549,-33.455,0.103967539966106,0.0294882450252771,0.0297480076551437,0.110863752663136,0.0346779152750969,1.1062216758728,1.99614250659943,1.93929779529572
E000V00044,-70.7,-33.467,0.015435186214745,0.00895737577229738,0.00804612226784229,0.0513916276395321,0.00971782486885786,1.038445353508,1.99905574321747,1.9960652589798
E000V00047,-70.766,-33.517,0.015435186214745,0.00895737577229738,0.00804612226784229,0.0513916276395321,0.00971782486885786,1.038445353508,1.99905574321747,1.9960652589798
E000V00039,-71.596,-33.543,0.169518068432808,0.047534853219986,0.637055158615112,0.900896191596985,0.653195381164551,1.86889433860779,1.98871672153473,1.99840903282166
E000V00045,-70.548,-33.545,0.103967539966106,0.0294882450252771,0.0297480076551437,0.110863752663136,0.0346779152750969,1.1062216758728,1.99614250659943,1.93929779529572
E000V00058,-70.902,-33.608,0.0641187280416489,0.0437426045536995,0.0474553257226944,0.782449066638947,0.0582259967923164,1.2162104845047,1.99576985836029,1.99659597873688
E000V00048,-70.567,-33.617,0.103967539966106,0.0294882450252771,0.0297480076551437,0.110863752663136,0.0346779152750969,1.1062216758728,1.99614250659943,1.93929779529572
E000330031,-78.833,-33.636,0.882346272468567,0.613869071006775,0.658350646495819,0.865786910057068,0.53582352399826,1.62397730350494,1.70665490627289,1.87578737735748
E000330030,-71.613,-33.656,0.447274386882782,0.0842301994562149,0.451680988073349,0.827037334442139,0.463095605373383,1.81643831729889,1.96195340156555,1.98083806037903
E000V00049,-70.089,-33.676,0.715089559555054,0.108313024044037,0.57447624206543,0.803572297096252,0.571199178695679,1.78277719020844,1.96802270412445,1.96766436100006
E000V00057,-71.101,-33.692,0.148682117462158,0.126464679837227,0.0958357751369476,0.716413617134094,0.10204890370369,1.62021768093109,1.98077690601349,1.9867023229599
E000V00052,-70.707,-33.707,0.103407427668571,0.0942916050553322,0.0515747219324112,0.766025960445404,0.0523188337683678,1.73122954368591,1.99034023284912,1.98893880844116
E000V00053,-70.639,-33.862,0.103407427668571,0.0942916050553322,0.0515747219324112,0.766025960445404,0.0523188337683678,1.73122954368591,1.99034023284912,1.98893880844116
E000V00179,-70.22,-33.878,0.641296625137329,0.240755409002304,0.223014205694199,0.763380885124207,0.142457887530327,1.67810451984406,1.94139921665192,1.9470477104187
E000V00056,-71.394,-33.941,0.512954235076904,0.102167785167694,0.150563508272171,0.776544153690338,0.154409915208817,1.80815887451172,1.93389773368835,1.96278870105743
E000V00068,-71.825,-33.959,0.136608302593231,0.0585869066417217,0.107715360820293,0.85095351934433,0.110489740967751,1.8596088886261,1.93333792686462,1.95762372016907
E000V00064,-70.717,-33.983,0.84112149477005,0.883851587772369,0.0761768743395805,0.914789617061615,0.0717621371150017,1.93431794643402,1.99139130115509,1.9936854839325
E000V00054,-70.995,-34.029,0.0490333139896393,0.0581405907869339,0.032562430948019,0.0888712406158447,0.0321296751499176,1.96034812927246,1.99354326725006,1.99612176418304
E000V00059,-70.772,-34.169,0.804235458374023,1.52143061161041,0.767621099948883,0.854427456855774,0.75544410943985,1.91509437561035,1.98024117946625,1.98729050159454
E000V00180,-70.402,-34.203,0.661571741104126,0.74318391084671,0.579364717006683,0.774935841560364,0.192363902926445,1.41483962535858,1.92661869525909,1.94044065475464
E000V00061,-70.997,-34.215,0.0760300308465958,0.121563322842121,0.0649379789829254,0.10227132588625,0.0635267719626427,1.96555578708649,1.99081754684448,1.99504518508911
E000V00062,-71.3,-34.217,0.101149760186672,0.0944880917668343,0.0660629868507385,0.80929434299469,0.0645525902509689,1.8927811384201,1.96386051177979,1.98172461986542
E000V00060,-70.948,-34.261,0.0760300308465958,0.121563322842121,0.0649379789829254,0.10227132588625,0.0635267719626427,1.96555578708649,1.99081754684448,1.99504518508911
E000V00066,-70.812,-34.279,0.804235458374023,1.52143061161041,0.767621099948883,0.854427456855774,0.75544410943985,1.91509437561035,1.98024117946625,1.98729050159454
E000V00065,-70.834,-34.322,0.804235458374023,1.52143061161041,0.767621099948883,0.854427456855774,0.75544410943985,1.91509437561035,1.98024117946625,1.98729050159454
E000V00067,-72.019,-34.394,0.105104595422745,0.0601950883865356,0.0619457997381687,0.160518407821655,0.0572071671485901,1.1704306602478,1.23712515830994,1.30894136428833
E000V00063,-70.21,-34.411,0.190305516123772,0.181405752897263,0.140785813331604,0.284742653369904,0.0913259834051132,1.23284912109375,1.37412750720978,1.39180886745453
E000V00071,-71.463,-34.485,0.0345936119556427,0.0255408603698015,0.0215759091079235,0.062611848115921,0.0203068982809782,1.89065361022949,1.94643974304199,1.97860467433929
E000V00069,-71.898,-34.645,0.100258931517601,0.0536927282810211,0.0506800897419453,0.124102748930454,0.0438433885574341,1.12937963008881,1.18892812728882,1.30752074718475
E000V00072,-71.4,-34.691,0.105013601481915,0.0710030496120453,0.0591710135340691,0.1518584638834,0.0527112521231174,1.19292402267456,1.62342488765717,1.92019152641296
E000V00070,-71.63,-34.714,0.114633671939373,0.0665508955717087,0.0602742098271847,0.152509734034538,0.0530115626752377,1.17548739910126,1.2894012928009,1.72514140605927
E000340044,-71.02,-34.721,0.0332833155989647,0.034234456717968,0.0229900870472193,0.0589005686342716,0.0206972640007734,1.03956723213196,1.9642151594162,1.98911130428314
E000V00181,-70.52,-34.781,0.0347415842115879,0.0351973474025726,0.0248162858188152,0.95732718706131,0.0202845316380262,1.94712495803833,1.97977519035339,1.98662185668945
E000V00086,-72.026,-34.855,0.100258931517601,0.0536927282810211,0.0506800897419453,0.124102748930454,0.0438433885574341,1.12937963008881,1.18892812728882,1.30752074718475
E000V00084,-71.125,-34.96,0.132061913609505,0.101781889796257,0.0779839679598808,0.327381312847137,0.0661756843328476,0.891791701316833,1.58282828330994,1.92464971542358
E000V00083,-71.832,-34.968,0.113793753087521,0.0545878075063229,0.0481734052300453,0.121285930275917,0.0395808257162571,1.13020050525665,1.21712696552277,1.83002805709839
E000340031,-71.217,-34.969,0.0404298789799213,0.0265999734401703,0.0213884171098471,0.0582925379276276,0.0180823318660259,0.969919264316559,1.86969900131226,1.97783279418945
E000V00085,-70.811,-35,0.0670719221234322,0.0560165829956532,0.0423517413437366,0.866706490516663,0.0355462953448296,1.09323823451996,1.928018450737,1.96126770973206
E000V00076,-71.956,-35.128,0.261922836303711,0.0917719900608063,0.0787185430526733,0.215565070509911,0.0589818619191647,1.22539258003235,1.32420003414154,1.46988797187805
E000V00182,-70.83,-35.398,0.187823474407196,0.110723055899143,0.0986578613519669,0.28715443611145,0.0742974132299423,1.17950522899628,1.30648815631866,1.37295973300934
E000V00079,-71.467,-35.419,0.2452422529459,0.053071241825819,0.0467512980103493,0.245978266000748,0.0338821783661842,1.74595975875854,1.88135468959808,1.93291199207306
E000V00078,-71.7,-35.533,0.864030539989471,0.037596732378006,0.0323041565716267,0.108527272939682,0.0229682326316833,1.15380895137787,1.91470754146576,1.95447063446045
E000V00074,-71.454,-35.663,0.436356246471405,0.0636680275201797,0.0570489391684532,0.560969352722168,0.0388140231370926,1.78730714321136,1.86295676231384,1.92196559906006
E000V00077,-72.082,-35.672,0.853639364242554,0.111351497471333,0.0871989950537682,0.713072419166565,0.0565263293683529,1.73123347759247,1.80509459972382,1.92013990879059
E000V00080,-71.062,-35.699,0.129819244146347,0.0613844320178032,0.0569851361215115,0.818211793899536,0.039858378469944,1.114342212677,1.16086208820343,1.20313489437103
E000V00081,-72.511,-35.707,0.0802806243300438,0.0340857654809952,0.0198893882334232,0.0585685223340988,0.0121689597144723,1.05412125587463,1.06002068519592,1.98753523826599
E000V00075,-71.631,-35.753,0.802553713321686,0.0951408669352531,0.0811067000031471,0.277664452791214,0.0540436170995235,1.67285799980164,1.82344341278076,1.91493737697601
E000V00082,-72.587,-35.836,0.0802806243300438,0.0340857654809952,0.0198893882334232,0.0585685223340988,0.0121689597144723,1.05412125587463,1.06002068519592,1.98753523826599
E000V00183,-71.05,-36.06,0.144323125481606,0.0671261101961136,0.0647103190422058,0.162916854023933,0.0426705814898014,1.09699249267578,1.126673579216,1.17300629615784
E000V00087,-72.783,-36.133,1.38945770263672,0.77458643913269,0.112358681857586,0.896341502666473,0.0489643923938274,1.85430681705475,1.85727488994598,1.96126866340637
E000V00073,-71.548,-36.257,0.981355726718903,0.0561172366142273,0.0550047308206558,0.09393610060215,0.0379498489201069,1.04758214950562,1.05447471141815,1.93471336364746
E000V00091,-71.9,-36.292,1.48701405525208,0.16820901632309,0.126208454370499,0.777328550815582,0.0734875500202179,1.71491670608521,1.7301629781723,1.90089154243469
E000V00090,-72.64,-36.43,1.0608891248703,0.905953705310822,0.0730292126536369,1.00597107410431,0.0163406394422054,1.95960438251495,1.95803952217102,1.9863760471344
E000V00088,-72.699,-36.492,1.0608891248703,0.905953705310822,0.0730292126536369,1.00597107410431,0.0163406394422054,1.95960438251495,1.95803952217102,1.9863760471344
E000V00092,-71.549,-36.56,0.993917882442474,0.77169942855835,0.785603106021881,0.845206320285797,0.723903298377991,0.451878726482391,0.444941133260727,0.592422544956207
E000360011,-72.037,-36.586,1.09438192844391,0.16323359310627,0.126869812607765,0.309280246496201,0.0701011791825294,1.22212553024292,1.22133588790894,1.88849997520447
E000V00089,-72.603,-36.625,1.25879538059235,0.694249272346497,0.276035845279694,0.933696150779724,0.0699213370680809,1.75264453887939,1.73309576511383,1.89628994464874
E000V00099,-72.965,-36.672,1.01069319248199,0.0234372019767761,0.0143019249662757,0.995012044906616,0.00458862818777561,1.99202573299408,1.99085855484009,1.99726259708405
E000V00096,-72.704,-36.697,1.61116683483124,0.786906778812408,0.629935801029205,1.49988603591919,0.0293153058737516,1.93067026138306,1.92260348796844,1.97333693504333
E000V00098,-72.983,-36.733,1.01069319248199,0.0234372019767761,0.0143019249662757,0.995012044906616,0.00458862818777561,1.99202573299408,1.99085855484009,1.99726259708405
E000360019,-73.066,-36.781,1.01069319248199,0.0234372019767761,0.0143019249662757,0.995012044906616,0.00458862818777561,1.99202573299408,1.99085855484009,1.99726259708405
E000V00184,-71.5,-36.88,1.08132445812225,0.40843078494072,0.816019475460052,0.857340753078461,0.190584003925323,1.5814915895462,1.24257433414459,1.83866894245148
E000V00093,-72.099,-36.977,1.07170224189758,0.172717452049255,0.143064796924591,0.210690826177597,0.0645888894796371,0.744015872478485,0.723913371562958,1.27254414558411
E000V00095,-73.14,-37.005,1.29241859912872,0.39440056681633,0.322762578725815,0.713231682777405,0.124822892248631,1.85460233688354,1.80474555492401,1.95810234546661
E000V00106,-72.403,-37.035,1.58186435699463,0.694390177726746,0.170280665159225,0.783559441566467,0.063819020986557,1.69949209690094,1.6569367647171,1.85728871822357
E000V00097,-73.155,-37.092,1.29241859912872,0.39440056681633,0.322762578725815,0.713231682777405,0.124822892248631,1.85460233688354,1.80474555492401,1.95810234546661
E000V00105,-71.245,-37.111,1.04136872291565,1.33110821247101,1.38969027996063,1.42147195339203,0.665855228900909,1.20104002952576,1.70873987674713,1.89179074764252
E000V00094,-72.012,-37.141,1.03958690166473,0.105887100100517,0.0988111570477486,0.118804186582565,0.041082076728344,1.06240797042847,1.04060316085815,1.17659556865692
E000V00108,-72.946,-37.167,1.17272126674652,0.233733102679253,0.200365781784058,0.290572732686996,0.0738205090165138,1.91195094585419,1.87077498435974,1.97369158267975
E000V00107,-72.328,-37.213,1.17498576641083,0.196953400969505,0.146610215306282,0.22117917239666,0.0604785159230232,0.738772749900818,0.644102096557617,1.34508919715881
E000V00111,-71.949,-37.293,1.03958690166473,0.105887100100517,0.0988111570477486,0.118804186582565,0.041082076728344,1.06240797042847,1.04060316085815,1.17659556865692
E000V00100,-73.437,-37.305,1.85881948471069,0.21173882484436,0.19762234389782,0.241058275103569,0.0572710707783699,1.95480537414551,1.91018784046173,1.99201810359955
E000V00185,-71.566,-37.323,1.60749769210815,0.860020160675049,0.325981676578522,0.338453471660614,0.145129650831223,1.16009426116943,1.7424396276474,1.89743912220001
E000370033,-72.424,-37.397,1.62727308273315,0.381373167037964,0.373467594385147,0.317026555538177,0.12510047852993,1.74872875213623,1.30823826789856,1.88924992084503
E000V00186,-72.83,-37.418,1.29340577125549,0.361515253782272,0.338142484426498,0.302250564098358,0.118000753223896,1.86230969429016,1.76627671718597,1.95635664463043
E000V00103,-73.33,-37.485,1.85883164405823,0.874725222587585,0.854087054729462,0.873914897441864,0.0743123069405556,1.95336496829987,1.86598718166351,2.00159478187561
E000V00110,-71.875,-37.536,0.823484420776367,0.35125407576561,0.334197968244553,0.320569843053818,0.128842979669571,1.25197803974152,1.24505019187927,1.83240139484406
E000V00104,-73.462,-37.627,1.83461999893188,0.940772652626038,0.905894815921783,0.912601172924042,0.162464678287506,1.93108189105988,1.36581659317017,2.02239656448364
E000V00109,-72.007,-37.685,1.05589079856873,0.165627747774124,0.915154635906219,0.880794942378998,0.0855209678411484,1.8626492023468,1.08700370788574,1.95625698566437
E000V00116,-72.605,-37.726,1.75849151611328,0.855922102928162,0.897180497646332,0.342588067054749,0.176104128360748,1.85627746582031,1.7105792760849,1.94864416122437
E000V00101,-73.412,-37.892,1.7056804895401,1.03653573989868,0.95605194568634,0.919614851474762,0.431060254573822,1.86087191104889,1.64375793933868,2.08158183097839
E000V00102,-73.097,-37.95,1.87337863445282,1.50129771232605,1.00806534290314,0.943223297595978,0.670994400978088,1.93122291564941,1.85685086250305,2.4904522895813
E000V00112,-71.435,-38.057,1.1502468585968,0.962129771709442,1.00404787063599,0.226688235998154,0.140787661075592,1.9065066576004,1.84820795059204,1.97020900249481
E000V00114,-72.298,-38.146,1.98232364654541,1.02359700202942,1.94514584541321,1.00426459312439,0.965663075447083,1.9742671251297,1.01896297931671,1.98271822929382
E000V00117,-72.273,-38.228,1.98232364654541,1.02359700202942,1.94514584541321,1.00426459312439,0.965663075447083,1.9742671251297,1.01896297931671,1.98271822929382
E000V00113,-71.233,-38.25,1.99105453491211,0.9999880194664,1.00176572799683,0.0114337783306837,0.00799676962196827,1.99688100814819,1.99380719661713,1.99907624721527
E000V00188,-72.956,-38.207,1.95690762996674,1.08409428596497,1.07010352611542,0.99961119890213,0.153161033987999,1.96989727020264,1.93285501003265,2.01812410354614
E000V00187,-71.75,-38.414,1.90999066829681,1.0985871553421,1.81278240680695,1.05476188659668,0.948003888130188,1.94289875030518,1.19455993175507,1.98077714443207
E000V00121,-72.399,-38.435,1.98906934261322,1.71817600727081,1.42895603179932,1.22716772556305,0.538077533245087,1.52969253063202,0.962529361248016,1.58039999008179
E000V00129,-72.85,-38.446,1.95139253139496,1.67947602272034,1.71220004558563,1.10639727115631,0.822309374809265,1.90243649482727,1.75410389900208,1.95964825153351
E000V00126,-72.224,-38.675,2.03705143928528,1.9075118303299,1.94777166843414,1.81261587142944,1.0137631893158,1.94310772418976,1.80089843273163,1.9708263874054
E000V00115,-71.141,-38.732,1.89310801029205,1.0844247341156,1.13727962970734,1.03870415687561,0.944689273834229,1.94181084632874,1.22551369667053,1.98771154880524
E000380013,-72.46,-38.768,2.8252899646759,2.7562255859375,2.77814793586731,2.72187542915344,1.79865574836731,1.97465181350708,1.9237562417984,1.98703277111053
E000V00120,-71.683,-38.834,1.91808581352234,1.71325933933258,1.82436394691467,1.66611862182617,1.51208961009979,1.94014358520508,1.79567658901215,1.98432052135468
E000V00128,-72.787,-39.022,2.00171995162964,1.05915081501007,1.92720603942871,1.04648530483246,0.144844532012939,1.98891115188599,1.92170119285583,2.00085210800171
E000V00127,-72.252,-39.007,2.00004291534424,1.99821650981903,1.99917912483215,1.00380802154541,1.00003063678741,1.99953866004944,1.00451517105103,1.99992609024048
E000V00122,-72.922,-39.071,1.98857164382935,1.14531540870667,1.33235418796539,1.11348462104797,0.314738839864731,1.96299743652344,1.36039412021637,2.01066374778748
E000V00118,-72.615,-39.103,2.06396985054016,1.53004622459412,1.89901387691498,1.39974582195282,0.941948711872101,1.94585728645325,1.71411633491516,1.99476730823517
E000V00124,-73.133,-39.165,2.06156301498413,1.41829919815063,1.59490466117859,1.39285838603973,0.93811571598053,1.92156791687012,1.68100273609161,2.07949161529541
E000V00125,-72.261,-39.196,1.9928617477417,1.90742564201355,1.95457887649536,1.86460888385773,0.994106650352478,1.98395144939423,1.90456020832062,2.00307059288025
E000V00119,-71.868,-39.262,1.95059967041016,1.8320369720459,2.34502267837524,1.80550444126129,1.48589074611664,1.95923554897308,1.8878036737442,2.00188016891479
E000V00123,-71.926,-39.289,1.97855091094971,1.89531528949738,2.13586974143982,1.86137056350708,1.20727074146271,1.97563183307648,1.90985596179962,2.00251865386963
E000V00189,-72.55,-39.373,2.00118613243103,1.32931518554688,1.57656264305115,1.27257776260376,0.652833878993988,1.96135604381561,1.52494502067566,2.01323390007019
E000V00190,-73.177,-39.39,2.34917140007019,1.65309345722198,1.78543853759766,1.65058553218842,1.36786770820618,1.95133769512177,1.81880986690521,2.11502432823181
E000V00131,-72.95,-39.632,2.67256140708923,1.86854732036591,1.9370641708374,1.87343430519104,1.71980488300323,1.98055493831635,1.92684245109558,2.11044692993164
E000390006,-73.087,-39.657,2.67256140708923,1.86854732036591,1.9370641708374,1.87343430519104,1.71980488300323,1.98055493831635,1.92684245109558,2.11044692993164
E000V00130,-72.501,-39.863,2.01993417739868,1.77694296836853,1.88781368732452,1.77472233772278,1.06056916713715,1.93476164340973,1.84532701969147,2.06735992431641
E000V00191,-71.91,-39.88,1.96251463890076,1.77075839042664,1.89866304397583,1.7763215303421,1.59787154197693,1.90942192077637,1.85551381111145,2.05471062660217
E000V00132,-72.927,-40.096,2.11506581306458,1.86534357070923,1.97891628742218,1.88709270954132,1.30446195602417,1.99051451683044,1.92801129817963,2.68218469619751
E000V00134,-72.415,-40.134,2.0136091709137,1.41575288772583,1.95093441009521,1.45073568820953,1.24545300006866,1.54043126106262,1.49477481842041,2.19156455993652
E000V00193,-73.647,-40.168,2.10700631141663,1.67797100543976,2.00461196899414,1.70235371589661,1.45601439476013,2.04763865470886,1.87213945388794,2.44561982154846
E000V00133,-73.024,-40.317,2.03718042373657,1.96127820014954,2.02368927001953,1.98133313655853,1.86932337284088,2.0082106590271,1.98120331764221,2.929030418396
E000V00135,-72.979,-40.323,2.03718042373657,1.96127820014954,2.02368927001953,1.98133313655853,1.86932337284088,2.0082106590271,1.98120331764221,2.929030418396
E000V00139,-73.308,-40.348,2.52295088768005,1.90259790420532,2.49339318275452,1.9475359916687,1.80830764770508,2.46007776260376,1.95751905441284,2.82497072219849
E000V00192,-72,-40.52,1.99895548820496,1.99405682086945,1.99744772911072,1.99492001533508,1.99112904071808,1.99780571460724,1.99676787853241,2.00257205963135
E000400009,-73.058,-40.614,2.36076211929321,1.90116679668427,2.39176106452942,2.25342059135437,1.85586953163147,2.01926040649414,1.96340370178223,2.85148692131042
E000V00194,-72.116,-40.623,1.99895548820496,1.99405682086945,1.99744772911072,1.99492001533508,1.99112904071808,1.99780571460724,1.99676787853241,2.00257205963135
E000V00136,-73.152,-40.765,2.10152316093445,1.9172340631485,2.72054314613342,2.02755260467529,1.91066086292267,2.0117301940918,1.9786057472229,2.88704657554626
E000V00138,-73.157,-40.861,2.10152316093445,1.9172340631485,2.72054314613342,2.02755260467529,1.91066086292267,2.0117301940918,1.9786057472229,2.88704657554626
E000V00195,-73.815,-40.873,2.02605557441711,1.8769793510437,2.02864456176758,1.35832965373993,1.26782298088074,2.0005054473877,1.95791614055634,2.23738598823547
E000V00137,-72.886,-40.957,2.05748391151428,1.44813168048859,1.82138586044312,1.9828770160675,1.8991551399231,1.99070572853088,1.97246813774109,2.8140070438385
E000V00142,-73.377,-41.115,2.04452466964722,1.84966325759888,2.1020815372467,1.86337530612946,1.76499283313751,1.99263119697571,1.95998024940491,2.6866557598114
E000V00197,-72.339,-41.142,1.98338389396667,1.87176597118378,1.95524024963379,1.92714023590088,1.84679675102234,1.9664112329483,1.95100200176239,2.09651398658752
E000V00143,-73.009,-41.259,2.00325345993042,1.00907516479492,1.99966382980347,1.99916326999664,1.99769055843353,1.99966776371002,1.99936246871948,2.99018549919128
E000V00196,-73.809,-41.359,2.00583696365356,1.90048456192017,1.99720048904419,1.89162933826447,1.82632172107697,1.98545527458191,1.97026705741882,2.76270079612732
E000410005,-73.096,-41.448,2.59831500053406,1.79930579662323,1.99167668819427,1.96569108963013,1.90465950965881,1.98250555992126,1.97302114963531,1.63407361507416
E000V00198,-72.275,-41.579,1.98985993862152,1.94705188274384,1.98231279850006,1.9699774980545,1.93075120449066,1.98317420482635,1.97730994224548,2.03781890869141
E000V00144,-73.672,-41.71,1.98193824291229,1.69611263275146,1.96860098838806,1.88112580776215,1.65871143341064,1.94580805301666,1.92422199249268,2.34555268287659
E000V00140,-72.435,-41.938,1.93360221385956,1.93528604507446,2.10006952285767,2.03970098495483,1.64188075065613,1.88446068763733,1.86586153507233,2.29061961174011
E000V00141,-71.865,-42.075,1.7949606180191,1.68563342094421,1.84530246257782,1.75122141838074,1.43463087081909,1.80544126033783,1.77851569652557,2.09378385543823
E000V00151,-72.417,-42.1,1.93360221385956,1.93528604507446,2.10006952285767,2.03970098495483,1.64188075065613,1.88446068763733,1.86586153507233,2.29061961174011
E000V00149,-73.49,-42.157,1.98896896839142,1.31663298606873,2.01001024246216,1.99974346160889,1.74173521995544,1.98392117023468,1.98149919509888,2.04508972167969
E000V00199,-74.078,-42.285,1.98620009422302,1.94725286960602,2.00878143310547,1.99938893318176,1.9173356294632,1.98755371570587,1.98534321784973,2.04513072967529
E000V00201,-72.663,-42.355,1.96733450889587,2.57786154747009,2.6524178981781,2.6283073425293,1.82970464229584,1.93537938594818,1.92973649501801,2.71753239631653
E000V00147,-73.568,-42.404,1.97610783576965,1.88365662097931,2.05873799324036,2.04514026641846,1.2382390499115,1.9704657793045,1.96802365779877,2.1039662361145
E000V00148,-73.633,-42.583,1.96551394462585,1.86674451828003,2.28610181808472,2.26755237579346,1.55187940597534,1.9656937122345,1.96229195594788,2.35328722000122
E000V00146,-73.789,-42.704,1.9905651807785,1.97882914543152,2.90579652786255,2.90196204185486,1.94589078426361,1.99124336242676,1.99085342884064,2.91934490203857
E000V00145,-72.717,-42.883,1.94103121757507,1.96665740013123,2.0039234161377,1.98289656639099,1.09947609901428,1.23223114013672,1.2324550151825,2.02079677581787
E000430002,-71.852,-43.189,1.09743702411652,1.95635175704956,1.97834575176239,1.16340970993042,0.304596424102783,0.357188373804092,0.357725858688354,0.395854622125626
E000V00200,-74.295,-43.208,1.9895635843277,1.98524081707001,1.99896001815796,1.99630641937256,1.02223014831543,1.99336683750153,1.9936854839325,2.00995016098022
E000V00202,-72.85,-43.364,1.90534830093384,1.94645202159882,1.98999786376953,1.96149611473083,1.12730956077576,1.83544301986694,1.83831298351288,2.0039119720459
E000V00150,-72.126,-43.474,1.18204832077026,1.95734477043152,1.98322451114655,1.92950296401978,1.79837501049042,1.87146961688995,1.87466704845428,1.92249155044556
E000430004,-71.801,-43.612,1.29345679283142,1.86759662628174,1.93517029285431,1.57754826545715,1.09871304035187,1.24902164936066,1.254154920578,1.35108458995819
E000V00153,-73.74,-43.89,1.65353226661682,1.71118807792664,1.89970719814301,1.82981216907501,1.4202047586441,1.8133749961853,1.89263963699341,2.09001398086548
E000V00152,-72.387,-43.917,1.88652837276459,1.94710206985474,1.98187124729156,1.95549464225769,1.86598718166351,1.93362903594971,1.94913065433502,1.98160111904144
E000V00154,-71.847,-44.24,1.49726116657257,1.74528467655182,1.91510272026062,1.78509283065796,1.51196563243866,1.69979238510132,1.73431444168091,1.8053286075592
E000V00203,-73.097,-44.729,1.0608047246933,1.96289360523224,1.9947794675827,1.97323036193848,1.94907772541046,1.95433104038239,2.85635447502136,2.85953688621521
E000450001,-72.677,-45.399,1.89942586421967,1.14711058139801,2.0264744758606,1.17242872714996,1.15048229694366,0.297406673431396,0.316257297992706,0.269708245992661
E000450004,-72.102,-45.591,1.77887976169586,2.71818256378174,2.83791375160217,2.7925443649292,2.76922655105591,1.92961573600769,1.9384651184082,0.377475619316101
E000450005,-71.678,-45.918,0.151954472064972,1.99710786342621,2.86865472793579,2.83300065994263,2.82131886482239,2.00121307373047,2.00474572181702,1.99786818027496
E000V00157,-71.941,-46.278,0.0569611378014088,1.99287331104279,2.05674862861633,2.03475260734558,2.03024959564209,2.00781345367432,2.00931406021118,2.90047550201416
E000V00205,-74.778,-46.355,1.96926498413086,2.9173948764801,2.92938780784607,2.92587399482727,2.91427516937256,2.93149209022522,2.93449139595032,2.94084858894348
E000V00204,-73.336,-46.569,1.94146406650543,1.96298098564148,1.99846172332764,1.98763918876648,1.9758505821228,1.9818389415741,1.98645317554474,1.97252213954926
E000460001,-71.685,-46.585,0.0964401960372925,1.97527611255646,3.62871098518372,2.81916403770447,2.80978727340698,2.78714919090271,2.79006457328796,2.06750082969666
E000470001,-72.583,-47.244,1.94999194145203,1.03422880172729,2.00018930435181,1.99576234817505,1.99036371707916,1.99514639377594,1.9972277879715,0.107360385358334
E000V00156,-73.536,-47.8,1.98153531551361,1.98503482341766,1.99230325222015,1.99289798736572,1.99027836322784,1.99459254741669,1.99572336673737,2.96819543838501
E000V00155,-72.56,-48.471,0.0282944608479738,1.00786745548248,1.01497435569763,1.99054670333862,1.98800647258759,1.99330925941467,1.99503779411316,1.99509131908417
E000V00206,-73.941,-48.958,1.003173828125,1.00617051124573,1.01072347164154,1.01017212867737,1.00754606723785,1.01401519775391,1.01604688167572,1.99803352355957
E000V00207,-73.57,-51.07,0.0495505966246128,0.0511265397071838,1.0023033618927,0.0256593227386475,0.0224142149090767,0.0625672563910484,0.0961695462465286,0.100150473415852
E000V00158,-72.967,-51.184,0.982180595397949,0.983045101165771,0.999450206756592,0.0134113077074289,0.0116340629756451,0.990653932094574,1.96599769592285,1.96791911125183
E000V00159,-71.164,-52.309,0.0165228713303804,0.01775330491364,0.0213749650865793,0.0175987221300602,0.014812876470387,1.00045001506805,1.97541046142578,1.97948050498962
E000V00161,-70.361,-52.432,0.0213169790804386,0.0237111616879702,0.0278432443737984,0.0245724134147167,0.0204993803054094,0.990131556987762,1.915154337883,1.93210065364838
E000V00160,-71.505,-52.601,0.0150794545188546,0.0161112491041422,0.019479189068079,0.0157269034534693,0.0132042616605759,0.998733699321747,1.9761118888855,1.97954416275024
E000V00162,-69.27,-52.8,0.00347881414927542,0.0041887816041708,0.00480364728718996,0.00423926394432783,0.00352403824217618,0.0119821289554238,1.00319242477417,1.9926323890686
E000520006,-70.839,-53.002,0.110367685556412,0.121913909912109,0.143701136112213,0.124416664242744,0.103536918759346,0.931060254573822,1.13816630840302,1.18816196918488
E000530005,-70.326,-53.254,0.00678611919283867,0.00782400090247393,0.00908621307462454,0.00793727114796638,0.0065920390188694,0.994578063488007,0.0492832846939564,0.0549101270735264
E000V00208,-71.38,-53.8,0.0190761797130108,0.0206426810473204,0.0244416557252407,0.0210099499672651,0.0173658113926649,0.0632667541503906,1.0251692533493,1.03017830848694
E000V00163,-68.804,-54.051,0.00521744322031736,0.010030111297965,0.0108789689838886,0.00820791907608509,0.00707370229065418,0.996414721012115,1.00119030475616,1.0050288438797
E000550001,-67.616,-54.932,0.0136346630752087,1.95953702926636,1.96155941486359,0.988131940364838,0.984995245933533,0.0310516320168972,0.0363449305295944,0.040379773825407
