Estacion,Lat,Lon,meses:1,3,6,9,12,24,36,48
E000V00003,-69.478,-17.595,1.28925347328186,1.25367510318756,1.05977940559387,0.948231279850006,1.73289036750793,1.71412754058838,0.424681335687637,0.396724849939346
E000V00002,-69.554,-18.197,1.01960337162018,1.01810443401337,1.00294852256775,0.994808793067932,1.98823714256287,1.9826180934906,0.0137986205518246,0.0116272876039147
E000180005,-70.34,-18.356,1.46473872661591,1.41852939128876,1.11336696147919,0.846274673938751,1.66102802753448,1.55573093891144,0.404914796352386,0.340936899185181
E000V00001,-69.857,-19.011,1.97025036811829,1.96357262134552,1.02307069301605,0.124122075736523,1.10761892795563,1.04199922084808,0.0459361001849174,0.0310140494257212
E000V00006,-68.638,-19.276,1.97375893592834,1.96799540519714,0.112090311944485,1.00569605827332,1.98285722732544,1.94500660896301,0.0430977717041969,0.0328775681555271
E000V00005,-69.427,-19.313,1.97969508171082,1.97293734550476,1.02795219421387,0.974134027957916,1.95796918869019,1.03937447071075,0.0489768907427788,0.0307848025113344
E000V00007,-69.767,-19.996,1.99935102462769,1.9977707862854,2.99348950386047,1.996546626091,2.99531030654907,1.99659895896912,1.99431002140045,0.996768414974213
E000V00004,-70.117,-20.25,1.97586011886597,1.14108991622925,1.23962593078613,1.1162543296814,2.07303881645203,1.11444211006165,1.05365240573883,0.125089839100838
E000V00008,-69.342,-20.501,1.97904586791992,1.96571481227875,2.91154956817627,1.95529448986053,1.99792659282684,1.02961015701294,0.0616907961666584,0.0369741208851337
E000200006,-70.181,-20.549,1.89066743850708,1.23946046829224,1.35208308696747,1.17304515838623,2.01352095603943,1.18330931663513,0.99489027261734,0.24510058760643
E000V00011,-68.255,-21.224,1.00156784057617,0.00516409706324339,1.99847304821014,1.00125658512115,1.00255346298218,1.00142419338226,0.00301020918413997,0.00261123152449727
E000V00013,-70.2,-22.091,1.60534727573395,1.55944895744324,1.36380350589752,1.59265089035034,1.84416544437408,1.09273326396942,0.744943618774414,0.604507446289062
E000V00014,-69.666,-22.35,1.95067119598389,1.94177973270416,1.06393051147461,1.96074199676514,1.99715995788574,0.169658079743385,0.104015335440636,0.0734828561544418
E000220002,-68.892,-22.498,1.94623041152954,1.09742474555969,1.09016251564026,1.12442433834076,2.01733136177063,1.05359387397766,0.115777879953384,0.0714433640241623
E000V00009,-69.32,-22.892,1.93555760383606,1.93768334388733,1.92931270599365,2.78182148933411,2.83228778839111,1.89191615581512,0.977869272232056,0.107966579496861
E000V00012,-68.213,-22.932,0.0726968124508858,2.92883372306824,2.93716025352478,1.97499322891235,1.987997174263,1.96960759162903,1.94997465610504,1.94026434421539
E000230001,-70.445,-23.454,1.37600982189178,1.44872915744781,1.47396874427795,1.58123731613159,1.80649888515472,1.59596133232117,1.29428863525391,1.18775725364685
E000V00166,-67.44,-23.6,1.01033174991608,1.05249011516571,1.98888409137726,1.03438019752502,1.04670941829681,0.119599632918835,0.102063044905663,0.0924580320715904
E000V00165,-68.57,-23.94,2.88935518264771,2.9123067855835,2.92486214637756,1.97198235988617,1.98201060295105,1.97135162353516,1.95692586898804,1.01136457920074
E000V00164,-69.69,-24.51,1.974534034729,1.98598754405975,1.99492430686951,2.95412564277649,2.96066999435425,1.99073588848114,1.98464274406433,1.98225688934326
E000V00167,-69.3,-25,1.00326788425446,1.98766624927521,2.96376061439514,1.99231827259064,1.99663901329041,1.98876357078552,1.98462009429932,1.98325967788696
E000V00010,-70.484,-25.411,2.85543322563171,1.95261085033417,1.95182180404663,1.95878565311432,2.90636038780212,1.98014521598816,1.95481741428375,1.95430159568787
E000V00168,-69.27,-25.7,0.027012100443244,1.96585750579834,1.97957384586334,1.96766173839569,1.9745477437973,1.01197230815887,1.00469291210175,1.00428318977356
E000V00169,-68.99,-26.25,0.000677412142977118,0.00131567590869963,1.00032651424408,0.00136748375371099,0.00159262714441866,0.00164765317458659,0.00133760587777942,0.00133183528669178
E000V00016,-70.611,-26.332,0.990735232830048,1.84616935253143,1.07012188434601,1.85725033283234,1.96417188644409,1.93679344654083,1.05625379085541,1.04962623119354
E000V00017,-70.046,-26.391,0.954316020011902,1.83697021007538,1.8302663564682,1.84606039524078,2.71713447570801,1.92413926124573,1.02592968940735,1.01638150215149
E000V00170,-69.33,-27.07,0.0720238089561462,0.0862319618463516,0.107858844101429,0.0941379815340042,0.124878376722336,1.05315351486206,0.135594055056572,0.131898313760757
E000270008,-70.781,-27.254,0.00800476502627134,0.00917091965675354,0.0095141027122736,0.0104388110339642,0.0139354765415192,0.0240246541798115,0.0205561090260744,0.0152716403827071
E000270009,-70.353,-27.359,0.168494343757629,0.182975605130196,0.193841129541397,0.204494953155518,0.282090306282043,1.11216235160828,1.03810429573059,0.290492027997971
E000V00171,-69.81,-27.98,1.94008815288544,0.979972541332245,0.987716734409332,0.988123536109924,1.95651602745056,1.99011254310608,1.98091387748718,1.97522568702698
E000V00019,-71.225,-28.463,0.994022727012634,1.96698749065399,1.97327733039856,1.9757639169693,2.9613037109375,2.98550820350647,2.00301218032837,2.00221538543701
E000V00018,-70.449,-28.768,1.94298601150513,0.980302035808563,1.94271576404572,1.94622993469238,2.9169237613678,3.90690612792969,2.95075273513794,2.94136452674866
E000V00015,-70,-28.976,0.999594449996948,0.00556124979630113,0.00918615609407425,0.00955210253596306,0.0141333760693669,0.0228470135480165,1.01132690906525,0.0197497960180044
E000V00021,-71.116,-29.372,0.889702677726746,0.844614267349243,0.972365260124207,1.64775705337524,1.83764243125916,3.50894713401794,2.80857276916504,2.75708484649658
E000290004,-71.207,-29.914,0.820884466171265,0.0673969686031342,0.231080695986748,0.250326871871948,1.17272341251373,2.22364974021912,2.96133708953857,2.18112564086914
E000V00022,-70.721,-30.031,0.0199004206806421,0.96362030506134,1.93981301784515,1.94355273246765,2.92530941963196,3.93647718429565,3.93699526786804,2.97848439216614
E000V00020,-71.082,-30.234,0.0673002526164055,0.0694578066468239,0.990585029125214,1.00148510932922,1.93872117996216,2.99238157272339,2.99513864517212,2.93053531646729
E000V00172,-71.72,-30.38,0.258181422948837,0.183867618441582,0.815465807914734,0.860580027103424,1.37500274181366,2.70355439186096,2.66227126121521,2.71413373947144
E000V00027,-70.937,-30.746,0.0199048593640327,0.0166748017072678,1.0192289352417,1.0364875793457,1.97686147689819,3.85954093933105,3.00493264198303,3.01023888587952
E000V00028,-71.256,-30.838,0.0349037535488605,0.0267595946788788,1.72482216358185,1.74745631217957,2.6505982875824,3.76031446456909,3.70055818557739,3.71197152137756
E000V00026,-70.999,-31.188,0.0176745485514402,0.0112646641209722,0.969162046909332,1.82262539863586,1.89737582206726,2.96449947357178,2.94454669952393,2.97099137306213
E000V00024,-71.413,-31.39,0.0543667525053024,0.0340332165360451,0.853762984275818,0.871749520301819,1.56618142127991,2.79741406440735,2.77222609519958,2.87536883354187
E000V00023,-71.152,-31.633,0.0628528073430061,0.0296953842043877,0.768088281154633,0.776054620742798,1.08090138435364,2.69904708862305,2.5924060344696,2.81824278831482
E000V00025,-70.97,-31.783,0.0155108505859971,0.00514105893671513,0.949672102928162,0.952277183532715,1.85648167133331,2.93814921379089,2.07033443450928,2.95952987670898
E000320019,-70.707,-32.076,0.652400076389313,0.0138658611103892,0.135518401861191,0.132535457611084,0.925413131713867,2.09306454658508,2.06264686584473,2.19968175888062
E000V00035,-70.926,-32.251,0.043200246989727,0.00990433618426323,0.110016770660877,0.0997587814927101,0.875551581382751,2.03797912597656,2.05709552764893,2.23640632629395
E000V00174,-70.464,-32.343,0.0945130288600922,0.0152160441502929,0.0861420184373856,0.0787719935178757,0.258735984563828,2.03507542610168,2.05659461021423,2.1792299747467
E000V00033,-70.819,-32.362,0.176332399249077,0.0142927654087543,0.116735279560089,0.106672838330269,0.75745689868927,2.0457489490509,2.07105946540833,2.46885561943054
E000V00034,-71.441,-32.505,0.0662686675786972,0.0365740545094013,0.357178181409836,0.209216147661209,0.450795203447342,2.06168007850647,2.22213625907898,2.67036628723145
E000V00175,-71.014,-32.54,0.0111202364787459,0.00412755319848657,0.830936431884766,0.822774767875671,0.889172315597534,2.00821232795715,2.04485559463501,2.91186213493347
E000V00041,-70.725,-32.594,0.0353874415159225,0.0106811346486211,0.10811460763216,0.0952285155653954,0.336301445960999,2.01927256584167,2.10259628295898,2.37779068946838
E000V00176,-70.368,-32.618,0.0584576912224293,0.0255692321807146,0.106989555060863,0.0936164706945419,0.188612222671509,2.03007340431213,2.0788996219635,2.2120316028595
E000V00040,-70.809,-32.757,0.0141477715224028,0.00649419985711575,0.0539438314735889,0.0428339913487434,0.0822284370660782,2.00705409049988,2.68368268013,2.76873540878296
E000V00031,-71.526,-32.789,0.0339147709310055,0.0194867383688688,0.467649340629578,0.109398774802685,0.492869317531586,2.02064371109009,2.19083452224731,2.79761600494385
E000V00037,-71.173,-32.79,0.0122782196849585,0.00652006175369024,0.101331382989883,0.0499687790870667,0.116899184882641,2.00751113891602,2.66102433204651,2.90880417823792
E000320028,-71.227,-32.828,0.0122782196849585,0.00652006175369024,0.101331382989883,0.0499687790870667,0.116899184882641,2.00751113891602,2.66102433204651,2.90880417823792
E000V00032,-70.382,-32.89,0.0303782038390636,0.0165043231099844,0.0810945853590965,0.0621059462428093,0.10130301117897,2.00927662849426,2.19192504882812,2.31698536872864
E000V00036,-71.207,-32.893,0.000800859474111348,0.000451816245913506,0.0114583699032664,0.00277454010210931,0.0117271328344941,2.00031399726868,2.01072120666504,2.99205613136292
E000V00030,-71.517,-32.917,0.0111183226108551,0.00653237663209438,0.767745673656464,0.0428533777594566,0.76848441362381,2.00431346893311,2.05390167236328,2.91866421699524
E000V00042,-71.261,-32.994,0.000800859474111348,0.000451816245913506,0.0114583699032664,0.00277454010210931,0.0117271328344941,2.00031399726868,2.01072120666504,2.99205613136292
E000330002,-71.648,-33.023,0.0416116379201412,0.0253780707716942,0.564586579799652,0.156207606196404,0.559900224208832,2.01518392562866,2.08800554275513,2.7587616443634
E000330007,-71.556,-33.065,0.0111183226108551,0.00653237663209438,0.767745673656464,0.0428533777594566,0.76848441362381,2.00431346893311,2.05390167236328,2.91866421699524
E000V00029,-71.4,-33.083,0.0111183226108551,0.00653237663209438,0.767745673656464,0.0428533777594566,0.76848441362381,2.00431346893311,2.05390167236328,2.91866421699524
E000V00051,-70.834,-33.121,0.0243528801947832,0.0130374366417527,0.0873980522155762,0.0610368847846985,0.105136297643185,2.00835561752319,2.27662968635559,2.42326641082764
E000V00050,-70.66,-33.147,0.0142407948151231,0.00799916312098503,0.049033410847187,0.0334020927548409,0.0490410588681698,2.00256609916687,2.17922019958496,2.26759552955627
E000V00177,-71.46,-33.23,0.00783808249980211,0.00459668366238475,0.155294120311737,0.0619349889457226,0.149919286370277,2.00177717208862,2.02635908126831,2.92749285697937
E000V00178,-71.155,-33.287,0.0187877546995878,0.0107471738010645,0.197849616408348,0.0779653415083885,0.188902765512466,2.00419282913208,2.38261222839355,2.73818039894104
E000V00046,-70.502,-33.353,0.0175304003059864,0.0099906399846077,0.0462109856307507,0.0346844866871834,0.0481583140790462,2.0025806427002,2.11857461929321,2.20064425468445
E000330021,-70.787,-33.378,0.00212861737236381,0.00118499959353358,0.00688606174662709,0.00488784490153193,0.00572757516056299,2.00006246566772,2.00610709190369,2.02622437477112
E000V00043,-70.733,-33.42,0.00212861737236381,0.00118499959353358,0.00688606174662709,0.00488784490153193,0.00572757516056299,2.00006246566772,2.00610709190369,2.02622437477112
E000V00055,-71.026,-33.439,0.0119009455665946,0.00657934648916125,0.0544840544462204,0.0356206484138966,0.0430648401379585,2.00080966949463,2.0477123260498,2.14131689071655
E000V00038,-71.624,-33.439,0.0205042026937008,0.0117013519629836,0.623315274715424,0.558866679668427,0.585075080394745,2.00219249725342,2.03936457633972,2.71028637886047
E000330020,-70.683,-33.445,0.00212861737236381,0.00118499959353358,0.00688606174662709,0.00488784490153193,0.00572757516056299,2.00006246566772,2.00610709190369,2.02622437477112
E000330019,-70.549,-33.455,0.00732226110994816,0.00416490482166409,0.0184280257672071,0.0140142580494285,0.0162718240171671,1.99987208843231,2.01566767692566,2.06467175483704
E000V00044,-70.7,-33.467,0.00212861737236381,0.00118499959353358,0.00688606174662709,0.00488784490153193,0.00572757516056299,2.00006246566772,2.00610709190369,2.02622437477112
E000V00047,-70.766,-33.517,0.00212861737236381,0.00118499959353358,0.00688606174662709,0.00488784490153193,0.00572757516056299,2.00006246566772,2.00610709190369,2.02622437477112
E000V00039,-71.596,-33.543,0.0205042026937008,0.0117013519629836,0.623315274715424,0.558866679668427,0.585075080394745,2.00219249725342,2.03936457633972,2.71028637886047
E000V00045,-70.548,-33.545,0.00732226110994816,0.00416490482166409,0.0184280257672071,0.0140142580494285,0.0162718240171671,1.99987208843231,2.01566767692566,2.06467175483704
E000V00058,-70.902,-33.608,0.0119009455665946,0.00657934648916125,0.0544840544462204,0.0356206484138966,0.0430648401379585,2.00080966949463,2.0477123260498,2.14131689071655
E000V00048,-70.567,-33.617,0.00732226110994816,0.00416490482166409,0.0184280257672071,0.0140142580494285,0.0162718240171671,1.99987208843231,2.01566767692566,2.06467175483704
E000330031,-78.833,-33.636,0.676082015037537,0.547229707241058,0.420937597751617,0.417772531509399,0.455859124660492,1.94565141201019,1.83167338371277,2.31741046905518
E000330030,-71.613,-33.656,0.0343179926276207,0.0185057036578655,0.413180202245712,0.273463606834412,0.227942556142807,2.00067234039307,2.02920532226562,2.34779191017151
E000V00049,-70.089,-33.676,0.0341931208968163,0.020486468449235,0.0583316273987293,0.0487725846469402,0.0503056906163692,1.989790558815,2.01598215103149,2.11947822570801
E000V00057,-71.101,-33.692,0.0232159346342087,0.0120048830285668,0.100716382265091,0.0690849795937538,0.0586223304271698,1.99899899959564,2.02929186820984,2.21426177024841
E000V00052,-70.707,-33.707,0.0116644697263837,0.00614371104165912,0.0349801741540432,0.0260569155216217,0.0235784482210875,1.99868166446686,2.0130729675293,2.63196396827698
E000V00053,-70.639,-33.862,0.0116644697263837,0.00614371104165912,0.0349801741540432,0.0260569155216217,0.0235784482210875,1.99868166446686,2.0130729675293,2.63196396827698
E000V00179,-70.22,-33.878,0.0358191877603531,0.0196639206260443,0.0640994980931282,0.0532988309860229,0.0461032204329967,1.96781921386719,2.01142263412476,2.16749858856201
E000V00056,-71.394,-33.941,0.0414790436625481,0.0203067231923342,0.64239776134491,0.260533690452576,0.116778865456581,1.99838495254517,2.01362586021423,2.2699511051178
E000V00068,-71.825,-33.959,0.0316979177296162,0.0167281124740839,0.793052315711975,0.746599793434143,0.105370387434959,1.99918961524963,2.00722789764404,2.17281103134155
E000V00064,-70.717,-33.983,0.00797032564878464,0.00374348810873926,0.021204300224781,0.0167074371129274,0.0115446969866753,1.99805462360382,2.00344705581665,2.12357974052429
E000V00054,-70.995,-34.029,0.00604957202449441,0.00271922559477389,0.0250447727739811,0.0185591168701649,0.0100992796942592,1.99928414821625,2.00266003608704,2.05168652534485
E000V00059,-70.772,-34.169,0.0172551106661558,0.00652089482173324,0.0355936996638775,0.0298617668449879,0.016501085832715,1.99466907978058,2.00203824043274,2.78244423866272
E000V00180,-70.402,-34.203,0.0382590740919113,0.0173407960683107,0.0677402392029762,0.0571904219686985,0.0384546853601933,1.95807039737701,2.00463008880615,2.24368143081665
E000V00061,-70.997,-34.215,0.00874098297208548,0.002906016074121,0.0275864135473967,0.0234055072069168,0.00866730511188507,1.99884498119354,2.00091361999512,2.08106899261475
E000V00062,-71.3,-34.217,0.0266929473727942,0.00949881505221128,0.761161684989929,0.736406445503235,0.0348037891089916,1.99772667884827,2.00249743461609,2.76295566558838
E000V00060,-70.948,-34.261,0.00874098297208548,0.002906016074121,0.0275864135473967,0.0234055072069168,0.00866730511188507,1.99884498119354,2.00091361999512,2.08106899261475
E000V00066,-70.812,-34.279,0.0172551106661558,0.00652089482173324,0.0355936996638775,0.0298617668449879,0.016501085832715,1.99466907978058,2.00203824043274,2.78244423866272
E000V00065,-70.834,-34.322,0.0172551106661558,0.00652089482173324,0.0355936996638775,0.0298617668449879,0.016501085832715,1.99466907978058,2.00203824043274,2.78244423866272
E000V00067,-72.019,-34.394,0.0467141196131706,0.0240401942282915,0.846523106098175,0.831885278224945,0.723922550678253,1.99596202373505,1.99402379989624,2.75719356536865
E000V00063,-70.21,-34.411,0.0440570488572121,0.021839139983058,0.0618889331817627,0.0540084466338158,0.0370734967291355,1.41118609905243,1.9985431432724,2.1111900806427
E000V00071,-71.463,-34.485,0.0177038013935089,0.00592521019279957,0.930851101875305,0.924850225448608,0.0289841629564762,1.99863505363464,1.99912261962891,2.87650585174561
E000V00069,-71.898,-34.645,0.0464770309627056,0.0233593583106995,0.868346154689789,0.858771502971649,0.735397636890411,1.99484288692474,1.99022483825684,2.71569085121155
E000V00072,-71.4,-34.691,0.0824649482965469,0.0211625769734383,0.773208320140839,0.761721789836884,0.102738127112389,1.99410128593445,1.99207627773285,2.17928004264832
E000V00070,-71.63,-34.714,0.0609670244157314,0.0249408651143312,0.820437431335449,0.808284938335419,0.352334469556808,1.99387395381927,1.9900050163269,2.33200526237488
E000340044,-71.02,-34.721,0.885939121246338,0.00512340664863586,0.0339483581483364,0.0314531214535236,0.010807647369802,1.99776244163513,1.99839758872986,2.03176069259644
E000V00181,-70.52,-34.781,0.0144387176260352,0.00544882612302899,0.0174549072980881,0.0155876576900482,0.0085792662575841,1.99311113357544,1.99853658676147,2.02534031867981
E000V00086,-72.026,-34.855,0.0464770309627056,0.0233593583106995,0.868346154689789,0.858771502971649,0.735397636890411,1.99484288692474,1.99022483825684,2.71569085121155
E000V00084,-71.125,-34.96,0.218054547905922,0.0280868802219629,0.145629689097404,0.136131837964058,0.0482868403196335,1.98845326900482,1.98594903945923,2.09922075271606
E000V00083,-71.832,-34.968,0.0571640580892563,0.0237882249057293,0.852155983448029,0.844100773334503,0.641368687152863,1.99295401573181,1.98649942874908,2.14059805870056
E000340031,-71.217,-34.969,0.788467407226562,0.00861669704318047,0.0694105848670006,0.0662958472967148,0.0196503028273582,1.99692618846893,1.99541628360748,2.03291177749634
E000V00085,-70.811,-35,0.0521626435220242,0.0143714305013418,0.0524607226252556,0.0481203012168407,0.0210036151111126,1.99270188808441,1.99330639839172,2.04712414741516
E000V00076,-71.956,-35.128,0.0883968323469162,0.0467120744287968,0.786540329456329,0.77494215965271,0.173445239663124,1.9848381280899,1.96725583076477,2.16239714622498
E000V00182,-70.83,-35.398,0.110219322144985,0.0556474663317204,0.143159464001656,0.131452709436417,0.0522518828511238,1.97633218765259,1.95885062217712,2.08209586143494
E000V00079,-71.467,-35.419,0.0594596192240715,0.0291397720575333,0.849621057510376,0.840645253658295,0.0385080687701702,1.98701167106628,1.97412753105164,2.04873156547546
E000V00078,-71.7,-35.533,0.0393028631806374,0.0206746812909842,0.909497261047363,0.903556883335114,0.0318174734711647,1.99121415615082,1.98164939880371,2.03911900520325
E000V00074,-71.454,-35.663,0.0704530254006386,0.0397237539291382,0.83304762840271,0.815317451953888,0.0321505330502987,1.97793805599213,1.9571008682251,2.04201412200928
E000V00077,-72.082,-35.672,0.10991145670414,0.0611825212836266,0.751509964466095,0.734885096549988,0.0550416894257069,1.97124099731445,1.93734014034271,2.10621619224548
E000V00080,-71.062,-35.699,0.0665083155035973,0.0375890396535397,0.107606202363968,0.0977049544453621,0.027999073266983,1.9813140630722,1.96439480781555,2.0381920337677
E000V00081,-72.511,-35.707,0.0240821968764067,0.0134827578440309,0.0410517044365406,0.0392017178237438,0.0114573854953051,1.99542200565338,1.99287843704224,2.93449568748474
E000V00075,-71.631,-35.753,0.101604402065277,0.0570989102125168,0.782319307327271,0.760055959224701,0.0494374111294746,1.96979558467865,1.93803656101227,2.07115936279297
E000V00082,-72.587,-35.836,0.0240821968764067,0.0134827578440309,0.0410517044365406,0.0392017178237438,0.0114573854953051,1.99542200565338,1.99287843704224,2.93449568748474
E000V00183,-71.05,-36.06,0.0752777606248856,0.0466765612363815,0.0889227688312531,0.0754364356398582,0.0255531799048185,1.9727383852005,1.94882106781006,2.03072476387024
E000V00087,-72.783,-36.133,0.126846700906754,0.0654436722397804,0.486137509346008,0.481635630130768,0.0334546007215977,1.97872996330261,2.31720590591431,2.50484299659729
E000V00073,-71.548,-36.257,0.0681218281388283,0.0469086728990078,0.89271354675293,0.0389796309173107,0.0119930747896433,1.94765388965607,1.92374885082245,1.99862945079803
E000V00091,-71.9,-36.292,0.21629872918129,0.102205574512482,0.155089840292931,0.123719684779644,0.0390394702553749,1.92751979827881,1.81571388244629,2.06377100944519
E000V00090,-72.64,-36.43,0.0498179271817207,0.0238546896725893,0.0718951150774956,0.0707337409257889,0.0101334284991026,1.99213063716888,1.97973453998566,2.07218217849731
E000V00088,-72.699,-36.492,0.0498179271817207,0.0238546896725893,0.0718951150774956,0.0707337409257889,0.0101334284991026,1.99213063716888,1.97973453998566,2.07218217849731
E000V00092,-71.549,-36.56,0.824435830116272,0.766992509365082,0.120934195816517,0.0541384033858776,0.0235745944082737,0.585682332515717,0.500420689582825,1.35448527336121
E000360011,-72.037,-36.586,0.746233224868774,0.114931963384151,0.0919790416955948,0.0732055306434631,0.0298573598265648,1.90821170806885,1.26774084568024,2.03606200218201
E000V00089,-72.603,-36.625,0.293639957904816,0.129146590828896,0.210179060697556,0.205332443118095,0.0389011017978191,1.94151747226715,1.74040818214417,2.20254278182983
E000V00099,-72.965,-36.672,0.0159508511424065,0.00663401978090405,0.00953149329870939,0.00937415659427643,0.00268353731371462,1.99838948249817,1.99266445636749,2.00965261459351
E000V00096,-72.704,-36.697,0.109283104538918,0.0463013388216496,0.60199773311615,0.600594341754913,0.0168853215873241,1.98531889915466,1.93281471729279,2.60151982307434
E000V00098,-72.983,-36.733,0.0159508511424065,0.00663401978090405,0.00953149329870939,0.00937415659427643,0.00268353731371462,1.99838948249817,1.99266445636749,2.00965261459351
E000360019,-73.066,-36.781,0.0159508511424065,0.00663401978090405,0.00953149329870939,0.00937415659427643,0.00268353731371462,1.99838948249817,1.99266445636749,2.00965261459351
E000V00184,-71.5,-36.88,0.91739684343338,0.718098998069763,0.0733082666993141,0.0625059232115746,0.0421957224607468,1.28921675682068,0.591600179672241,2.02394723892212
E000V00093,-72.099,-36.977,0.910612404346466,0.520096778869629,0.0493753030896187,0.0447160564363003,0.0290371309965849,1.52986526489258,1.11150228977203,2.03535056114197
E000V00095,-73.14,-37.005,0.47991281747818,0.172623008489609,0.112362772226334,0.110728345811367,0.068577453494072,1.96903312206268,1.81424450874329,2.12001490592957
E000V00106,-72.403,-37.035,0.357427924871445,0.129824981093407,0.0823446065187454,0.0799265503883362,0.0341662466526031,1.94629538059235,1.28272235393524,2.08120846748352
E000V00097,-73.155,-37.092,0.47991281747818,0.172623008489609,0.112362772226334,0.110728345811367,0.068577453494072,1.96903312206268,1.81424450874329,2.12001490592957
E000V00105,-71.245,-37.111,0.924835741519928,0.799163997173309,0.0702780038118362,0.0606238692998886,0.041084062308073,1.23943197727203,0.48496401309967,2.03038787841797
E000V00094,-72.012,-37.141,0.979938328266144,0.107388839125633,0.0246537420898676,0.0235075708478689,0.0198491103947163,1.94056725502014,1.05922424793243,2.02389097213745
E000V00108,-72.946,-37.167,0.863206326961517,0.110807120800018,0.050789475440979,0.0503904707729816,0.0370278805494308,1.9806113243103,1.85746514797211,2.05774927139282
E000V00107,-72.328,-37.213,0.916556060314178,0.149894028902054,0.0394464060664177,0.0382196679711342,0.0313944220542908,1.93626058101654,1.11909019947052,2.04232788085938
E000V00111,-71.949,-37.293,0.979938328266144,0.107388839125633,0.0246537420898676,0.0235075708478689,0.0198491103947163,1.94056725502014,1.05922424793243,2.02389097213745
E000V00100,-73.437,-37.305,0.232694089412689,0.0743730515241623,0.035246416926384,0.0351754575967789,0.029623681679368,1.98927783966064,1.90595948696136,2.0400059223175
E000V00185,-71.566,-37.323,0.97422593832016,0.246983870863914,0.0528153069317341,0.0491958446800709,0.0389128029346466,1.2722761631012,1.02025294303894,2.03940582275391
E000370033,-72.424,-37.397,0.965534329414368,0.310141503810883,0.0580882951617241,0.0584469325840473,0.0668009296059608,1.96119701862335,1.23593032360077,2.08238863945007
E000V00186,-72.83,-37.418,0.944608509540558,0.247873201966286,0.0541486777365208,0.0545260794460773,0.0573094747960567,1.97057843208313,1.67517066001892,2.07311987876892
E000V00103,-73.33,-37.485,0.911602020263672,0.0903851687908173,0.0322345346212387,0.0324941352009773,0.0315220318734646,1.98640477657318,1.84007406234741,2.03997445106506
E000V00110,-71.875,-37.536,1.06135213375092,0.29523292183876,0.0607078373432159,0.0605331473052502,0.0602995790541172,1.84038329124451,1.13386917114258,2.06816339492798
E000V00104,-73.462,-37.627,0.943077862262726,0.179634749889374,0.0595151223242283,0.0606859102845192,0.0660305023193359,1.97471177577972,1.30719184875488,2.07649374008179
E000V00109,-72.007,-37.685,1.76544535160065,0.888334691524506,0.0295749939978123,0.0311177056282759,0.0488062389194965,1.9792115688324,1.077232837677,2.05392408370972
E000V00116,-72.605,-37.726,1.05579900741577,0.812522768974304,0.0543957240879536,0.0564480274915695,0.101176284253597,1.97006070613861,1.18162703514099,2.11226439476013
E000V00101,-73.412,-37.892,0.995027184486389,0.46449077129364,0.136982247233391,0.140672847628593,0.166747912764549,1.93046736717224,1.46502768993378,2.18518328666687
E000V00102,-73.097,-37.95,1.0281685590744,0.255568653345108,0.0511080361902714,0.0531976670026779,0.075718879699707,1.85919642448425,1.17194557189941,2.08380842208862
E000V00112,-71.435,-38.057,1.80716943740845,0.985201597213745,0.0776363611221313,0.0839658454060555,0.0619724877178669,1.97925531864166,1.84024107456207,2.0736722946167
E000V00114,-72.298,-38.146,1.95000278949738,1.92702555656433,0.0124744791537523,0.0138999307528138,0.945766746997833,2.00242209434509,1.0281697511673,2.94741487503052
E000V00117,-72.273,-38.228,1.95000278949738,1.92702555656433,0.0124744791537523,0.0138999307528138,0.945766746997833,2.00242209434509,1.0281697511673,2.94741487503052
E000V00113,-71.233,-38.25,1.9926689863205,1.98388183116913,0.986788690090179,0.987312734127045,0.00315443775616586,1.99968075752258,1.99460220336914,2.00452280044556
E000V00188,-72.956,-38.207,1.03089916706085,0.174472615122795,0.027241000905633,0.0286162607371807,0.0430203601717949,1.21739161014557,1.07792162895203,2.04641962051392
E000V00187,-71.75,-38.414,1.85932421684265,1.08798611164093,0.0728281512856483,0.117277428507805,0.145818471908569,2.05039477348328,1.20927059650421,2.16591715812683
E000V00121,-72.399,-38.435,1.32190692424774,1.12250053882599,0.117953471839428,0.128283098340034,0.237630009651184,2.04051566123962,1.25635695457458,2.24867749214172
E000V00129,-72.85,-38.446,1.18123531341553,0.993245542049408,0.0836790576577187,0.0904114320874214,0.150758594274521,1.97093844413757,1.22757744789124,2.15984392166138
E000V00126,-72.224,-38.675,1.86228322982788,1.70853924751282,0.650208115577698,0.665841996669769,0.756283819675446,2.61406445503235,1.80146086215973,2.76925539970398
E000V00115,-71.141,-38.732,1.84560203552246,1.08331036567688,0.0913220345973969,0.134567439556122,0.133180215954781,2.03275632858276,1.88930177688599,2.80965757369995
E000380013,-72.46,-38.768,1.92480885982513,1.04873311519623,0.0416646599769592,0.046063918620348,0.0714793279767036,2.02192163467407,1.10411870479584,2.07517337799072
E000V00120,-71.683,-38.834,1.84157466888428,1.67079699039459,0.100582174956799,0.680477678775787,0.736179947853088,2.59845924377441,1.82474708557129,2.7751317024231
E000V00128,-72.787,-39.022,1.10988342761993,1.03360629081726,0.0294267870485783,0.0342246033251286,0.0506743341684341,2.0059232711792,1.96327805519104,2.05326509475708
E000V00127,-72.252,-39.007,1.99851548671722,1.99687492847443,0.00242664339020848,0.00273521360941231,0.997410595417023,2.00185179710388,1.99850797653198,2.99773240089417
E000V00122,-72.922,-39.071,1.18560039997101,1.08259093761444,0.102650575339794,0.100783169269562,0.15212644636631,2.00449156761169,1.89132630825043,2.15888261795044
E000V00118,-72.615,-39.103,1.73991024494171,1.29569292068481,0.177044421434402,0.216785073280334,0.364186555147171,2.09009504318237,1.77108538150787,2.38301730155945
E000V00124,-73.133,-39.165,1.50590908527374,1.35294115543365,0.405349612236023,0.302459180355072,0.517227530479431,2.00899314880371,1.80717444419861,2.530277967453
E000V00125,-72.261,-39.196,1.9445184469223,1.88315093517303,0.815061450004578,0.837771117687225,0.902790188789368,2.78082942962646,1.9587733745575,2.9264702796936
E000V00119,-71.868,-39.262,1.87438499927521,1.5998547077179,0.0989855602383614,0.142941281199455,0.648733794689178,2.05547165870667,1.90497243404388,2.86433362960815
E000V00123,-71.926,-39.289,1.92247748374939,1.34691643714905,0.103411003947258,0.124957919120789,0.376088857650757,2.06481337547302,1.93999481201172,2.91099286079407
E000V00189,-72.55,-39.373,1.82066798210144,1.57496702671051,0.211508125066757,0.52777898311615,0.626183867454529,2.10336780548096,1.89742267131805,2.64658522605896
E000V00190,-73.177,-39.39,1.72649395465851,1.64037549495697,0.655066668987274,0.305858612060547,0.753363251686096,2.01708602905273,1.87699830532074,2.76253056526184
E000V00131,-72.95,-39.632,1.91055250167847,1.88060629367828,0.868562698364258,0.217620044946671,0.92220413684845,2.01289701461792,1.95208144187927,2.9271228313446
E000390006,-73.087,-39.657,1.91055250167847,1.88060629367828,0.868562698364258,0.217620044946671,0.92220413684845,2.01289701461792,1.95208144187927,2.9271228313446
E000V00130,-72.501,-39.863,1.87923145294189,1.81467080116272,0.762995779514313,0.776094138622284,0.857121825218201,2.01131796836853,1.91510236263275,2.8724627494812
E000V00191,-71.91,-39.88,1.39245069026947,1.26851606369019,0.243030741810799,0.260864049196243,0.316825062036514,1.94980764389038,1.38168358802795,2.34465312957764
E000V00132,-72.927,-40.096,1.91358423233032,1.89647209644318,0.873573362827301,0.824462950229645,0.955196142196655,2.0334587097168,1.9472930431366,2.96041893959045
E000V00134,-72.415,-40.134,1.89020991325378,1.82079541683197,0.782592296600342,0.794104635715485,0.8560950756073,1.96533501148224,1.87443053722382,2.87042689323425
E000V00193,-73.647,-40.168,1.7625937461853,1.84495890140533,0.754158914089203,0.943445026874542,1.05995273590088,2.14678144454956,1.89053308963776,3.05870127677917
E000V00133,-73.024,-40.317,1.97732520103455,1.98092937469482,0.961849987506866,0.977831125259399,1.00727438926697,2.02537536621094,1.98450469970703,3.00883913040161
E000V00135,-72.979,-40.323,1.97732520103455,1.98092937469482,0.961849987506866,0.977831125259399,1.00727438926697,2.02537536621094,1.98450469970703,3.00883913040161
E000V00139,-73.308,-40.348,1.93707406520844,1.96008431911469,0.913819968700409,1.39287662506104,1.46481966972351,2.50642848014832,1.96331918239594,3.46724271774292
E000V00192,-72,-40.52,1.99579238891602,1.0081342458725,0.00695062428712845,0.00750076118856668,0.00868257042020559,1.01296603679657,1.01016163825989,2.00949287414551
E000400009,-73.058,-40.614,1.95240306854248,2.02622365951538,0.68567031621933,0.734660685062408,1.07695329189301,2.10995125770569,1.96413719654083,3.08127164840698
E000V00194,-72.116,-40.623,1.99579238891602,1.0081342458725,0.00695062428712845,0.00750076118856668,0.00868257042020559,1.01296603679657,1.01016163825989,2.00949287414551
E000V00136,-73.152,-40.765,1.96646308898926,2.64026403427124,1.52977585792542,1.57629466056824,1.666299700737,2.67299127578735,1.98007655143738,3.66743087768555
E000V00138,-73.157,-40.861,1.96646308898926,2.64026403427124,1.52977585792542,1.57629466056824,1.666299700737,2.67299127578735,1.98007655143738,3.66743087768555
E000V00195,-73.815,-40.873,1.92233288288116,2.5670804977417,0.933530509471893,1.57403874397278,1.6130496263504,2.05539989471436,1.98045313358307,3.60874462127686
E000V00137,-72.886,-40.957,1.95938801765442,2.16877126693726,1.06746566295624,1.09947311878204,1.14842295646667,2.16962909698486,1.96542799472809,3.15547466278076
E000V00142,-73.377,-41.115,1.93179130554199,2.18781566619873,0.982405424118042,1.15248739719391,1.19742095470428,2.10078692436218,1.99534022808075,3.19230103492737
E000V00197,-72.339,-41.142,1.93223011493683,1.89328801631927,0.187104418873787,0.213334292173386,0.235614776611328,1.84052431583405,1.80843555927277,2.79786825180054
E000V00143,-73.009,-41.259,1.99908089637756,2.00059747695923,0.995808959007263,0.996646821498871,0.997219860553741,1.99758529663086,1.99913418292999,2.9973349571228
E000V00196,-73.809,-41.359,1.94706165790558,2.6594386100769,0.93326860666275,1.6412273645401,1.66060590744019,1.99795317649841,2.58128476142883,3.64861488342285
E000410005,-73.096,-41.448,1.96555852890015,1.99876463413239,0.319238394498825,0.360590130090714,0.376296103000641,1.38186919689178,1.96006214618683,2.37278461456299
E000V00198,-72.275,-41.579,1.97190880775452,1.96032977104187,0.0784386098384857,0.0939793661236763,0.102583110332489,1.1544703245163,1.14471936225891,2.13706302642822
E000V00144,-73.672,-41.71,1.87990844249725,2.21987986564636,0.793166160583496,1.1463520526886,1.17846953868866,1.91634964942932,2.06012630462646,3.0463593006134
E000V00140,-72.435,-41.938,2.04412794113159,1.8795177936554,0.365467607975006,0.631907641887665,0.663830578327179,1.69036436080933,1.68692350387573,2.63383769989014
E000V00141,-71.865,-42.075,1.78006458282471,1.67848289012909,0.372737020254135,0.487798064947128,0.531044840812683,1.61546719074249,1.5701916217804,2.4922924041748
E000V00151,-72.417,-42.1,2.04412794113159,1.8795177936554,0.365467607975006,0.631907641887665,0.663830578327179,1.69036436080933,1.68692350387573,2.63383769989014
E000V00149,-73.49,-42.157,1.98217225074768,2.6585214138031,0.950507998466492,1.62622117996216,1.63115704059601,1.97185051441193,1.97589695453644,2.96834707260132
E000V00199,-74.078,-42.285,1.97699081897736,2.03254508972168,0.967414915561676,1.00601255893707,1.01049411296844,1.98136234283447,1.98404371738434,2.97853374481201
E000V00201,-72.663,-42.355,2.62580442428589,1.97353327274323,0.164349660277367,0.890063762664795,0.901576817035675,1.88400757312775,1.88831472396851,2.86721920967102
E000V00147,-73.568,-42.404,1.97353756427765,2.12374520301819,0.92255312204361,1.02821505069733,1.03512525558472,1.94844448566437,1.95209038257599,2.94083714485168
E000V00148,-73.633,-42.583,1.95462083816528,2.35400056838989,0.916356265544891,1.02202045917511,1.03158903121948,1.94173538684845,1.94603598117828,2.9311306476593
E000V00146,-73.789,-42.704,1.98940718173981,2.91411089897156,0.982261955738068,0.996720492839813,0.998859822750092,1.98411190509796,1.98502695560455,2.98131632804871
E000V00145,-72.717,-42.883,1.98307120800018,1.97317123413086,0.0879941582679749,0.138753116130829,0.146117702126503,1.10196602344513,1.11843657493591,2.1047089099884
E000430002,-71.852,-43.189,1.96394395828247,1.95195698738098,0.0491213165223598,0.0756095871329308,0.0814022719860077,0.206830933690071,0.264518529176712,1.24969816207886
E000V00200,-74.295,-43.208,1.98860561847687,2.94956302642822,1.93645191192627,1.94249081611633,1.94437038898468,1.98742616176605,1.98837172985077,2.98437523841858
E000V00202,-72.85,-43.364,1.96290457248688,1.96027851104736,0.104232497513294,0.163105100393295,0.173698410391808,1.08922970294952,1.12428665161133,2.1056535243988
E000V00150,-72.126,-43.474,1.96510446071625,1.95638418197632,0.0584278218448162,0.13494099676609,0.142794251441956,0.298954784870148,1.03531289100647,2.02002310752869
E000430004,-71.801,-43.612,1.88592147827148,1.84960043430328,0.145248234272003,0.241691470146179,0.260060340166092,0.61610621213913,0.871655225753784,1.82457089424133
E000V00153,-73.74,-43.89,1.7475997209549,1.87422132492065,0.609419882297516,0.73414546251297,0.829757452011108,1.50293982028961,1.62090265750885,2.51411390304565
E000V00152,-72.387,-43.917,1.95336806774139,1.94843924045563,0.0780306234955788,0.864231526851654,0.883001327514648,1.02936005592346,1.0837824344635,2.06309294700623
E000V00154,-71.847,-44.24,1.74605929851532,1.62442290782928,0.287436276674271,0.489749401807785,0.535606861114502,1.13866674900055,1.30775940418243,2.19067740440369
E000V00203,-73.097,-44.729,1.97167491912842,2.84331440925598,0.933690011501312,0.947597026824951,1.84885847568512,1.02685308456421,1.93776214122772,2.92335438728333
E000450001,-72.677,-45.399,1.94826579093933,1.0591766834259,0.0692320838570595,0.0805700123310089,0.0919127613306046,1.02543079853058,1.06969320774078,2.03730607032776
E000450004,-72.102,-45.591,1.93090438842773,1.03829455375671,0.0952347740530968,0.106289193034172,0.111442476511002,1.00935137271881,1.0994268655777,2.02722096443176
E000450005,-71.678,-45.918,1.88552248477936,1.00992619991302,0.822577238082886,0.827405750751495,0.827907383441925,0.934198379516602,1.82445049285889,2.01155495643616
E000V00157,-71.941,-46.278,1.05615723133087,1.00182521343231,0.0287898685783148,0.0307005271315575,0.0301504377275705,0.0781716853380203,1.02879357337952,2.00421237945557
E000V00205,-74.778,-46.355,1.96540498733521,1.95331585407257,0.0286157056689262,0.977684199810028,0.975708842277527,1.01951503753662,1.97367489337921,2.01243710517883
E000V00204,-73.336,-46.569,1.94059467315674,1.00017750263214,1.84184873104095,1.84989583492279,0.944191336631775,1.9131019115448,1.94012928009033,2.01080632209778
E000460001,-71.685,-46.585,1.85759174823761,0.999503970146179,0.0464204140007496,0.0501171499490738,0.0492326803505421,0.906530678272247,1.04712176322937,2.00747990608215
E000470001,-72.583,-47.244,1.01401627063751,0.0476544350385666,0.0212395880371332,0.0237031280994415,0.019588764756918,0.998639345169067,1.01820147037506,1.99969005584717
E000V00156,-73.536,-47.8,0.0270349755883217,0.0181561056524515,0.00933745037764311,0.0109749268740416,0.0090450718998909,0.0249794535338879,1.00826501846313,1.99741458892822
E000V00155,-72.56,-48.471,0.0218058917671442,0.0145637039095163,0.00591041333973408,0.00688766594976187,0.00648545427247882,0.0203959811478853,1.00507879257202,1.02101302146912
E000V00206,-73.941,-48.958,0.0177738834172487,0.0134602002799511,0.00548830348998308,0.00667574349790812,0.0064358226954937,0.0180958770215511,1.00428140163422,1.01858651638031
E000V00207,-73.57,-51.07,0.0200346037745476,0.013656840659678,0.00557815004140139,0.00650134822353721,0.0066646016202867,0.0202960763126612,0.0270163062959909,1.01821792125702
E000V00158,-72.967,-51.184,0.0118272500112653,0.00735636241734028,0.00301215797662735,0.00348720327019691,0.00359251303598285,0.0110698277130723,0.0150027293711901,1.01000833511353
E000V00159,-71.164,-52.309,0.085855595767498,0.0106773125007749,0.00446182582527399,0.00506266253069043,0.00531812570989132,0.0169976316392422,0.076589971780777,1.01967895030975
E000V00161,-70.361,-52.432,0.974943399429321,0.0151301650330424,0.00639204680919647,0.00719843385741115,0.00761439278721809,0.024686798453331,0.0635669976472855,1.04772281646729
E000V00160,-71.505,-52.601,0.929391443729401,0.00959705375134945,0.00403163302689791,0.00457241712138057,0.00480805477127433,0.0153673207387328,0.925101041793823,1.01771032810211
E000V00162,-69.27,-52.8,0.998339056968689,0.00257115252315998,0.00110240327194333,0.00123248877935112,0.00131207203958184,0.00431135948747396,0.00744769629091024,1.00584363937378
E000520006,-70.839,-53.002,0.776010274887085,0.076877236366272,0.0327630192041397,0.0368788912892342,0.0390463322401047,0.126433432102203,0.594348847866058,1.4483335018158
E000530005,-70.326,-53.254,0.992279827594757,0.00486553553491831,0.00209161662496626,0.00234458781778812,0.00249122478999197,0.00812439061701298,0.980458855628967,1.97564077377319
E000V00208,-71.38,-53.8,0.0475744679570198,0.0131970150396228,0.00570160755887628,0.0064071686938405,0.00680022872984409,0.0220171939581633,0.0459237210452557,1.0283225774765
E000V00163,-68.804,-54.051,0.996054649353027,0.00390264415182173,0.00172734842635691,0.00191393680870533,0.00205240491777658,0.0068175382912159,0.011819576844573,1.0096241235733
E000550001,-67.616,-54.932,0.0247008372098207,0.0103466250002384,0.00472957547754049,0.0051876837387681,0.00560369854792953,0.0188458729535341,0.99469655752182,1.98943090438843
