Estacion,Lat,Lon,meses:1,3,6,9,12,24,36,48
E000V00003,-69.478,-17.595,0.656689584255219,1.34576952457428,1.31367254257202,2.13291883468628,2.11483907699585,0.650881588459015,0.487365037202835,0.437036097049713
E000V00002,-69.554,-18.197,0.0210790522396564,1.00588190555573,1.0160905122757,2.00838994979858,2.00549364089966,0.0235561113804579,0.0139882992953062,0.0118204522877932
E000180005,-70.34,-18.356,0.616535544395447,1.17652547359467,1.36219918727875,2.14870142936707,2.11356639862061,0.592167913913727,0.412013292312622,0.350535184144974
E000V00001,-69.857,-19.011,0.0667240247130394,0.149983957409859,1.09579885005951,2.03398251533508,2.01967668533325,0.0714709684252739,0.0356809198856354,0.0245017018169165
E000V00006,-68.638,-19.276,0.0674860179424286,1.03461730480194,1.98122227191925,3.85216879844666,2.92918276786804,1.89725959300995,0.0382515974342823,0.0296602826565504
E000V00005,-69.427,-19.313,0.0693915188312531,0.99680769443512,1.95355451107025,2.04712438583374,2.02579021453857,0.0817930027842522,0.0345899276435375,0.0206193849444389
E000V00007,-69.767,-19.996,1.99697399139404,1.99874091148376,2.99536347389221,3.99234914779663,2.99626708030701,1.99562215805054,0.996913433074951,0.000853933161124587
E000V00004,-70.117,-20.25,1.92544031143188,1.97436022758484,2.07575440406799,2.19811534881592,2.10275363922119,1.09396433830261,0.130687341094017,0.033575464040041
E000V00008,-69.342,-20.501,1.0240786075592,1.98495364189148,2.00373673439026,2.03794836997986,2.02149152755737,1.01883113384247,0.0405448600649834,0.0245440937578678
E000200006,-70.181,-20.549,1.77566289901733,1.93147766590118,2.02721858024597,2.22943091392517,2.13265705108643,1.12495291233063,0.271383345127106,0.159789338707924
E000V00011,-68.255,-21.224,1.00115168094635,1.99940431118011,1.99948287010193,2.00074815750122,2.00054240226746,1.00108885765076,0.00280088908039033,0.00254675908945501
E000V00013,-70.2,-22.091,1.13595139980316,1.67933928966522,1.89867699146271,2.13980746269226,2.15661525726318,0.999048352241516,0.672684967517853,0.619994103908539
E000V00014,-69.666,-22.35,0.16218438744545,1.09346222877502,2.0059027671814,2.03140306472778,2.03170919418335,0.144057154655457,0.0778119042515755,0.0727527067065239
E000220002,-68.892,-22.498,0.178450047969818,1.09804821014404,2.03380584716797,2.05062508583069,2.04240679740906,1.01386308670044,0.0649417564272881,0.0620151646435261
E000V00009,-69.32,-22.892,1.86751222610474,1.94378423690796,2.84455323219299,2.86902737617493,2.86383557319641,1.03229653835297,0.101190313696861,0.0974377319216728
E000V00012,-68.213,-22.932,1.96600866317749,1.98726165294647,2.9444727897644,2.95356559753418,2.00164008140564,1.96546936035156,0.988721787929535,0.987376689910889
E000230001,-70.445,-23.454,1.73593473434448,1.97990953922272,1.74927771091461,2.07855367660522,2.16724872589111,1.52535676956177,1.22625148296356,1.18073225021362
E000V00166,-67.44,-23.6,0.127725899219513,1.07243859767914,1.06440079212189,1.08402216434479,1.07694447040558,0.118918269872665,0.0867034643888474,0.0840386524796486
E000V00165,-68.57,-23.94,1.97765898704529,1.99245488643646,1.98534560203552,2.00151419639587,2.00092124938965,1.96875286102295,1.00582218170166,1.00387847423553
E000V00164,-69.69,-24.51,1.99526047706604,1.99749112129211,1.98990476131439,1.9999006986618,2.00218963623047,1.98957765102386,1.01030445098877,1.00930237770081
E000V00167,-69.3,-25,1.99518895149231,1.99301064014435,1.98745715618134,1.99849438667297,2.00030207633972,1.98801028728485,1.00743639469147,1.00671768188477
E000V00010,-70.484,-25.411,1.98606300354004,1.98225450515747,1.96695470809937,1.99824249744415,2.00475358963013,1.96746408939362,1.96248090267181,1.95974731445312
E000V00168,-69.27,-25.7,1.97780799865723,1.01453959941864,1.01422190666199,1.99036109447479,1.99300789833069,1.00908493995667,1.00486767292023,1.00388550758362
E000V00169,-68.99,-26.25,0.00184149283450097,0.00170026766136289,1.00023782253265,1.00096869468689,1.00107765197754,0.00150616187602282,0.00160081940703094,0.00156186486128718
E000V00016,-70.611,-26.332,1.88811504840851,1.12574326992035,1.89711713790894,1.99860501289368,2.0067458152771,1.09423744678497,1.09351694583893,1.0865443944931
E000V00017,-70.046,-26.391,1.0816707611084,1.08046615123749,1.8874294757843,1.98507034778595,1.99317932128906,1.05565690994263,1.0661324262619,1.06038463115692
E000V00170,-69.33,-27.07,0.161719217896461,0.1788260191679,0.140682563185692,1.09642946720123,1.10937833786011,0.157908290624619,1.05963265895844,1.05435168743134
E000270008,-70.781,-27.254,0.0196498613804579,1.01091647148132,0.0200020801275969,2.0022873878479,1.01878941059113,1.0081170797348,0.0243650712072849,0.0236394237726927
E000270009,-70.353,-27.359,0.349667102098465,1.17826640605927,1.03514337539673,2.01899552345276,1.99191844463348,1.13492465019226,1.11372554302216,1.10173714160919
E000V00171,-69.81,-27.98,1.03676104545593,2.00286984443665,1.96957123279572,2.01352429389954,2.02039337158203,1.99380898475647,2.00137424468994,1.99777853488922
E000V00019,-71.225,-28.463,3.96463584899902,3.97072744369507,2.96965265274048,3.97494077682495,3.97987222671509,2.01390433311462,2.01689910888672,2.0119366645813
E000V00018,-70.449,-28.768,3.91344499588013,3.92246890068054,2.93767952919006,4.89653635025024,4.90479135513306,2.96726036071777,2.97254157066345,2.96495342254639
E000V00015,-70,-28.976,0.0245111919939518,0.0257727578282356,1.00780379772186,2.01022601127625,2.01213145256042,1.01432108879089,1.01565492153168,1.01448774337769
E000V00021,-71.116,-29.372,2.30432271957397,2.9969117641449,2.63752102851868,4.41732835769653,4.4959020614624,3.63422179222107,3.65542006492615,2.90957999229431
E000290004,-71.207,-29.914,2.26821303367615,3.01865601539612,2.09174942970276,3.997633934021,4.0459361076355,3.90217018127441,3.16318583488464,2.28199672698975
E000V00022,-70.721,-30.031,4.89693832397461,3.00274538993835,2.95762538909912,4.93513250350952,4.94666051864624,3.97394490242004,3.97391414642334,3.95081615447998
E000V00020,-71.082,-30.234,3.07055640220642,3.03444719314575,2.84633898735046,4.75639486312866,4.80414390563965,3.92356276512146,3.91731095314026,3.06391716003418
E000V00172,-71.72,-30.38,3.10225415229797,3.21543455123901,1.92807507514954,3.16786885261536,3.58787631988525,3.42779994010925,3.61952233314514,3.38700032234192
E000V00027,-70.937,-30.746,3.90086340904236,3.90273475646973,2.93187141418457,4.80772972106934,4.8665714263916,3.98201251029968,4.00221920013428,3.97875952720642
E000V00028,-71.256,-30.838,3.82983088493347,3.83899259567261,3.5709011554718,4.66552734375,4.76372480392456,4.66311407089233,4.69785690307617,4.65769672393799
E000V00026,-70.999,-31.188,3.02095460891724,3.0278058052063,2.82677102088928,3.84140491485596,4.78870582580566,3.92230820655823,3.95676922798157,3.94441199302673
E000V00024,-71.413,-31.39,3.01180768013,3.04663348197937,1.80444550514221,2.81665420532227,3.69197106361389,3.69246745109558,3.83079814910889,3.79350256919861
E000V00023,-71.152,-31.633,2.98120331764221,3.01792478561401,1.70025396347046,2.68258762359619,3.56407237052917,3.50264430046082,3.69311833381653,3.65628862380981
E000V00025,-70.97,-31.783,2.99282622337341,2.99846029281616,1.94297170639038,2.93611216545105,3.91590476036072,3.05447816848755,3.09122061729431,3.08445763587952
E000320019,-70.707,-32.076,2.36804461479187,2.38419723510742,1.15591371059418,2.06280922889709,3.00186800956726,3.00607752799988,3.19467401504517,3.16923427581787
E000V00035,-70.926,-32.251,2.9578492641449,2.97627592086792,1.71248459815979,2.00274038314819,2.93862080574036,2.99332141876221,3.82559108734131,3.82427096366882
E000V00174,-70.464,-32.343,2.93476510047913,2.95035147666931,1.58476543426514,1.97998321056366,2.90385055541992,2.97711586952209,3.21306943893433,3.16066932678223
E000V00033,-70.819,-32.362,2.84128570556641,2.86055827140808,1.49782025814056,1.99390614032745,2.91143774986267,2.98424434661865,3.61915636062622,3.57369756698608
E000V00034,-71.441,-32.505,2.75390863418579,2.95223546028137,0.848702311515808,1.89364051818848,2.48218560218811,2.93588614463806,3.50835132598877,3.4366717338562
E000V00175,-71.014,-32.54,2.97655844688416,2.98685503005981,1.03552603721619,1.9865391254425,2.94399642944336,2.99143099784851,3.13982725143433,3.91205215454102
E000V00041,-70.725,-32.594,2.97636985778809,2.99096083641052,1.53052914142609,1.96192753314972,2.87264394760132,2.97467994689941,3.76167488098145,3.37480926513672
E000V00176,-70.368,-32.618,3.01496410369873,3.03309416770935,0.982002437114716,1.9029438495636,2.76373744010925,2.93077158927917,3.25776743888855,3.16056513786316
E000V00040,-70.809,-32.757,3.00319194793701,3.00722718238831,0.997880876064301,1.955437541008,2.86784648895264,2.97528862953186,3.86445021629333,3.74655723571777
E000V00031,-71.526,-32.789,2.51763987541199,2.91785621643066,0.817419946193695,1.89995181560516,2.28980278968811,2.94879722595215,3.43543171882629,3.36355662345886
E000V00037,-71.173,-32.79,2.33034729957581,2.38956260681152,0.93428498506546,1.96186983585358,2.72262501716614,2.98101425170898,3.85698485374451,3.83673405647278
E000320028,-71.227,-32.828,2.33034729957581,2.38956260681152,0.93428498506546,1.96186983585358,2.72262501716614,2.98101425170898,3.85698485374451,3.83673405647278
E000V00032,-70.382,-32.89,3.16468644142151,3.11379313468933,0.313064843416214,1.80670201778412,2.45230603218079,2.88569045066833,3.45366501808167,3.25997853279114
E000V00036,-71.207,-32.893,2.98456525802612,2.99444270133972,0.98957347869873,1.99568557739258,2.0120222568512,2.99820804595947,3.98456883430481,3.98037910461426
E000V00030,-71.517,-32.917,2.22122716903687,2.99129581451416,0.867231965065002,1.9496785402298,2.0709593296051,2.97750234603882,3.18912935256958,3.12730407714844
E000V00042,-71.261,-32.994,2.98456525802612,2.99444270133972,0.98957347869873,1.99568557739258,2.0120222568512,2.99820804595947,3.98456883430481,3.98037910461426
E000330002,-71.648,-33.023,2.5274772644043,3.03573894500732,0.66064864397049,1.83861017227173,2.14623379707336,2.92061686515808,3.30629181861877,3.18617224693298
E000330007,-71.556,-33.065,2.22122716903687,2.99129581451416,0.867231965065002,1.9496785402298,2.0709593296051,2.97750234603882,3.18912935256958,3.12730407714844
E000V00029,-71.4,-33.083,2.22122716903687,2.99129581451416,0.867231965065002,1.9496785402298,2.0709593296051,2.97750234603882,3.18912935256958,3.12730407714844
E000V00051,-70.834,-33.121,3.14373707771301,3.09589672088623,0.350740194320679,1.84191679954529,2.44800519943237,2.91933798789978,3.71087241172791,3.3613498210907
E000V00050,-70.66,-33.147,3.73264527320862,3.38929963111877,0.112892977893353,1.80257725715637,2.17515707015991,2.90075516700745,3.74033451080322,3.22428297996521
E000V00177,-71.46,-33.23,2.17975425720215,3.01205801963806,0.144996821880341,1.94923412799835,2.02778482437134,2.98025560379028,3.80221009254456,3.0528404712677
E000V00178,-71.155,-33.287,2.86404347419739,3.04534125328064,0.300114452838898,1.82402443885803,2.09747433662415,2.94544887542725,3.65115308761597,3.48627710342407
E000V00046,-70.502,-33.353,3.32819008827209,3.18866586685181,0.112620905041695,1.73630821704865,2.10617232322693,2.81869578361511,3.38699316978455,3.16071057319641
E000330021,-70.787,-33.378,4.81552124023438,3.91198348999023,0.0103480899706483,1.93217158317566,2.00720620155334,2.9687032699585,3.93547177314758,3.01917004585266
E000V00043,-70.733,-33.42,4.81552124023438,3.91198348999023,0.0103480899706483,1.93217158317566,2.00720620155334,2.9687032699585,3.93547177314758,3.01917004585266
E000V00055,-71.026,-33.439,3.23027348518372,3.14601683616638,0.0665295273065567,1.27181231975555,2.0379421710968,2.94102621078491,3.25922727584839,3.08758783340454
E000V00038,-71.624,-33.439,2.83201503753662,3.0507230758667,0.12725231051445,1.81980407238007,2.04064464569092,2.93790888786316,3.17738485336304,3.07642459869385
E000330020,-70.683,-33.445,4.81552124023438,3.91198348999023,0.0103480899706483,1.93217158317566,2.00720620155334,2.9687032699585,3.93547177314758,3.01917004585266
E000330019,-70.549,-33.455,3.23163366317749,3.12822818756104,0.0312931016087532,1.22941136360168,2.02096581459045,2.29236364364624,3.18295836448669,3.04537439346313
E000V00044,-70.7,-33.467,4.81552124023438,3.91198348999023,0.0103480899706483,1.93217158317566,2.00720620155334,2.9687032699585,3.93547177314758,3.01917004585266
E000V00047,-70.766,-33.517,4.81552124023438,3.91198348999023,0.0103480899706483,1.93217158317566,2.00720620155334,2.9687032699585,3.93547177314758,3.01917004585266
E000V00039,-71.596,-33.543,2.83201503753662,3.0507230758667,0.12725231051445,1.81980407238007,2.04064464569092,2.93790888786316,3.17738485336304,3.07642459869385
E000V00045,-70.548,-33.545,3.23163366317749,3.12822818756104,0.0312931016087532,1.22941136360168,2.02096581459045,2.29236364364624,3.18295836448669,3.04537439346313
E000V00058,-70.902,-33.608,3.23027348518372,3.14601683616638,0.0665295273065567,1.27181231975555,2.0379421710968,2.94102621078491,3.25922727584839,3.08758783340454
E000V00048,-70.567,-33.617,3.23163366317749,3.12822818756104,0.0312931016087532,1.22941136360168,2.02096581459045,2.29236364364624,3.18295836448669,3.04537439346313
E000330031,-78.833,-33.636,3.24060130119324,3.51706576347351,0.676212131977081,1.23959767818451,1.96086728572845,2.22622132301331,3.06179976463318,2.9833300113678
E000330030,-71.613,-33.656,2.63514304161072,3.09389042854309,0.113882958889008,1.5663036108017,2.03584384918213,2.8743155002594,3.17870903015137,3.07034111022949
E000V00049,-70.089,-33.676,3.05730104446411,3.08400130271912,0.0877949371933937,1.1385852098465,2.02873015403748,2.26826572418213,3.13849425315857,3.04928588867188
E000V00057,-71.101,-33.692,3.13806462287903,3.1347074508667,0.0754534900188446,1.23130071163177,2.0313458442688,2.89162611961365,3.28344321250916,3.10955572128296
E000V00052,-70.707,-33.707,3.17921805381775,3.11542630195618,0.035922709852457,1.15801179409027,2.0158474445343,2.88805460929871,3.72192978858948,3.58461713790894
E000V00053,-70.639,-33.862,3.17921805381775,3.11542630195618,0.035922709852457,1.15801179409027,2.0158474445343,2.88805460929871,3.72192978858948,3.58461713790894
E000V00179,-70.22,-33.878,3.0253221988678,3.09152317047119,0.0724493339657784,1.09293293952942,1.98913109302521,2.33929038047791,3.16470646858215,3.04828262329102
E000V00056,-71.394,-33.941,2.53335165977478,3.11903882026672,0.0836856067180634,1.19672572612762,2.01878118515015,2.83665060997009,3.18566942214966,3.04797029495239
E000V00068,-71.825,-33.959,2.91845846176147,3.10415291786194,0.0632283762097359,1.15074515342712,2.01306438446045,2.31810855865479,3.08981609344482,3.0301525592804
E000V00064,-70.717,-33.983,3.014897108078,3.02606892585754,0.0155906360596418,1.03354954719543,2.00265645980835,2.95615434646606,3.13128709793091,3.05024099349976
E000V00054,-70.995,-34.029,2.99880528450012,3.01757311820984,0.0117051117122173,1.02456545829773,2.00266218185425,2.9765887260437,3.05303859710693,3.01408529281616
E000V00059,-70.772,-34.169,2.9820876121521,3.02992939949036,0.0203092489391565,1.02207708358765,1.99491143226624,2.92597985267639,3.77806210517883,3.0183846950531
E000V00180,-70.402,-34.203,2.94583868980408,3.07379007339478,0.0525030866265297,1.02199852466583,1.95626485347748,2.41780924797058,3.21043109893799,3.01763200759888
E000V00061,-70.997,-34.215,2.98308825492859,3.01444625854492,0.00915283150970936,1.01219546794891,1.9995938539505,2.97257351875305,3.07702016830444,3.00693130493164
E000V00062,-71.3,-34.217,2.29316425323486,3.05850124359131,0.0295875947922468,1.04390454292297,2.0011785030365,2.91742038726807,3.72670531272888,3.0175473690033
E000V00060,-70.948,-34.261,2.98308825492859,3.01444625854492,0.00915283150970936,1.01219546794891,1.9995938539505,2.97257351875305,3.07702016830444,3.00693130493164
E000V00066,-70.812,-34.279,2.9820876121521,3.02992939949036,0.0203092489391565,1.02207708358765,1.99491143226624,2.92597985267639,3.77806210517883,3.0183846950531
E000V00065,-70.834,-34.322,2.9820876121521,3.02992939949036,0.0203092489391565,1.02207708358765,1.99491143226624,2.92597985267639,3.77806210517883,3.0183846950531
E000V00067,-72.019,-34.394,3.00615453720093,3.81982779502869,0.0502889715135098,1.4957195520401,1.99493587017059,2.85225892066956,3.05669617652893,3.01669359207153
E000V00063,-70.21,-34.411,2.34377884864807,3.07228970527649,0.0512876734137535,0.42473828792572,1.38164961338043,2.19758987426758,2.52092313766479,2.44256639480591
E000V00071,-71.463,-34.485,2.15156102180481,3.08759093284607,0.0136418845504522,1.01591193675995,1.99800038337708,2.92670083045959,3.03027367591858,3.00527167320251
E000V00069,-71.898,-34.645,3.05125665664673,3.87418723106384,0.0399142391979694,1.05231189727783,1.98782479763031,2.83568382263184,3.04270315170288,3.01112675666809
E000V00072,-71.4,-34.691,2.88426876068115,3.70742225646973,0.0386325716972351,1.02087414264679,1.98354828357697,2.48619389533997,3.0598623752594,3.01025128364563
E000V00070,-71.63,-34.714,2.99690818786621,3.79727578163147,0.0441149286925793,1.04164040088654,1.98476278781891,2.77763962745667,3.05526876449585,3.01204466819763
E000340044,-71.02,-34.721,1.21925044059753,2.16804099082947,0.00978963170200586,0.989894390106201,1.99075102806091,2.05460691452026,3.02260804176331,3.0022497177124
E000V00181,-70.52,-34.781,1.16722047328949,3.01881194114685,0.0105734104290605,0.0877186059951782,1.08541083335876,2.0426082611084,3.01629018783569,2.9983127117157
E000V00086,-72.026,-34.855,3.05125665664673,3.87418723106384,0.0399142391979694,1.05231189727783,1.98782479763031,2.83568382263184,3.04270315170288,3.01112675666809
E000V00084,-71.125,-34.96,2.29083561897278,3.13139343261719,0.0434868037700653,0.819470524787903,1.9297422170639,2.16286897659302,3.06168341636658,2.99980640411377
E000V00083,-71.832,-34.968,3.10034656524658,3.87182283401489,0.0344389751553535,1.00660312175751,1.9781277179718,2.74141407012939,3.03715133666992,3.00611448287964
E000340031,-71.217,-34.969,2.12694406509399,3.06809282302856,0.013046701438725,0.989294767379761,1.98589825630188,2.05631065368652,3.01721692085266,3.00054907798767
E000V00085,-70.811,-35,2.12237167358398,3.06498599052429,0.0226941928267479,0.205278530716896,1.94325852394104,2.07639098167419,3.03120756149292,2.9994068145752
E000V00076,-71.956,-35.128,3.6396381855011,3.88721394538879,0.0557187385857105,0.986172616481781,1.95284485816956,2.24974226951599,3.059725522995,3.01002645492554
E000V00182,-70.83,-35.398,2.43657732009888,3.77645874023438,0.0611796192824841,0.370231002569199,1.36685574054718,2.10543584823608,3.04136991500854,2.93357872962952
E000V00079,-71.467,-35.419,3.77831625938416,3.92338824272156,0.0290224477648735,0.953613579273224,1.94443428516388,2.06222152709961,3.02077341079712,2.98615407943726
E000V00078,-71.7,-35.533,3.88588547706604,3.95981645584106,0.0205318499356508,0.978596866130829,1.97112143039703,2.04916548728943,3.01719999313354,2.99900126457214
E000V00074,-71.454,-35.663,3.79425358772278,3.94627475738525,0.0318043418228626,0.920215129852295,1.91853415966034,2.03604555130005,3.01456379890442,2.97539210319519
E000V00077,-72.082,-35.672,3.87519407272339,3.9606728553772,0.051728431135416,0.92570960521698,1.91612732410431,2.0915629863739,3.06090617179871,3.00884222984314
E000V00080,-71.062,-35.699,2.35020899772644,3.92421340942383,0.032747995108366,0.203978568315506,1.19693565368652,2.03641247749329,3.01381587982178,2.26748776435852
E000V00081,-72.511,-35.707,4.90024423599243,4.00539302825928,0.0127702858299017,0.985421061515808,1.98239552974701,2.92939710617065,3.92498660087585,3.00922107696533
E000V00075,-71.631,-35.753,3.80243492126465,3.94252371788025,0.0462331585586071,0.916925072669983,1.91251349449158,2.06047916412354,3.03003668785095,2.99466252326965
E000V00082,-72.587,-35.836,4.90024423599243,4.00539302825928,0.0127702858299017,0.985421061515808,1.98239552974701,2.92939710617065,3.92498660087585,3.00922107696533
E000V00183,-71.05,-36.06,3.02398920059204,3.94870662689209,0.0331529006361961,0.165100008249283,1.15841913223267,2.01403450965881,3.00441145896912,2.22344136238098
E000V00087,-72.783,-36.133,4.70689058303833,4.69728851318359,0.0594400316476822,0.820487856864929,1.83308756351471,2.43367743492126,3.47078394889832,3.42931389808655
E000V00073,-71.548,-36.257,2.25416326522827,3.98973965644836,0.0166999157518148,0.0871501341462135,1.91647529602051,1.96101677417755,2.98099732398987,2.99284934997559
E000V00091,-71.9,-36.292,4.37873125076294,4.01665735244751,0.0566651858389378,0.790558099746704,1.8268735408783,1.97732901573181,3.01551485061646,3.0155041217804
E000V00090,-72.64,-36.43,4.90413904190063,4.87568855285645,0.0222890954464674,0.835403919219971,1.87195730209351,2.00911140441895,3.06043887138367,3.05709671974182
E000V00088,-72.699,-36.492,4.90413904190063,4.87568855285645,0.0222890954464674,0.835403919219971,1.87195730209351,2.00911140441895,3.06043887138367,3.05709671974182
E000V00092,-71.549,-36.56,3.80487751960754,3.98839330673218,0.0367010571062565,0.141480669379234,0.516913831233978,0.599228024482727,2.29343366622925,2.99598526954651
E000360011,-72.037,-36.586,3.47437810897827,4.02742910385132,0.0498143658041954,0.263786405324936,1.78465437889099,1.91510820388794,2.98799204826355,3.01510167121887
E000V00089,-72.603,-36.625,4.43170738220215,4.34752130508423,0.0936586782336235,0.312273234128952,1.35884654521942,1.87044441699982,3.14424586296082,3.15826916694641
E000V00099,-72.965,-36.672,4.97675037384033,4.98011255264282,0.00914292875677347,0.0206677000969648,1.02445495128632,1.99927365779877,3.00635838508606,3.00639653205872
E000V00096,-72.704,-36.697,4.82109117507935,4.79205656051636,0.0503210611641407,0.160315915942192,1.71365320682526,1.98002004623413,3.5786828994751,3.58118104934692
E000V00098,-72.983,-36.733,4.97675037384033,4.98011255264282,0.00914292875677347,0.0206677000969648,1.02445495128632,1.99927365779877,3.00635838508606,3.00639653205872
E000360019,-73.066,-36.781,4.97675037384033,4.98011255264282,0.00914292875677347,0.0206677000969648,1.02445495128632,1.99927365779877,3.00635838508606,3.00639653205872
E000V00184,-71.5,-36.88,3.89015579223633,3.99880266189575,0.0763231292366982,0.177761733531952,1.06014370918274,1.25686883926392,2.36611652374268,3.01116609573364
E000V00093,-72.099,-36.977,3.93474745750427,4.0280237197876,0.0574235804378986,0.131144195795059,0.699036657810211,1.2379504442215,2.96502041816711,3.01477241516113
E000V00095,-73.14,-37.005,4.43573570251465,4.59718227386475,0.374333649873734,0.5299391746521,1.56225275993347,1.97623515129089,3.03333520889282,3.03967237472534
E000V00106,-72.403,-37.035,3.63474369049072,4.1501407623291,0.100707642734051,0.19930762052536,0.696641802787781,1.40532445907593,3.01122832298279,3.04692935943604
E000V00097,-73.155,-37.092,4.43573570251465,4.59718227386475,0.374333649873734,0.5299391746521,1.56225275993347,1.97623515129089,3.03333520889282,3.03967237472534
E000V00105,-71.245,-37.111,3.88392162322998,3.98702883720398,0.0732307955622673,0.169689834117889,0.577414035797119,1.23763942718506,2.29746508598328,3.00732016563416
E000V00094,-72.012,-37.141,3.96737051010132,4.01600694656372,0.0398413762450218,0.0744363367557526,1.03344202041626,1.15405941009521,2.97490525245667,3.00945639610291
E000V00108,-72.946,-37.167,4.58483505249023,4.76201057434082,0.743913650512695,0.810692310333252,1.83232057094574,1.96331346035004,2.99769234657288,3.01265668869019
E000V00107,-72.328,-37.213,3.93436980247498,4.04642724990845,0.0719412267208099,0.126955926418304,0.566261768341064,1.29083406925201,2.92962431907654,3.0167248249054
E000V00111,-71.949,-37.293,3.96737051010132,4.01600694656372,0.0398413762450218,0.0744363367557526,1.03344202041626,1.15405941009521,2.97490525245667,3.00945639610291
E000V00100,-73.437,-37.305,4.72430372238159,4.8295750617981,0.84582108259201,0.893297910690308,1.92942917346954,1.99134278297424,3.00171852111816,3.00386905670166
E000V00185,-71.566,-37.323,3.9184889793396,4.00368165969849,0.0740514025092125,0.144192412495613,1.07407999038696,1.23015403747559,2.31461524963379,3.01420331001282
E000370033,-72.424,-37.397,3.95334076881409,4.13271570205688,0.190912485122681,0.270283877849579,1.33299696445465,1.85592365264893,2.63052725791931,3.02435421943665
E000V00186,-72.83,-37.418,4.00325202941895,4.57390022277832,0.618821442127228,0.69183486700058,1.77936601638794,1.92378222942352,2.9487578868866,3.00590467453003
E000V00103,-73.33,-37.485,4.05863904953003,4.77264261245728,0.800794780254364,0.843019187450409,1.93180561065674,1.98036992549896,2.98297500610352,2.98921084403992
E000V00110,-71.875,-37.536,3.90480303764343,4.02480173110962,0.117065861821175,0.193938612937927,1.23644697666168,1.71789824962616,2.88359570503235,3.02898859977722
E000V00104,-73.462,-37.627,3.98547267913818,4.17702579498291,0.269479304552078,0.342020452022552,1.91309177875519,1.96610701084137,2.95566296577454,2.96229934692383
E000V00109,-72.007,-37.685,3.95082783699036,4.03134202957153,0.0855252370238304,0.123474426567554,1.87533605098724,1.94697570800781,3.00386095046997,3.02927470207214
E000V00116,-72.605,-37.726,3.92534828186035,4.1081657409668,0.196648344397545,0.273723095655441,1.84593415260315,1.92081642150879,2.98072719573975,3.03874254226685
E000V00101,-73.412,-37.892,3.84550595283508,4.16455316543579,0.427737534046173,0.586878061294556,1.82441127300262,1.89678680896759,2.85458874702454,2.86957907676697
E000V00102,-73.097,-37.95,3.90738081932068,4.06958961486816,0.173005282878876,0.24300380051136,1.81710600852966,1.82242274284363,2.3481650352478,2.36304998397827
E000V00112,-71.435,-38.057,3.22032165527344,4.01816558837891,0.164425298571587,0.215016975998878,1.93034470081329,1.96124744415283,3.00760889053345,3.0386266708374
E000V00114,-72.298,-38.146,3.96364498138428,4.93308782577515,0.963921189308167,0.991747438907623,2.923579454422,1.99680054187775,3.93037605285645,3.93517541885376
E000V00117,-72.273,-38.228,3.96364498138428,4.93308782577515,0.963921189308167,0.991747438907623,2.923579454422,1.99680054187775,3.93037605285645,3.93517541885376
E000V00113,-71.233,-38.25,3.9914083480835,4.00062036514282,0.991896629333496,0.993669152259827,1.99820530414581,1.99893510341644,3.00091099739075,3.00270342826843
E000V00188,-72.956,-38.207,3.90071320533752,4.01857042312622,0.0869143605232239,0.126439362764359,1.20542526245117,1.16445064544678,2.15515065193176,2.16248464584351
E000V00187,-71.75,-38.414,3.86399078369141,4.07300043106079,0.916215300559998,1.01764392852783,2.04085779190063,1.993971824646,3.0859100818634,3.11097431182861
E000V00121,-72.399,-38.435,3.23397946357727,3.99843645095825,0.406112790107727,0.997067749500275,2.0800199508667,1.96924877166748,3.01105570793152,3.09979796409607
E000V00129,-72.85,-38.446,3.22896862030029,3.99969291687012,0.29254937171936,0.470995038747787,1.9669109582901,1.45071196556091,2.4779646396637,2.5233416557312
E000V00126,-72.224,-38.675,3.64068174362183,4.47957944869995,1.44786477088928,1.67472016811371,2.61558079719543,2.57289028167725,3.56519842147827,3.65311932563782
E000V00115,-71.141,-38.732,3.1996283531189,4.04180145263672,0.914723455905914,0.360287129878998,2.00787758827209,1.98226094245911,3.07109045982361,3.74498248100281
E000380013,-72.46,-38.768,2.22547626495361,2.34922385215759,0.140681862831116,1.03908491134644,2.02132415771484,2.00464677810669,2.18635225296021,3.03087258338928
E000V00120,-71.683,-38.834,3.78800964355469,4.6066951751709,0.9332475066185,1.60358488559723,2.58391761779785,1.99900269508362,3.64636206626892,3.67938923835754
E000V00128,-72.787,-39.022,3.02774381637573,3.99104332923889,0.979759752750397,1.8324830532074,2.00185012817383,1.99331641197205,3.00089740753174,3.0110809803009
E000V00127,-72.252,-39.007,3.00246787071228,4.0010347366333,1.00065016746521,1.99659764766693,2.00174856185913,2.00019979476929,3.00183272361755,3.00238704681396
E000V00122,-72.922,-39.071,3.11327838897705,3.99336218833923,0.936273634433746,1.17410087585449,1.98550474643707,1.96831977367401,3.00448417663574,3.01784300804138
E000V00118,-72.615,-39.103,3.11544632911682,3.89377045631409,0.904300808906555,1.31783199310303,2.07613801956177,1.99450600147247,3.01604032516479,3.12900185585022
E000V00124,-73.133,-39.165,3.3015341758728,3.99187159538269,0.9503533244133,1.32487070560455,1.94140076637268,1.94117510318756,3.07784795761108,3.07269144058228
E000V00125,-72.261,-39.196,3.81566143035889,4.77091407775879,1.75395238399506,1.86877155303955,2.77443051338196,1.99342560768127,3.8012158870697,3.80905938148499
E000V00119,-71.868,-39.262,3.1563286781311,4.05381536483765,0.966589093208313,1.54506897926331,2.03823184967041,1.9753543138504,3.55373477935791,3.5700101852417
E000V00123,-71.926,-39.289,3.12183666229248,4.05870676040649,1.01888823509216,1.31768131256104,2.05510926246643,1.98755013942719,3.28773236274719,3.29724287986755
E000V00189,-72.55,-39.373,3.18892526626587,4.07027292251587,1.04397642612457,1.5693963766098,2.08608913421631,1.98222625255585,3.12370753288269,3.14409375190735
E000V00190,-73.177,-39.39,3.25749564170837,3.98925352096558,1.04343605041504,1.57829785346985,1.95189726352692,1.95853042602539,3.10639023780823,3.08138513565063
E000V00131,-72.95,-39.632,3.15984129905701,3.9952609539032,1.08774161338806,1.83248150348663,1.97953188419342,1.98016321659088,3.07702565193176,3.04769110679626
E000390006,-73.087,-39.657,3.15984129905701,3.9952609539032,1.08774161338806,1.83248150348663,1.97953188419342,1.98016321659088,3.07702565193176,3.04769110679626
E000V00130,-72.501,-39.863,3.14792966842651,4.00567531585693,1.02781462669373,1.70770561695099,1.98232781887054,1.95683312416077,3.08221864700317,3.06755709648132
E000V00191,-71.91,-39.88,3.15909433364868,3.99583411216736,0.492203950881958,0.601792633533478,1.91227638721466,1.43099665641785,3.09592390060425,3.08640670776367
E000V00132,-72.927,-40.096,3.72454261779785,3.99006128311157,1.66161859035492,1.80562674999237,1.96733546257019,1.97300374507904,3.21637940406799,3.08731603622437
E000V00134,-72.415,-40.134,3.25417804718018,3.98443961143494,1.11921525001526,1.2061595916748,1.90720796585083,1.90493357181549,3.16468262672424,3.097501039505
E000V00193,-73.647,-40.168,3.60081362724304,3.94062089920044,1.47669124603271,1.50647735595703,1.87591123580933,1.93690299987793,3.46710991859436,3.37339997291565
E000V00133,-73.024,-40.317,3.93033409118652,3.99540066719055,1.92532253265381,1.93813586235046,1.98702418804169,1.99046981334686,3.84664034843445,3.04832434654236
E000V00135,-72.979,-40.323,3.93033409118652,3.99540066719055,1.92532253265381,1.93813586235046,1.98702418804169,1.99046981334686,3.84664034843445,3.04832434654236
E000V00139,-73.308,-40.348,3.83510637283325,3.98585724830627,1.82187068462372,1.84716188907623,1.9658465385437,1.9784734249115,3.76056456565857,3.56840801239014
E000V00192,-72,-40.52,3.00567936897278,3.99918508529663,0.0151358665898442,0.0153325060382485,1.01139295101166,1.0112144947052,3.00347328186035,3.00287961959839
E000400009,-73.058,-40.614,3.56661224365234,3.98413038253784,1.85282588005066,1.83335053920746,1.96062791347504,1.97425901889801,3.51790022850037,3.19618320465088
E000V00194,-72.116,-40.623,3.00567936897278,3.99918508529663,0.0151358665898442,0.0153325060382485,1.01139295101166,1.0112144947052,3.00347328186035,3.00287961959839
E000V00136,-73.152,-40.765,3.82297897338867,3.98051571846008,1.91130781173706,1.84771311283112,1.96301913261414,1.9820818901062,3.82466888427734,3.78811120986938
E000V00138,-73.157,-40.861,3.82297897338867,3.98051571846008,1.91130781173706,1.84771311283112,1.96301913261414,1.9820818901062,3.82466888427734,3.78811120986938
E000V00195,-73.815,-40.873,3.79945993423462,3.96118974685669,1.82915341854095,1.7590457201004,1.9287713766098,1.96825861930847,3.79990005493164,3.76738834381104
E000V00137,-72.886,-40.957,3.81719446182251,3.95365285873413,1.87900817394257,1.38200378417969,1.92111766338348,1.96720552444458,3.81580948829651,3.78889393806458
E000V00142,-73.377,-41.115,3.42213749885559,3.93960690498352,1.83603978157043,1.37608253955841,1.89849019050598,1.96104741096497,3.77161359786987,3.73806023597717
E000V00197,-72.339,-41.142,3.81874918937683,3.94888830184937,1.64808714389801,0.917321979999542,1.77492797374725,1.82002103328705,3.66484880447388,3.64908719062805
E000V00143,-73.009,-41.259,3.99352169036865,3.9961268901825,1.99717688560486,1.99020385742188,1.9951399564743,1.99907004833221,3.99337577819824,3.99296259880066
E000V00196,-73.809,-41.359,3.21715402603149,3.94639086723328,1.88058972358704,1.7406587600708,1.90591323375702,1.96474611759186,3.82959461212158,3.8092041015625
E000410005,-73.096,-41.448,3.27830529212952,3.35491490364075,1.88331496715546,1.15000903606415,1.30045199394226,1.9538516998291,3.2395703792572,3.22596526145935
E000V00198,-72.275,-41.579,3.92494344711304,3.97008466720581,1.08334076404572,0.184872090816498,1.119961977005,1.14832198619843,3.07497072219849,3.06872057914734
E000V00144,-73.672,-41.71,3.51208996772766,3.77914762496948,1.70849716663361,1.11363255977631,1.51825153827667,1.83684778213501,3.36132383346558,3.27343249320984
E000V00140,-72.435,-41.938,3.63943243026733,3.75676965713501,1.45648336410522,0.647051692008972,1.28479731082916,1.67620491981506,3.10923433303833,3.08035182952881
E000V00141,-71.865,-42.075,3.46721196174622,3.6891930103302,1.17575585842133,0.74583488702774,1.36025023460388,1.58355891704559,3.06573081016541,3.03611969947815
E000V00151,-72.417,-42.1,3.63943243026733,3.75676965713501,1.45648336410522,0.647051692008972,1.28479731082916,1.67620491981506,3.10923433303833,3.08035182952881
E000V00149,-73.49,-42.157,3.92218112945557,3.74435472488403,1.93761920928955,0.759511053562164,1.0436224937439,1.95210373401642,3.01694130897522,2.9971661567688
E000V00199,-74.078,-42.285,3.9244532585144,3.92146873474121,1.94553780555725,0.118898212909698,1.04395318031311,1.13915014266968,3.01801037788391,2.17976808547974
E000V00201,-72.663,-42.355,3.84850168228149,3.86208987236023,1.80396926403046,0.241481900215149,1.06664729118347,1.87501657009125,3.00291681289673,2.9897129535675
E000V00147,-73.568,-42.404,3.84028434753418,3.19719576835632,1.89901721477509,0.210969343781471,1.04244112968445,1.91594696044922,3.00426602363586,2.97641038894653
E000V00148,-73.633,-42.583,3.5692925453186,3.29193305969238,1.86969470977783,0.263709992170334,1.06966555118561,1.83588123321533,3.01551365852356,2.92206430435181
E000V00146,-73.789,-42.704,3.060063123703,3.0467255115509,1.96864807605743,0.048946239054203,1.01080012321472,1.96715593338013,2.9989550113678,2.98770666122437
E000V00145,-72.717,-42.883,3.79298400878906,3.08920669555664,1.06836020946503,0.111100301146507,0.209191143512726,1.08526313304901,2.17174100875854,2.16418552398682
E000430002,-71.852,-43.189,2.23265051841736,2.24933075904846,0.217300102114677,0.0820947214961052,0.141485258936882,0.194008186459541,2.10430979728699,2.1003201007843
E000V00200,-74.295,-43.208,3.96935844421387,3.97374296188354,1.97459065914154,0.981414556503296,1.0075991153717,1.02964437007904,2.99755549430847,2.99303483963013
E000V00202,-72.85,-43.364,3.15937781333923,3.08416938781738,1.06220006942749,0.131830379366875,0.233164712786674,1.05737590789795,2.18742251396179,2.17860126495361
E000V00150,-72.126,-43.474,3.00144100189209,3.0095317363739,0.990102171897888,0.0856118053197861,0.144926831126213,0.237440854310989,2.11036682128906,2.10567235946655
E000430004,-71.801,-43.612,2.75677299499512,2.8106701374054,0.735047459602356,0.235715836286545,0.401699721813202,0.558015942573547,2.29199910163879,2.28042006492615
E000V00153,-73.74,-43.89,3.14563536643982,3.30935668945312,1.3545458316803,0.629984080791473,0.921855866909027,1.37727785110474,2.77265024185181,2.73121023178101
E000V00152,-72.387,-43.917,2.99746894836426,3.02760219573975,1.03451502323151,0.102656781673431,0.15497188270092,0.257894217967987,2.12333869934082,2.11807513237
E000V00154,-71.847,-44.24,2.91044473648071,3.05536770820618,1.07264840602875,0.415543466806412,0.704434216022491,1.01227521896362,2.47923159599304,2.4592113494873
E000V00203,-73.097,-44.729,2.0778706073761,2.98992657661438,1.91434526443481,0.941760241985321,0.0734641999006271,1.02158546447754,2.94668292999268,2.94427347183228
E000450001,-72.677,-45.399,2.07310724258423,2.11077332496643,1.04232132434845,0.0688670352101326,0.119102492928505,1.03571748733521,2.0658392906189,2.06325221061707
E000450004,-72.102,-45.591,2.07845616340637,2.15066266059875,1.08592510223389,0.0587645024061203,0.926705956459045,1.03361976146698,2.05948328971863,2.056804895401
E000450005,-71.678,-45.918,2.03938317298889,2.84896087646484,1.88600039482117,0.0312942750751972,0.878728270530701,1.02071869373322,2.03029203414917,2.02878713607788
E000V00157,-71.941,-46.278,2.01512908935547,2.03720498085022,1.9483677148819,0.0131333442404866,0.0460586063563824,1.00903713703156,2.01186275482178,2.01125311851501
E000V00205,-74.778,-46.355,2.03951334953308,2.04918622970581,1.95040595531464,0.0343247875571251,0.0521294847130775,1.02586793899536,2.03120088577271,2.02944231033325
E000V00204,-73.336,-46.569,2.03943586349487,2.05306911468506,1.01654314994812,0.940210938453674,0.963172554969788,1.92938470840454,2.03193855285645,2.03023171424866
E000460001,-71.685,-46.585,2.03141260147095,2.06542277336121,1.13448679447174,0.0269896220415831,0.0759590864181519,1.01891219615936,2.02475905418396,2.02341818809509
E000470001,-72.583,-47.244,2.01761388778687,2.02434110641479,1.00751686096191,0.0196711905300617,0.0321915708482265,1.01478409767151,2.01439881324768,2.01350879669189
E000V00156,-73.536,-47.8,2.00835299491882,2.01076507568359,1.00123250484467,0.00959207955747843,0.0145802143961191,1.0070812702179,2.00693726539612,2.0064697265625
E000V00155,-72.56,-48.471,2.00724697113037,2.00940823554993,0.99926894903183,0.00797504186630249,0.0131042134016752,1.00478065013885,2.00647711753845,2.00591516494751
E000V00206,-73.941,-48.958,2.00697731971741,2.00868535041809,0.997902512550354,0.00820151064544916,0.0131680415943265,1.00416386127472,2.00620555877686,2.00562477111816
E000V00207,-73.57,-51.07,1.05714583396912,1.03139925003052,0.0171788390725851,0.010182130150497,0.0165200233459473,0.0281151477247477,1.06036627292633,1.05909323692322
E000V00158,-72.967,-51.184,1.98626899719238,1.01662254333496,0.00890043936669827,0.00559288961812854,0.00908825546503067,0.0157053060829639,1.98968017101288,1.98877680301666
E000V00159,-71.164,-52.309,1.01948046684265,1.01955485343933,0.0115699302405119,0.00892121903598309,0.0145068513229489,0.0787801146507263,2.00095129013062,1.98853743076324
E000V00161,-70.361,-52.432,1.02484321594238,1.00895738601685,0.0159236844629049,0.0131526309996843,0.0213796459138393,0.0688041597604752,1.99253916740417,1.08923029899597
E000V00160,-71.505,-52.601,1.01604270935059,1.01767873764038,0.010375339537859,0.00810456275939941,0.0131585355848074,0.927096605300903,1.99929213523865,1.9917995929718
E000V00162,-69.27,-52.8,1.00361609458923,1.00411307811737,0.00264846091158688,0.00233362568542361,0.00378794106654823,0.00932169612497091,1.01287126541138,1.0106086730957
E000520006,-70.839,-53.002,1.07506191730499,0.841290056705475,0.0809861570596695,0.0677889212965965,0.109898947179317,0.621031403541565,1.94424796104431,1.76531398296356
E000530005,-70.326,-53.254,1.00521802902222,0.0430213697254658,0.00506696570664644,0.00439456617459655,0.00711782369762659,0.983171820640564,1.99589836597443,1.9874484539032
E000V00208,-71.38,-53.8,0.085544154047966,1.02172827720642,0.0138498125597835,0.0119326375424862,0.0192738529294729,0.0498602390289307,1.0656327009201,1.05979144573212
E000V00163,-68.804,-54.051,0.0230982732027769,1.00780391693115,0.00397512642666698,0.00378022459335625,0.00609970465302467,0.997311770915985,2.0018355846405,2.00057172775269
E000550001,-67.616,-54.932,1.01577293872833,1.02458763122559,0.0104555729776621,0.0106831584125757,0.0171500723809004,1.00345098972321,2.97937440872192,2.97764348983765
