Estacion,Lat,Lon,meses:1,3,6,9,12,24,36,48
E000V00003,-69.478,-17.595,0.231547459959984,0.225442945957184,0.257494330406189,0.131914794445038,0.213676571846008,0.461788505315781,0.353304177522659,0.310825228691101
E000V00002,-69.554,-18.197,0.00752690900117159,0.00664896611124277,0.00741944927722216,0.00407030619680882,0.00732085574418306,0.0177726335823536,0.0121494689956307,0.00857897102832794
E000180005,-70.34,-18.356,0.21356774866581,0.187293872237206,0.213415458798409,0.113637328147888,0.202782958745956,0.418635994195938,0.306540310382843,0.251051664352417
E000V00001,-69.857,-19.011,0.0235507190227509,0.0151909487321973,0.016576187685132,0.00975528359413147,0.0237293653190136,0.0547004081308842,0.0339698903262615,0.018205801025033
E000V00006,-68.638,-19.276,0.0257043819874525,0.0217216704040766,0.02218122407794,0.0140373911708593,0.0275475531816483,1.88013625144958,0.94797545671463,0.0233199391514063
E000V00005,-69.427,-19.313,0.0252251382917166,0.0138811143115163,0.0147469099611044,0.00906476005911827,0.0258450694382191,0.0655161589384079,0.0382567793130875,0.0156931467354298
E000V00007,-69.767,-19.996,0.996612071990967,0.000662166741676629,0.000685823964886367,0.000457060261396691,0.996662616729736,1.99318945407867,0.996811389923096,0.000673473463393748
E000V00004,-70.117,-20.25,0.119310662150383,0.0258160829544067,0.0271959491074085,0.0182710848748684,0.120859019458294,0.231092423200607,0.123888768255711,0.0262025147676468
E000V00008,-69.342,-20.501,0.038128986954689,0.0276280678808689,0.0254691615700722,0.0191460754722357,0.0428617373108864,0.0695683285593987,0.0405632331967354,0.0224879384040833
E000200006,-70.181,-20.549,0.218232855200768,0.120041988790035,0.129245221614838,0.0870630890130997,0.222855374217033,0.385059207677841,0.231429517269135,0.122902065515518
E000V00011,-68.255,-21.224,0.999294281005859,1.99576306343079,0.999400973320007,0.998804807662964,1.99617826938629,1.99647307395935,0.998793423175812,0.998517572879791
E000V00013,-70.2,-22.091,0.904989778995514,0.63663387298584,0.70457649230957,0.559738039970398,0.721983850002289,1.07697033882141,0.559333562850952,0.482799530029297
E000V00014,-69.666,-22.35,1.01989901065826,0.134030073881149,0.141190111637115,0.125680044293404,0.147828623652458,1.01966273784637,0.0829749628901482,0.0591861344873905
E000220002,-68.892,-22.498,1.91541481018066,1.90270960330963,1.90629196166992,1.89584565162659,1.92301774024963,0.179560139775276,0.092606708407402,0.0541560389101505
E000V00009,-69.32,-22.892,1.87972438335419,1.8704731464386,1.88348662853241,1.86840951442719,1.90237092971802,1.85797774791718,0.940841257572174,0.083058699965477
E000V00012,-68.213,-22.932,1.95410513877869,1.95975625514984,1.96271622180939,1.95675849914551,2.92313623428345,1.95630955696106,0.985011339187622,0.981609046459198
E000230001,-70.445,-23.454,0.7458336353302,0.736165285110474,1.0293949842453,0.810750126838684,1.08699011802673,1.35722208023071,1.01511001586914,0.966421484947205
E000V00166,-67.44,-23.6,0.0748394578695297,0.085739977657795,0.0930721387267113,0.0791214108467102,1.03466176986694,0.101095788180828,0.066949725151062,0.0678672045469284
E000V00165,-68.57,-23.94,0.986400425434113,1.929354429245,1.94066762924194,1.9331876039505,1.9590790271759,1.95757639408112,0.994075000286102,0.992552280426025
E000V00164,-69.69,-24.51,0.0151198608800769,0.0165527928620577,0.994456112384796,0.995194613933563,1.97586262226105,1.98432779312134,1.96867978572845,1.96799993515015
E000V00167,-69.3,-25,0.0103079816326499,0.0107489721849561,0.0221842862665653,0.991046011447906,1.97376048564911,1.9838262796402,1.00093173980713,1.00062084197998
E000V00010,-70.484,-25.411,0.0255493633449078,0.0243065003305674,1.92137479782104,1.89435458183289,1.92241752147675,1.96914958953857,1.94114017486572,1.92891979217529
E000V00168,-69.27,-25.7,0.0175741277635098,0.00981219951063395,0.0211283396929502,0.0171305164694786,0.0283191073685884,1.00446891784668,0.0288994032889605,0.0271817520260811
E000V00169,-68.99,-26.25,0.999249577522278,0.000338461046339944,0.000659772369544953,0.000400464166887105,0.000634457916021347,0.00126881978940219,0.000817640742752701,0.000783112656790763
E000V00016,-70.611,-26.332,0.0672702267765999,0.0502733886241913,0.994698643684387,0.113949671387672,0.977931439876556,2.66831755638123,1.7932323217392,0.94669109582901
E000V00017,-70.046,-26.391,0.0675499588251114,0.0408390760421753,0.965952336788177,0.0768096223473549,0.953839719295502,1.88703739643097,0.99729335308075,0.135604202747345
E000V00170,-69.33,-27.07,0.0567007958889008,0.0366804227232933,0.0750712379813194,0.044284962117672,0.0625769570469856,0.117673210799694,0.0931503102183342,0.0911778137087822
E000270008,-70.781,-27.254,0.0141740702092648,0.00376142072491348,0.998438835144043,1.97895610332489,0.996076047420502,0.0141473449766636,0.0116796381771564,0.0115877604112029
E000270009,-70.353,-27.359,1.55896866321564,0.066099651157856,0.945757329463959,0.929680705070496,0.920561730861664,0.276244461536407,0.216267645359039,0.205328404903412
E000V00171,-69.81,-27.98,0.0226099863648415,0.0175617076456547,0.032653771340847,0.972808301448822,0.975545823574066,1.95671427249908,0.999562203884125,1.00452399253845
E000V00019,-71.225,-28.463,0.00926012173295021,0.0108642047271132,0.993395149707794,0.00675485841929913,0.00795294810086489,1.98508203029633,1.00939404964447,1.99027919769287
E000V00018,-70.449,-28.768,0.014720406383276,0.0169693920761347,0.0290495995432138,0.0106137236580253,0.0132873859256506,1.96227324008942,1.95953130722046,1.96945261955261
E000V00015,-70,-28.976,0.00294905481860042,0.00369253661483526,0.00534343626350164,0.00189951225183904,0.00252425530925393,0.0129016675055027,0.0131075568497181,0.0146020278334618
E000V00021,-71.116,-29.372,0.119091100990772,0.143728479743004,0.231673032045364,0.0507840737700462,0.0874656215310097,1.81101441383362,1.82234764099121,1.9062614440918
E000290004,-71.207,-29.914,0.067940965294838,0.0776738896965981,0.119486317038536,0.0178428757935762,0.0477687120437622,1.17113149166107,1.19627201557159,1.24435341358185
E000V00022,-70.721,-30.031,0.964417636394501,0.0187512692064047,0.97684246301651,0.00442660134285688,0.959660649299622,1.97746133804321,1.98344051837921,1.99438035488129
E000V00020,-71.082,-30.234,0.0820867419242859,0.071700282394886,0.131607696413994,0.0151337757706642,0.0637676119804382,1.91375267505646,1.93942356109619,2.00077366828918
E000V00172,-71.72,-30.38,0.360386669635773,0.630334854125977,0.773764848709106,0.120728097856045,0.192169085144997,1.5093115568161,1.75713205337524,2.16298389434814
E000V00027,-70.937,-30.746,0.0354384779930115,0.0631076246500015,0.0931663140654564,0.0115359500050545,0.0205113831907511,1.95482897758484,1.98178708553314,2.91691017150879
E000V00028,-71.256,-30.838,0.0596902742981911,0.109995931386948,0.152245804667473,0.0197821762412786,0.0331553965806961,1.91763556003571,1.96759080886841,2.85598492622375
E000V00026,-70.999,-31.188,0.043426189571619,0.108660213649273,0.982029795646667,0.0177167467772961,0.0245206914842129,1.93379390239716,1.98600673675537,2.90108299255371
E000V00024,-71.413,-31.39,0.168049231171608,0.431449472904205,0.506240844726562,0.0605938509106636,0.0857212245464325,1.24710249900818,1.94916915893555,2.1624641418457
E000V00023,-71.152,-31.633,0.207353711128235,0.906988501548767,1.07439982891083,0.0906431153416634,0.120855130255222,1.70709872245789,1.96034228801727,2.50290441513062
E000V00025,-70.97,-31.783,0.0379399210214615,0.140452399849892,1.02397620677948,0.0246728137135506,0.0297261755913496,1.95082521438599,1.99732613563538,2.05828309059143
E000320019,-70.707,-32.076,0.171472668647766,1.05671691894531,1.7312628030777,1.28981530666351,1.30704820156097,1.78699624538422,2.59152698516846,2.01980471611023
E000V00035,-70.926,-32.251,0.215723216533661,1.11436128616333,1.13536620140076,0.0823228433728218,0.107631355524063,1.72203314304352,1.98805093765259,2.03345966339111
E000V00174,-70.464,-32.343,0.753135800361633,1.68975746631622,1.74129366874695,0.173546865582466,0.193824291229248,1.16366851329803,2.00476670265198,1.47496366500854
E000V00033,-70.819,-32.362,0.517755031585693,1.21327376365662,1.34096872806549,0.341846853494644,0.368625640869141,1.37134909629822,2.0796492099762,1.97461807727814
E000V00034,-71.441,-32.505,0.743654787540436,1.63324522972107,1.56967842578888,0.224020630121231,0.393284946680069,1.39917588233948,1.90031945705414,2.35951948165894
E000V00175,-71.014,-32.54,0.129455611109734,1.10655796527863,1.08761715888977,0.0241762846708298,0.0488188117742538,1.05223774909973,1.97645473480225,2.02997398376465
E000V00041,-70.725,-32.594,0.416936606168747,1.62799942493439,1.24288940429688,0.0674384459853172,0.0993077307939529,0.745346784591675,1.59037184715271,1.67287123203278
E000V00176,-70.368,-32.618,0.483800202608109,1.43894517421722,1.4221818447113,0.089859664440155,0.11947226524353,1.39785373210907,1.91046619415283,1.89754235744476
E000V00040,-70.809,-32.757,0.823740065097809,1.88713133335114,1.78977918624878,0.0296270567923784,0.0564751029014587,0.978177011013031,1.88928282260895,2.58153772354126
E000V00031,-71.526,-32.789,0.878130853176117,1.82913386821747,1.71939933300018,0.397160321474075,0.568664610385895,1.55584919452667,1.93761491775513,2.57307291030884
E000V00037,-71.173,-32.79,0.930936396121979,1.91581320762634,1.77833867073059,0.0662866234779358,0.708435773849487,1.70299422740936,1.97444152832031,2.70951199531555
E000320028,-71.227,-32.828,0.930936396121979,1.91581320762634,1.77833867073059,0.0662866234779358,0.708435773849487,1.70299422740936,1.97444152832031,2.70951199531555
E000V00032,-70.382,-32.89,0.773259520530701,1.79322171211243,1.72142934799194,0.0556640550494194,0.0879355147480965,1.07330203056335,1.87747037410736,2.0159637928009
E000V00036,-71.207,-32.893,0.99631279706955,1.99543857574463,1.02703380584717,0.00968635361641645,0.0185768250375986,1.01790940761566,1.99802207946777,2.02072238922119
E000V00030,-71.517,-32.917,0.963853180408478,1.94915318489075,1.89097666740417,0.738909602165222,0.79271936416626,1.78455412387848,1.97613918781281,2.82896065711975
E000V00042,-71.261,-32.994,0.99631279706955,1.99543857574463,1.02703380584717,0.00968635361641645,0.0185768250375986,1.01790940761566,1.99802207946777,2.02072238922119
E000330002,-71.648,-33.023,0.894616842269897,1.8350293636322,1.78947019577026,0.45838338136673,0.579636037349701,1.55099821090698,1.9177622795105,2.611168384552
E000330007,-71.556,-33.065,0.963853180408478,1.94915318489075,1.89097666740417,0.738909602165222,0.79271936416626,1.78455412387848,1.97613918781281,2.82896065711975
E000V00029,-71.4,-33.083,0.963853180408478,1.94915318489075,1.89097666740417,0.738909602165222,0.79271936416626,1.78455412387848,1.97613918781281,2.82896065711975
E000V00051,-70.834,-33.121,0.662886202335358,1.66938388347626,1.73037874698639,0.0565486773848534,0.104938007891178,1.07670772075653,1.90314483642578,2.1103515625
E000V00050,-70.66,-33.147,0.802868485450745,1.8223123550415,1.54886937141418,0.034322340041399,0.0555443987250328,1.03644466400146,1.90387153625488,2.0204541683197
E000V00177,-71.46,-33.23,0.976359605789185,1.96637380123138,1.94839704036713,0.107027620077133,0.162202179431915,1.15399098396301,1.98092401027679,2.89348220825195
E000V00178,-71.155,-33.287,0.922601878643036,1.90267813205719,1.8084933757782,0.14687617123127,0.220232784748077,1.19809210300446,1.9462982416153,2.59818816184998
E000V00046,-70.502,-33.353,0.597979784011841,1.89049088954926,1.75007665157318,0.0337775163352489,0.0505107007920742,1.02920722961426,1.83002078533173,1.72085905075073
E000330021,-70.787,-33.378,0.984608113765717,1.98636078834534,1.0822479724884,0.00536642037332058,0.00769785791635513,1.00336968898773,1.97013533115387,2.00152802467346
E000V00043,-70.733,-33.42,0.984608113765717,1.98636078834534,1.0822479724884,0.00536642037332058,0.00769785791635513,1.00336968898773,1.97013533115387,2.00152802467346
E000V00055,-71.026,-33.439,0.939735472202301,1.93151843547821,1.81878745555878,0.0366611443459988,0.0566505156457424,1.03435373306274,1.94482254981995,2.06486535072327
E000V00038,-71.624,-33.439,0.940446257591248,1.91429209709167,1.90087008476257,0.166310086846352,0.685131430625916,1.65703344345093,1.94456136226654,2.72470092773438
E000330020,-70.683,-33.445,0.984608113765717,1.98636078834534,1.0822479724884,0.00536642037332058,0.00769785791635513,1.00336968898773,1.97013533115387,2.00152802467346
E000330019,-70.549,-33.455,0.902490556240082,1.95474970340729,1.85362327098846,0.0154237169772387,0.021166393533349,1.00660443305969,1.30445611476898,1.94943487644196
E000V00044,-70.7,-33.467,0.984608113765717,1.98636078834534,1.0822479724884,0.00536642037332058,0.00769785791635513,1.00336968898773,1.97013533115387,2.00152802467346
E000V00047,-70.766,-33.517,0.984608113765717,1.98636078834534,1.0822479724884,0.00536642037332058,0.00769785791635513,1.00336968898773,1.97013533115387,2.00152802467346
E000V00039,-71.596,-33.543,0.940446257591248,1.91429209709167,1.90087008476257,0.166310086846352,0.685131430625916,1.65703344345093,1.94456136226654,2.72470092773438
E000V00045,-70.548,-33.545,0.902490556240082,1.95474970340729,1.85362327098846,0.0154237169772387,0.021166393533349,1.00660443305969,1.30445611476898,1.94943487644196
E000V00058,-70.902,-33.608,0.939735472202301,1.93151843547821,1.81878745555878,0.0366611443459988,0.0566505156457424,1.03435373306274,1.94482254981995,2.06486535072327
E000V00048,-70.567,-33.617,0.902490556240082,1.95474970340729,1.85362327098846,0.0154237169772387,0.021166393533349,1.00660443305969,1.30445611476898,1.94943487644196
E000330031,-78.833,-33.636,1.0057692527771,1.07121646404266,1.31850039958954,0.30463120341301,0.366921126842499,1.11345160007477,1.41584730148315,1.99806892871857
E000330030,-71.613,-33.656,0.898530602455139,1.85351848602295,1.86547839641571,0.317064762115479,0.479555130004883,1.42081570625305,1.89774417877197,2.46916437149048
E000V00049,-70.089,-33.676,0.788289248943329,1.76160931587219,1.84943175315857,0.0527926869690418,0.0675541311502457,0.99228036403656,1.86198246479034,1.98903179168701
E000V00057,-71.101,-33.692,0.875749588012695,1.8540655374527,1.82415223121643,0.0750047191977501,0.10115659236908,1.03393721580505,1.90052819252014,2.05914354324341
E000V00052,-70.707,-33.707,0.904335081577301,1.89803814888,1.8623788356781,0.0376422517001629,0.0469073504209518,1.00638425350189,1.89825963973999,2.01087093353271
E000V00053,-70.639,-33.862,0.904335081577301,1.89803814888,1.8623788356781,0.0376422517001629,0.0469073504209518,1.00638425350189,1.89825963973999,2.01087093353271
E000V00179,-70.22,-33.878,0.413345485925674,1.38421034812927,1.80744194984436,0.0799563825130463,0.095518983900547,0.893111407756805,1.75737261772156,1.97196745872498
E000V00056,-71.394,-33.941,0.87011981010437,1.81275165081024,1.85897517204285,0.115377813577652,0.167654499411583,1.0838497877121,1.86063432693481,2.16152048110962
E000V00068,-71.825,-33.959,0.902229785919189,1.85597455501556,1.90020048618317,0.0792258679866791,0.120256714522839,1.06819915771484,1.88576483726501,2.09645795822144
E000V00064,-70.717,-33.983,0.162638694047928,1.15557289123535,1.96113574504852,0.0669014006853104,0.0712905526161194,0.995627284049988,1.96193385124207,2.00390219688416
E000V00054,-70.995,-34.029,0.955850780010223,1.94948101043701,1.97456157207489,0.0290811862796545,0.0331174992024899,1.00175476074219,1.97808122634888,2.00946402549744
E000V00059,-70.772,-34.169,0.194862678647041,1.18036592006683,1.94286680221558,0.754619419574738,0.761057019233704,0.979809165000916,1.93331336975098,1.99844300746918
E000V00180,-70.402,-34.203,0.343752831220627,1.31488251686096,1.81033158302307,0.179726660251617,0.194983914494514,0.56981372833252,1.46251964569092,1.96181166172028
E000V00061,-70.997,-34.215,0.92339289188385,1.9147390127182,1.97469711303711,0.0644052550196648,0.067426398396492,0.995724022388458,1.97211790084839,2.00644683837891
E000V00062,-71.3,-34.217,0.905005216598511,1.8702996969223,1.91818177700043,0.0654486790299416,0.0760495886206627,0.995511114597321,1.90920233726501,2.65831112861633
E000V00060,-70.948,-34.261,0.92339289188385,1.9147390127182,1.97469711303711,0.0644052550196648,0.067426398396492,0.995724022388458,1.97211790084839,2.00644683837891
E000V00066,-70.812,-34.279,0.194862678647041,1.18036592006683,1.94286680221558,0.754619419574738,0.761057019233704,0.979809165000916,1.93331336975098,1.99844300746918
E000V00065,-70.834,-34.322,0.194862678647041,1.18036592006683,1.94286680221558,0.754619419574738,0.761057019233704,0.979809165000916,1.93331336975098,1.99844300746918
E000V00067,-72.019,-34.394,0.225868061184883,1.14916670322418,1.83391070365906,0.0536783896386623,0.0730982571840286,0.980667173862457,1.17866945266724,2.01950907707214
E000V00063,-70.21,-34.411,0.802566230297089,1.78196704387665,0.726851463317871,0.0818553492426872,0.0985569953918457,0.361198097467422,1.26226341724396,1.4075003862381
E000V00071,-71.463,-34.485,0.930501163005829,1.88386118412018,1.9105316400528,0.0249773096293211,0.0283483657985926,0.989083170890808,1.89289033412933,2.007319688797
E000V00069,-71.898,-34.645,0.185049191117287,1.10596811771393,1.77157986164093,0.0469626225531101,0.0638199597597122,0.913244605064392,1.13425862789154,2.00528216362
E000V00072,-71.4,-34.691,0.564895033836365,1.16114366054535,1.26323628425598,0.0955907627940178,0.0893862470984459,0.907280087471008,1.18601810932159,1.96863555908203
E000V00070,-71.63,-34.714,0.266216784715652,1.14729034900665,1.40847516059875,0.0673844665288925,0.0805942788720131,0.872816920280457,1.18073999881744,1.99733972549438
E000340044,-71.02,-34.721,0.0800587609410286,1.0449857711792,1.07227253913879,0.89693546295166,0.900343179702759,0.103143073618412,0.194080516695976,1.12287926673889
E000V00181,-70.52,-34.781,0.064772829413414,1.94935512542725,1.95866870880127,0.023750202730298,0.0322698801755905,0.983677268028259,1.95520460605621,1.98765087127686
E000V00086,-72.026,-34.855,0.185049191117287,1.10596811771393,1.77157986164093,0.0469626225531101,0.0638199597597122,0.913244605064392,1.13425862789154,2.00528216362
E000V00084,-71.125,-34.96,0.520405650138855,1.19928550720215,1.36645090579987,0.240813091397285,0.299431383609772,0.512976348400116,1.18179428577423,1.79969763755798
E000V00083,-71.832,-34.968,0.201477199792862,1.09557092189789,1.20115113258362,0.0573982335627079,0.0722078010439873,0.380953162908554,1.1382805109024,1.98844063282013
E000340031,-71.217,-34.969,0.0972006767988205,0.291395276784897,1.07019734382629,0.793203353881836,0.0451774895191193,0.131222039461136,0.297691464424133,1.22323369979858
E000V00085,-70.811,-35,1.61670410633087,1.84117829799652,1.88418340682983,0.0643538236618042,0.817210614681244,0.945623397827148,1.84478175640106,1.95077300071716
E000V00076,-71.956,-35.128,0.331154942512512,1.16589546203613,1.26329433917999,0.0752811208367348,0.140959247946739,0.542498826980591,1.25447750091553,1.99505221843719
E000V00182,-70.83,-35.398,0.333481341600418,1.22314512729645,1.71120345592499,0.151798292994499,0.200364962220192,0.9126837849617,1.20646452903748,1.4005434513092
E000V00079,-71.467,-35.419,0.819463729858398,1.21579360961914,1.23396122455597,0.0627953559160233,0.208684980869293,1.09195280075073,1.83193564414978,2.08651208877563
E000V00078,-71.7,-35.533,0.203111678361893,1.08883357048035,1.10517108440399,0.0346952974796295,0.0820018649101257,1.00892627239227,1.8876690864563,2.00603008270264
E000V00074,-71.454,-35.663,0.884615540504456,1.53542375564575,1.52882432937622,0.0705376341938972,0.520948648452759,1.4054126739502,1.827108502388,2.37045001983643
E000V00077,-72.082,-35.672,0.883202254772186,1.66299653053284,1.68407905101776,0.0855406448245049,0.644809246063232,1.49476909637451,1.76114749908447,1.99148309230804
E000V00080,-71.062,-35.699,0.196010291576385,1.7840518951416,1.13285231590271,0.743242025375366,0.775988698005676,0.313752323389053,1.11902141571045,1.23598575592041
E000V00081,-72.511,-35.707,0.0908172279596329,1.04196298122406,1.04901993274689,0.017155634239316,0.0335636623203754,0.105668902397156,1.04932725429535,1.99918293952942
E000V00075,-71.631,-35.753,0.814567983150482,1.23931586742401,1.24728715419769,0.0840027257800102,0.219847425818443,1.08505964279175,1.77880525588989,2.01696586608887
E000V00082,-72.587,-35.836,0.0908172279596329,1.04196298122406,1.04901993274689,0.017155634239316,0.0335636623203754,0.105668902397156,1.04932725429535,1.99918293952942
E000V00183,-71.05,-36.06,0.188601553440094,1.1281932592392,1.09741580486298,0.0952341929078102,0.120581515133381,0.9646075963974,1.09502470493317,1.20114231109619
E000V00087,-72.783,-36.133,1.45861208438873,1.74970030784607,1.63288128376007,0.102534145116806,0.180489346385002,1.41929268836975,1.77364063262939,2.00038027763367
E000V00073,-71.548,-36.257,0.993137836456299,1.90953993797302,1.04335522651672,0.0410024113953114,0.0628864541649818,1.00398075580597,1.04706299304962,1.95115113258362
E000V00091,-71.9,-36.292,1.07704925537109,1.76562082767487,1.74234139919281,0.204604953527451,0.771132826805115,1.59046697616577,1.7393251657486,1.95585954189301
E000V00090,-72.64,-36.43,1.12137937545776,1.89270162582397,1.19340777397156,0.0716575384140015,0.12481939047575,1.06499063968658,1.90134704113007,2.00161671638489
E000V00088,-72.699,-36.492,1.12137937545776,1.89270162582397,1.19340777397156,0.0716575384140015,0.12481939047575,1.06499063968658,1.90134704113007,2.00161671638489
E000V00092,-71.549,-36.56,1.02254629135132,1.19224047660828,0.448341369628906,0.119587726891041,0.148829102516174,0.383102864027023,0.448460698127747,0.62442147731781
E000360011,-72.037,-36.586,1.64132952690125,1.81433498859406,1.7881692647934,1.2369430065155,1.33811068534851,1.65175032615662,1.75226509571075,1.9440940618515
E000V00089,-72.603,-36.625,1.6124724149704,1.6810644865036,1.73334920406342,0.374891251325607,0.450704455375671,1.24499154090881,1.66231298446655,2.03723931312561
E000V00099,-72.965,-36.672,1.01583778858185,1.01425957679749,1.98689067363739,0.0114281140267849,0.977689027786255,1.01040542125702,1.02097225189209,2.00103282928467
E000V00096,-72.704,-36.697,1.71480965614319,1.74885237216949,1.87823045253754,0.631139993667603,0.768934547901154,1.60869216918945,1.77277266979218,2.00977325439453
E000V00098,-72.983,-36.733,1.01583778858185,1.01425957679749,1.98689067363739,0.0114281140267849,0.977689027786255,1.01040542125702,1.02097225189209,2.00103282928467
E000360019,-73.066,-36.781,1.01583778858185,1.01425957679749,1.98689067363739,0.0114281140267849,0.977689027786255,1.01040542125702,1.02097225189209,2.00103282928467
E000V00184,-71.5,-36.88,1.11599576473236,1.68528187274933,1.30769968032837,0.773480296134949,0.780247747898102,1.47052478790283,1.59084057807922,1.91948485374451
E000V00093,-72.099,-36.977,1.82248818874359,1.81437075138092,1.46110534667969,0.824823558330536,0.446964085102081,0.666857063770294,0.743554770946503,1.59893321990967
E000V00095,-73.14,-37.005,1.28617107868195,0.940597772598267,1.76259052753448,0.151924446225166,0.453175693750381,1.2559996843338,1.34451949596405,2.03186535835266
E000V00106,-72.403,-37.035,1.773796916008,1.67134690284729,1.83605122566223,0.66142064332962,0.713429570198059,1.50563883781433,1.65570187568665,2.44343638420105
E000V00097,-73.155,-37.092,1.28617107868195,0.940597772598267,1.76259052753448,0.151924446225166,0.453175693750381,1.2559996843338,1.34451949596405,2.03186535835266
E000V00105,-71.245,-37.111,0.53642475605011,1.22068953514099,1.72120952606201,0.801601469516754,0.810527265071869,1.09136819839478,1.18242537975311,1.94115591049194
E000V00094,-72.012,-37.141,1.91349077224731,1.87697517871857,1.90223848819733,0.865863382816315,0.855843663215637,1.00885438919067,1.04788863658905,1.98047685623169
E000V00108,-72.946,-37.167,1.26931345462799,0.50153648853302,1.8737473487854,0.0944572389125824,0.164410471916199,1.2086865901947,1.24279963970184,2.03032875061035
E000V00107,-72.328,-37.213,1.8718945980072,1.31491267681122,1.86039793491364,0.322812676429749,0.37277027964592,0.642767190933228,1.17129707336426,2.02168464660645
E000V00111,-71.949,-37.293,1.91349077224731,1.87697517871857,1.90223848819733,0.865863382816315,0.855843663215637,1.00885438919067,1.04788863658905,1.98047685623169
E000V00100,-73.437,-37.305,1.16157960891724,0.261621177196503,1.88827562332153,0.0463648475706577,0.0792374908924103,1.80917906761169,1.80293750762939,2.01555132865906
E000V00185,-71.566,-37.323,1.66695928573608,1.74430596828461,1.81248104572296,0.818463087081909,0.817863166332245,1.0567786693573,1.67558491230011,1.97223925590515
E000370033,-72.424,-37.397,1.8068927526474,1.45510268211365,1.80036818981171,0.532940864562988,0.922855615615845,1.55899214744568,1.61333155632019,2.11968779563904
E000V00186,-72.83,-37.418,1.79016661643982,1.04088962078094,1.82505106925964,0.157625257968903,0.228512287139893,1.65474224090576,1.68436121940613,2.10943746566772
E000V00103,-73.33,-37.485,1.82517302036285,0.86685574054718,1.84524202346802,0.050360631197691,0.0742187798023224,1.77115881443024,1.72210383415222,2.03148794174194
E000V00110,-71.875,-37.536,1.77692818641663,1.69738590717316,1.7949595451355,0.35349515080452,0.3492571413517,1.09626591205597,1.18120634555817,1.98891413211823
E000V00104,-73.462,-37.627,1.78371047973633,0.396368324756622,1.29847192764282,0.0807099789381027,0.104403175413609,1.21905517578125,0.711332440376282,2.06403422355652
E000V00109,-72.007,-37.685,1.90782403945923,1.79648530483246,1.86826026439667,0.0917641371488571,0.0946393609046936,1.75882816314697,1.03391396999359,2.00551342964172
E000V00116,-72.605,-37.726,1.83003854751587,1.02141010761261,1.73538613319397,0.157331168651581,0.206036761403084,1.63674473762512,1.60861551761627,2.5341784954071
E000V00101,-73.412,-37.892,1.58039724826813,0.700490236282349,1.43606746196747,0.18144579231739,0.215091869235039,1.3001856803894,1.20433843135834,2.16994476318359
E000V00102,-73.097,-37.95,1.71350193023682,0.788973748683929,1.65585041046143,0.0854648649692535,0.0993545204401016,1.59841406345367,1.58111703395844,2.54901647567749
E000V00112,-71.435,-38.057,1.11910247802734,0.960816442966461,1.77794349193573,0.788486123085022,0.0861517414450645,1.02156412601471,1.72475337982178,1.99545335769653
E000V00114,-72.298,-38.146,1.97481465339661,0.0463445521891117,0.0909002795815468,0.020173717290163,0.0196971110999584,0.995936572551727,0.0623425208032131,1.99126756191254
E000V00117,-72.273,-38.228,1.97481465339661,0.0463445521891117,0.0909002795815468,0.020173717290163,0.0196971110999584,0.995936572551727,0.0623425208032131,1.99126756191254
E000V00113,-71.233,-38.25,1.00397622585297,0.0126871364191175,1.00588202476501,0.00725074810907245,0.00325318751856685,0.999661564826965,1.00374341011047,1.99907445907593
E000V00188,-72.956,-38.207,1.11328303813934,0.136705592274666,1.07324695587158,0.0444011203944683,0.0474659353494644,1.05078899860382,1.04113507270813,2.04058432579041
E000V00187,-71.75,-38.414,1.1432158946991,0.191289022564888,0.380985110998154,0.0981071665883064,0.0749684795737267,1.00311160087585,0.976434588432312,1.99797070026398
E000V00121,-72.399,-38.435,1.84333539009094,0.439928531646729,1.20839548110962,0.317958772182465,0.313071101903915,0.753737211227417,0.617468178272247,1.69376146793365
E000V00129,-72.85,-38.446,1.32057690620422,0.320571839809418,1.14063882827759,0.19340206682682,0.192132025957108,1.0529910326004,0.999441027641296,2.03436231613159
E000V00126,-72.224,-38.675,1.89352822303772,0.35813981294632,1.19085490703583,0.302891224622726,0.29044383764267,1.0861508846283,0.450709313154221,2.06891226768494
E000V00115,-71.141,-38.732,1.10882568359375,0.19973124563694,1.04327023029327,0.105019189417362,0.0757669880986214,0.347689151763916,0.352522850036621,1.34772002696991
E000380013,-72.46,-38.768,2.76785683631897,2.57466387748718,3.51650643348694,2.5510470867157,2.54788088798523,2.66056323051453,2.62845873832703,2.83786344528198
E000V00120,-71.683,-38.834,1.18523597717285,0.222040608525276,0.998091399669647,0.133503466844559,0.0966914892196655,0.99142998456955,0.937440276145935,2.00191354751587
E000V00128,-72.787,-39.022,1.11039125919342,0.068864993751049,0.986128747463226,0.0532460361719131,0.0502857603132725,0.972208142280579,0.961982905864716,2.02060985565186
E000V00127,-72.252,-39.007,1.00323677062988,0.00305114523507655,0.00726622994989157,0.00244956859387457,0.00212168344296515,0.00660524470731616,0.00447685038670897,2.00064563751221
E000V00122,-72.922,-39.071,1.20284497737885,0.193636193871498,0.53155505657196,0.133792862296104,0.126480549573898,0.503776967525482,0.487362533807755,2.06774592399597
E000V00118,-72.615,-39.103,1.67253303527832,0.498183339834213,1.19530045986176,0.429465442895889,0.408680886030197,1.06624591350555,0.95197606086731,2.13799548149109
E000V00124,-73.133,-39.165,1.52398240566254,0.523364841938019,1.10213959217072,0.399004995822906,0.375993728637695,1.07773745059967,1.06946098804474,2.29993891716003
E000V00125,-72.261,-39.196,1.10802745819092,0.0972133427858353,0.967627823352814,0.0728651434183121,0.0500286892056465,0.957954585552216,0.155242264270782,2.02059674263
E000V00119,-71.868,-39.262,1.34015047550201,0.361311614513397,1.01366138458252,0.577748000621796,0.0811876207590103,0.987019300460815,0.756192207336426,2.01862931251526
E000V00123,-71.926,-39.289,1.63101887702942,0.632073998451233,0.991708397865295,0.283013552427292,0.0587672553956509,0.977796733379364,0.389165312051773,2.01975274085999
E000V00189,-72.55,-39.373,1.38043022155762,0.223741099238396,0.700966477394104,0.176598682999611,0.149101495742798,0.677250862121582,0.552881896495819,2.07426333427429
E000V00190,-73.177,-39.39,1.70665347576141,0.671401381492615,1.38545894622803,0.610541224479675,0.579868376255035,1.39417564868927,1.3943293094635,2.5621554851532
E000V00131,-72.95,-39.632,1.87155079841614,0.798159062862396,1.66269135475159,0.814816176891327,0.767859160900116,1.68754661083221,1.68199527263641,2.8118577003479
E000390006,-73.087,-39.657,1.87155079841614,0.798159062862396,1.66269135475159,0.814816176891327,0.767859160900116,1.68754661083221,1.68199527263641,2.8118577003479
E000V00130,-72.501,-39.863,1.8111879825592,0.209869161248207,0.483509480953217,0.201339796185493,0.145528629422188,1.01143765449524,0.952308475971222,2.13433456420898
E000V00191,-71.91,-39.88,1.82191598415375,0.733300685882568,1.03043937683105,0.751596033573151,0.179455399513245,1.00942635536194,0.946886360645294,2.08708143234253
E000V00132,-72.927,-40.096,1.78135645389557,0.263068944215775,1.09341883659363,0.70904928445816,0.24256743490696,1.14622259140015,1.14418232440948,2.8083484172821
E000V00134,-72.415,-40.134,1.82379472255707,0.257755368947983,0.994873523712158,0.320938616991043,0.220775991678238,1.05325412750244,0.634073078632355,2.24279999732971
E000V00193,-73.647,-40.168,1.69958865642548,0.519669830799103,1.01580989360809,0.470634967088699,0.501047134399414,1.19582545757294,1.29957544803619,2.55265355110168
E000V00133,-73.024,-40.317,1.17919850349426,0.0905469581484795,1.02177166938782,0.159694477915764,0.0932592526078224,1.05206561088562,1.05517816543579,2.95661973953247
E000V00135,-72.979,-40.323,1.17919850349426,0.0905469581484795,1.02177166938782,0.159694477915764,0.0932592526078224,1.05206561088562,1.05517816543579,2.95661973953247
E000V00139,-73.308,-40.348,1.7480856180191,0.660276710987091,1.47816717624664,0.691144108772278,0.673032879829407,1.56704318523407,1.58770668506622,2.89264225959778
E000V00192,-72,-40.52,1.99562096595764,0.99280720949173,1.98526728153229,1.97874057292938,0.990816116333008,1.0003650188446,1.00028610229492,2.00332760810852
E000400009,-73.058,-40.614,1.63178789615631,0.769979238510132,1.23971307277679,0.794507384300232,0.843143403530121,1.44710743427277,1.47330677509308,3.18678164482117
E000V00194,-72.116,-40.623,1.99562096595764,0.99280720949173,1.98526728153229,1.97874057292938,0.990816116333008,1.0003650188446,1.00028610229492,2.00332760810852
E000V00136,-73.152,-40.765,1.93117904663086,0.242296949028969,0.358416169881821,0.244484961032867,0.905375897884369,1.74623870849609,1.81104004383087,2.9680540561676
E000V00138,-73.157,-40.861,1.93117904663086,0.242296949028969,0.358416169881821,0.244484961032867,0.905375897884369,1.74623870849609,1.81104004383087,2.9680540561676
E000V00195,-73.815,-40.873,1.89792191982269,0.179666519165039,0.328091740608215,0.167206615209579,0.220450952649117,0.514052152633667,0.627254903316498,2.26738405227661
E000V00137,-72.886,-40.957,1.93114936351776,0.177773892879486,0.297909319400787,0.184308916330338,0.405249863862991,1.15396368503571,1.33315718173981,2.79442286491394
E000V00142,-73.377,-41.115,1.90139496326447,0.198646247386932,0.35139998793602,0.194913193583488,0.340124100446701,1.04520297050476,1.5556184053421,2.71517753601074
E000V00197,-72.339,-41.142,1.90501940250397,0.165693998336792,0.309489190578461,0.205162316560745,0.177465751767159,0.897783994674683,1.06331968307495,2.09776878356934
E000V00143,-73.009,-41.259,1.99855399131775,0.00557374861091375,0.0105387391522527,0.00574647542089224,0.0101175904273987,0.0132530899718404,1.00643992424011,2.0057373046875
E000V00196,-73.809,-41.359,1.93103981018066,0.113686829805374,0.20372162759304,0.109211251139641,0.152429789304733,0.943105220794678,1.68798398971558,2.77253222465515
E000410005,-73.096,-41.448,1.9408506155014,0.688092410564423,1.35815560817719,0.69959568977356,1.32537174224854,0.872690498828888,1.68555426597595,2.1188600063324
E000V00198,-72.275,-41.579,1.95488667488098,0.0652507543563843,0.120043858885765,0.0802666246891022,0.0755883827805519,0.172959461808205,1.02978563308716,2.03371381759644
E000V00144,-73.672,-41.71,1.82387518882751,0.24193163216114,0.43253031373024,0.252926826477051,0.335059463977814,0.728378474712372,1.21146655082703,2.32319164276123
E000V00140,-72.435,-41.938,1.73396873474121,0.262327045202255,0.484020084142685,0.521539866924286,0.521274328231812,0.744658410549164,1.27073848247528,2.06440281867981
E000V00141,-71.865,-42.075,1.57946765422821,0.388278424739838,0.708923161029816,0.55373477935791,0.458361089229584,0.777418613433838,1.12586951255798,2.02197122573853
E000V00151,-72.417,-42.1,1.73396873474121,0.262327045202255,0.484020084142685,0.521539866924286,0.521274328231812,0.744658410549164,1.27073848247528,2.06440281867981
E000V00149,-73.49,-42.157,1.95686161518097,0.0402668938040733,0.072390966117382,0.0545400120317936,0.0747494921088219,0.111046992242336,0.809927582740784,2.0124933719635
E000V00199,-74.078,-42.285,1.96359431743622,0.0363064967095852,0.0634323805570602,0.0413434952497482,0.0653989911079407,0.102724432945251,0.156624391674995,2.01229357719421
E000V00201,-72.663,-42.355,1.86557567119598,0.0960187390446663,0.178350627422333,0.816468119621277,0.813821494579315,0.88539981842041,1.68274867534637,1.99380707740784
E000V00147,-73.568,-42.404,1.92298662662506,0.0559443235397339,0.10086490213871,0.0857458487153053,0.151322394609451,0.197730362415314,0.335959911346436,1.99846029281616
E000V00148,-73.633,-42.583,1.90454185009003,0.0777586027979851,0.138095319271088,0.105259239673615,0.412436783313751,0.480911642313004,0.625782191753387,2.00213384628296
E000V00146,-73.789,-42.704,1.97519719600677,0.0171682704240084,0.0307188872247934,0.0256833415478468,0.934626579284668,0.948202252388,0.971879303455353,1.99415802955627
E000V00145,-72.717,-42.883,1.02075886726379,0.0560862086713314,0.118635661900043,0.23557710647583,0.131293505430222,0.145539596676826,0.308032989501953,1.18621492385864
E000430002,-71.852,-43.189,0.986522793769836,0.0526890568435192,0.909234523773193,1.82951259613037,0.941526710987091,0.111012250185013,0.22174534201622,0.371516406536102
E000V00200,-74.295,-43.208,1.98010122776031,0.0150791509076953,0.0266025643795729,0.0210035480558872,0.02473995834589,0.0352127403020859,0.047660157084465,1.04602634906769
E000V00202,-72.85,-43.364,0.444330483675003,0.0726967230439186,0.167294755578041,0.885280847549438,0.181588843464851,0.182555377483368,0.937072992324829,1.22973680496216
E000V00150,-72.126,-43.474,0.297189772129059,0.0552182607352734,0.201426461338997,1.78095960617065,0.913445472717285,0.168589383363724,1.02579176425934,1.86426150798798
E000430004,-71.801,-43.612,0.867995381355286,0.160721957683563,0.668646514415741,1.52079832553864,0.845316112041473,0.356731861829758,0.782381057739258,1.28561639785767
E000V00153,-73.74,-43.89,1.40377676486969,0.391468554735184,0.761157214641571,0.7682004570961,0.662835478782654,0.816201448440552,1.12378489971161,1.85274815559387
E000V00152,-72.387,-43.917,1.00485372543335,0.0779580101370811,0.927903413772583,1.78875088691711,0.942031443119049,0.924822688102722,1.7948899269104,1.93631100654602
E000V00154,-71.847,-44.24,1.08727502822876,0.364426761865616,0.873954713344574,1.25198197364807,0.88841700553894,0.837648391723633,1.28838241100311,1.75266218185425
E000V00203,-73.097,-44.729,1.90436208248138,0.938513398170471,1.89451324939728,1.90770709514618,1.89043569564819,1.89482855796814,1.92854058742523,2.8527410030365
E000450001,-72.677,-45.399,0.204543769359589,0.102477490901947,1.04903197288513,1.08420896530151,1.07125973701477,1.04766619205475,1.09529042243958,0.286695897579193
E000450004,-72.102,-45.591,1.04142844676971,0.899410605430603,1.81915056705475,2.6741054058075,2.65942883491516,1.83223915100098,1.89802289009094,1.14993393421173
E000450005,-71.678,-45.918,1.78235232830048,0.867988705635071,1.73113632202148,2.60797524452209,2.60158514976501,1.77855968475342,1.90530824661255,1.97203397750854
E000V00157,-71.941,-46.278,1.00527405738831,0.0454215630888939,0.0866676643490791,0.145977675914764,0.143435463309288,0.119308441877365,1.07401657104492,1.99878883361816
E000V00205,-74.778,-46.355,1.96190881729126,0.976925849914551,1.95229244232178,1.939901471138,1.93506002426147,1.94787669181824,1.96681761741638,1.99052453041077
E000V00204,-73.336,-46.569,1.93063008785248,0.0739493817090988,1.93461263179779,1.03192973136902,1.02232754230499,1.02382552623749,1.95755934715271,1.9697824716568
E000460001,-71.685,-46.585,0.234199494123459,0.0779590979218483,0.138901993632317,1.77481210231781,1.76966738700867,1.74018335342407,2.66716480255127,2.77576684951782
E000470001,-72.583,-47.244,1.95113575458527,2.86300563812256,2.89235019683838,2.89759016036987,2.89136433601379,1.95485997200012,1.97848725318909,1.04559087753296
E000V00156,-73.536,-47.8,1.97845721244812,0.993248403072357,1.97974789142609,1.97661805152893,1.00000333786011,1.97769212722778,1.98693978786469,1.9899035692215
E000V00155,-72.56,-48.471,0.0258278716355562,0.0175668690353632,0.026656674221158,0.0253734812140465,0.0219958778470755,1.00275063514709,1.01091194152832,1.01506924629211
E000V00206,-73.941,-48.958,0.0223720353096724,0.0127920731902122,0.0215916503220797,0.0185804218053818,0.0149814719334245,0.0225377678871155,1.00754737854004,1.01380479335785
E000V00207,-73.57,-51.07,0.018087949603796,0.0109436959028244,0.0169565193355083,0.013017849996686,0.0111233210191131,0.01785290800035,0.0576605759561062,0.0961683839559555
E000V00158,-72.967,-51.184,0.0096958726644516,0.00590395461767912,0.00906457100063562,0.00706646544858813,0.00593395065516233,0.00970579590648413,0.988519251346588,1.96607661247253
E000V00159,-71.164,-52.309,0.0144407814368606,0.00866235047578812,0.0128898648545146,0.0145015344023705,0.00821294169872999,0.0183646269142628,1.04739618301392,1.97629404067993
E000V00161,-70.361,-52.432,0.0222412217408419,0.0124225337058306,0.0182648692280054,0.0402118638157845,0.0117838215082884,0.0454453751444817,0.990299105644226,1.91680693626404
E000V00160,-71.505,-52.601,0.0129853086546063,0.00781204551458359,0.0116049349308014,0.0129464054480195,0.00731778843328357,0.0164740271866322,1.89716982841492,1.97695958614349
E000V00162,-69.27,-52.8,0.00471345754340291,0.00214962381869555,0.00312266568653286,0.00463022338226438,0.0021274161990732,0.00539513630792499,0.0100110033527017,1.00353646278381
E000520006,-70.839,-53.002,0.113033078610897,0.0635378733277321,0.0932299792766571,0.409150272607803,0.0593881569802761,0.436427235603333,0.99728935956955,1.14694285392761
E000530005,-70.326,-53.254,0.00812592171132565,0.00406325561925769,0.00592181598767638,0.973222732543945,0.00388641166500747,0.974826216697693,0.993398129940033,0.0499026961624622
E000V00208,-71.38,-53.8,0.0186944995075464,0.0110185192897916,0.0160937886685133,0.0211507473140955,0.00991703849285841,0.0261386837810278,0.0678877755999565,1.02682411670685
E000V00163,-68.804,-54.051,0.989735424518585,0.00338161899708211,0.00483613647520542,0.00946788024157286,0.00506294704973698,0.00885728932917118,0.010610718280077,1.00181770324707
E000550001,-67.616,-54.932,0.0198259465396404,0.00933176837861538,0.0131324622780085,1.95511519908905,0.979939758777618,0.987213313579559,0.0211008656769991,0.0382687970995903
