Estacion,Lat,Lon,meses:1,3,6,9,12,24,36,48
E000V00003,-69.478,-17.595,0.338371396064758,0.551295280456543,0.500843167304993,0.475732564926147,0.257759004831314,1.20840156078339,0.630717694759369,0.463002860546112
E000V00002,-69.554,-18.197,0.0110020441934466,0.0181286185979843,0.0159102827310562,0.0145531464368105,0.00878423359245062,1.00799167156219,0.0248636864125729,0.0137513522058725
E000180005,-70.34,-18.356,0.329218626022339,0.526086688041687,0.457490235567093,0.417498558759689,0.245459675788879,1.17787206172943,0.574446260929108,0.398424923419952
E000V00001,-69.857,-19.011,0.0364968217909336,0.0568211451172829,0.046762865036726,0.040016520768404,0.0284471232444048,1.02262473106384,0.105139322578907,0.0362334176898003
E000V00006,-68.638,-19.276,0.0331844761967659,0.0619470216333866,0.0531386807560921,0.0468169860541821,0.0330378040671349,1.93791246414185,1.91104757785797,0.0409879796206951
E000V00005,-69.427,-19.313,0.0372326970100403,0.0585373900830746,0.047705702483654,0.0406798347830772,0.0311219543218613,1.02811312675476,0.960494577884674,0.0357751287519932
E000V00007,-69.767,-19.996,0.99961131811142,1.00162172317505,0.999359130859375,0.997744083404541,0.99737673997879,1.9951491355896,0.998571336269379,0.997022747993469
E000V00004,-70.117,-20.25,1.78273689746857,1.85172784328461,0.994316041469574,0.157890915870667,0.143908143043518,0.286213636398315,0.173813834786415,0.135018184781075
E000V00008,-69.342,-20.501,0.0495665334165096,1.94815814495087,1.00248634815216,0.987073481082916,0.977545320987701,1.02933955192566,0.999975919723511,0.0486734360456467
E000200006,-70.181,-20.549,1.49434053897858,1.7345587015152,1.01431095600128,0.353951692581177,0.28958922624588,0.567218005657196,0.396628379821777,0.291151016950607
E000V00011,-68.255,-21.224,0.00214186147786677,1.00153744220734,1.99758267402649,1.00071573257446,0.999815106391907,1.99877715110779,1.00111365318298,1.00027132034302
E000V00013,-70.2,-22.091,0.509649097919464,1.95514464378357,1.30481505393982,0.969751298427582,1.00944018363953,1.80479073524475,1.0102823972702,0.876933991909027
E000V00014,-69.666,-22.35,0.0645752102136612,2.83850407600403,1.05512833595276,0.159476697444916,1.02382802963257,1.99842345714569,0.164671763777733,0.134695664048195
E000220002,-68.892,-22.498,0.913398623466492,1.10123884677887,1.07512307167053,1.05094742774963,1.0530971288681,2.02442240715027,1.05479896068573,1.01256716251373
E000V00009,-69.32,-22.892,0.0821556821465492,1.93449592590332,1.90872859954834,1.88722741603851,1.88254964351654,2.84080982208252,1.8954838514328,1.03361666202545
E000V00012,-68.213,-22.932,0.0292066279798746,1.01900994777679,1.97971177101135,1.97751891613007,1.96811950206757,1.99757480621338,1.97947537899017,1.97456645965576
E000230001,-70.445,-23.454,0.640485107898712,1.63437867164612,1.45550775527954,1.47717225551605,1.17708671092987,1.85851550102234,1.59923148155212,1.50889599323273
E000V00166,-67.44,-23.6,0.96827495098114,1.02885091304779,1.97705614566803,1.97740948200226,1.95158016681671,1.98876059055328,1.97988569736481,1.97827446460724
E000V00165,-68.57,-23.94,0.0350210778415203,1.0244859457016,1.97205877304077,1.97415232658386,1.95800065994263,1.99235165119171,1.98320472240448,1.97996962070465
E000V00164,-69.69,-24.51,0.0171487405896187,1.0123575925827,1.00956392288208,1.01435649394989,1.97148323059082,1.99421370029449,1.99195313453674,1.99040865898132
E000V00167,-69.3,-25,0.0122915217652917,1.00801086425781,1.00267398357391,1.00640761852264,1.00271725654602,1.99137687683105,1.99007546901703,1.98917472362518
E000V00010,-70.484,-25.411,0.976399183273315,1.04214870929718,1.01711392402649,1.97381258010864,1.93322372436523,1.98195004463196,1.98315930366516,1.96831345558167
E000V00168,-69.27,-25.7,0.0177094340324402,1.00607872009277,0.0358136408030987,0.0433160811662674,0.0310739316046238,1.0216908454895,1.01432979106903,1.01180148124695
E000V00169,-68.99,-26.25,0.000655059120617807,0.00168799597304314,0.00127084658015519,0.00152336165774614,0.00100243045017123,1.00067245960236,0.00180577277205884,0.001740179839544
E000V00016,-70.611,-26.332,0.178001955151558,1.91244208812714,1.03247249126434,1.94124841690063,1.05400812625885,1.94151484966278,1.94749164581299,1.09297442436218
E000V00017,-70.046,-26.391,0.929999232292175,1.91952121257782,1.0255481004715,1.93496537208557,1.82579183578491,1.94346940517426,1.94301772117615,1.07505416870117
E000V00170,-69.33,-27.07,0.0862687528133392,1.94634413719177,1.91520094871521,1.95402705669403,1.87924706935883,1.9611314535141,1.95536577701569,1.94861996173859
E000270008,-70.781,-27.254,0.0100384345278144,0.0191596001386642,0.0153252016752958,0.0253144484013319,0.0100740930065513,0.0239620488137007,0.0248983036726713,0.0233760606497526
E000270009,-70.353,-27.359,0.190361812710762,0.385009944438934,0.30268794298172,1.14631128311157,0.235502362251282,1.12809026241302,1.14080500602722,1.1114194393158
E000V00171,-69.81,-27.98,1.00216352939606,1.99517643451691,1.0290093421936,2.00350284576416,1.95454812049866,1.99834752082825,2.00154733657837,2.00198221206665
E000V00019,-71.225,-28.463,1.0129337310791,2.98407936096191,1.99942111968994,2.98584079742432,0.997865974903107,2.98207449913025,2.9867799282074,2.00914120674133
E000V00018,-70.449,-28.768,1.9655659198761,2.96832036972046,1.99984765052795,3.92288851737976,1.95760679244995,3.92466807365417,2.9800488948822,2.97568869590759
E000V00015,-70,-28.976,0.0144516639411449,2.00434732437134,2.00056314468384,2.00655078887939,1.99252390861511,2.99622225761414,2.99598145484924,2.99622178077698
E000V00021,-71.116,-29.372,1.90967643260956,2.84404945373535,2.07479071617126,2.21600103378296,0.947961151599884,2.8203763961792,3.55743551254272,2.86461639404297
E000290004,-71.207,-29.914,1.99897074699402,2.19564914703369,2.07754850387573,2.1855890750885,0.186689719557762,2.16179704666138,2.98822379112244,2.2250542640686
E000V00022,-70.721,-30.031,1.99883878231049,2.98363995552063,2.96579313278198,2.98239660263062,0.982632339000702,3.92425727844238,3.94336009025574,3.93840289115906
E000V00020,-71.082,-30.234,2.00537323951721,2.93889427185059,2.10288023948669,2.93707013130188,0.908690214157104,2.92369318008423,3.0085461139679,2.99034428596497
E000V00172,-71.72,-30.38,2.09571170806885,2.74369120597839,2.57424283027649,2.75230026245117,0.556005775928497,2.23210144042969,2.71338224411011,2.84808301925659
E000V00027,-70.937,-30.746,2.0152313709259,2.98136758804321,2.11215162277222,2.98228907585144,0.0914751961827278,2.91455984115601,3.00798940658569,3.02427554130554
E000V00028,-71.256,-30.838,2.02652812004089,2.96667623519897,2.88251280784607,2.96826815605164,0.848934948444366,2.85229206085205,3.70567679405212,3.73381781578064
E000V00026,-70.999,-31.188,2.04581141471863,2.9858341217041,2.96841311454773,2.98723387718201,0.0512105114758015,2.01701283454895,2.94383192062378,2.97656416893005
E000V00024,-71.413,-31.39,2.19183373451233,2.95269536972046,2.9369478225708,2.95813417434692,0.150335997343063,1.98692965507507,2.76359438896179,2.90491461753845
E000V00023,-71.152,-31.633,2.61342072486877,2.96703720092773,2.94258594512939,2.97139763832092,0.160087719559669,1.95759177207947,2.57180905342102,2.77347469329834
E000V00025,-70.97,-31.783,2.08371043205261,2.99554657936096,2.98560357093811,2.99626183509827,0.0320625081658363,1.99107789993286,2.06658482551575,2.1044614315033
E000320019,-70.707,-32.076,2.23308444023132,3.01128745079041,2.36076903343201,3.01289033889771,0.70661586523056,1.93986904621124,2.0433783531189,2.23385763168335
E000V00035,-70.926,-32.251,2.88424873352051,3.05925607681274,2.97792220115662,3.05953741073608,0.098987452685833,1.95557534694672,2.02355670928955,2.88885164260864
E000V00174,-70.464,-32.343,2.82686758041382,3.01993894577026,2.93344020843506,3.02128982543945,0.168054178357124,1.36820244789124,2.0249171257019,2.24424052238464
E000V00033,-70.819,-32.362,2.73345851898193,3.26649880409241,2.8562183380127,3.26722502708435,0.252102881669998,1.88372087478638,2.02886128425598,2.66038990020752
E000V00034,-71.441,-32.505,2.64852476119995,2.96072959899902,3.01163172721863,2.9584903717041,0.404398530721664,1.87808883190155,2.05422949790955,2.82363033294678
E000V00175,-71.014,-32.54,2.94908285140991,3.02094531059265,3.01077914237976,3.02024602890015,0.0454332567751408,1.97657954692841,2.00630331039429,2.95074152946472
E000V00041,-70.725,-32.594,2.89324879646301,3.13962864875793,3.03888416290283,3.13865566253662,0.117596000432968,1.89279639720917,2.01481795310974,2.46492528915405
E000V00176,-70.368,-32.618,2.82451272010803,2.97848773002625,2.99817562103271,2.98065257072449,0.205551102757454,1.39536440372467,2.02621412277222,2.317298412323
E000V00040,-70.809,-32.757,2.93597626686096,3.00430345535278,3.65209770202637,3.00174927711487,0.0957137495279312,1.93161392211914,2.00656175613403,2.83290600776672
E000V00031,-71.526,-32.789,2.74359679222107,2.98012733459473,3.03870677947998,2.97241258621216,0.532913208007812,1.92345190048218,2.02122902870178,2.90397620201111
E000V00037,-71.173,-32.79,2.32623672485352,2.99850821495056,3.02237367630005,2.99372839927673,0.119318045675755,1.96785449981689,2.00726699829102,2.95609879493713
E000320028,-71.227,-32.828,2.32623672485352,2.99850821495056,3.02237367630005,2.99372839927673,0.119318045675755,1.96785449981689,2.00726699829102,2.95609879493713
E000V00032,-70.382,-32.89,2.87002658843994,2.98175358772278,3.16669297218323,2.97660994529724,0.403071194887161,1.59721779823303,2.01159834861755,2.53667402267456
E000V00036,-71.207,-32.893,2.98924016952515,3.00073885917664,3.00382876396179,2.99929308891296,0.016040213406086,1.99736380577087,2.0003936290741,2.99698305130005
E000V00030,-71.517,-32.917,2.92617607116699,2.99637842178345,3.05045986175537,2.98871922492981,0.808528184890747,1.97039186954498,2.00574278831482,2.96729135513306
E000V00042,-71.261,-32.994,2.98924016952515,3.00073885917664,3.00382876396179,2.99929308891296,0.016040213406086,1.99736380577087,2.0003936290741,2.99698305130005
E000330002,-71.648,-33.023,2.80478429794312,2.96030330657959,3.06369638442993,2.95383334159851,0.673296749591827,1.90607011318207,2.0217661857605,2.89830303192139
E000330007,-71.556,-33.065,2.92617607116699,2.99637842178345,3.05045986175537,2.98871922492981,0.808528184890747,1.97039186954498,2.00574278831482,2.96729135513306
E000V00029,-71.4,-33.083,2.92617607116699,2.99637842178345,3.05045986175537,2.98871922492981,0.808528184890747,1.97039186954498,2.00574278831482,2.96729135513306
E000V00051,-70.834,-33.121,2.87872576713562,2.99606943130493,3.2404317855835,2.98310256004333,0.418189615011215,1.84737193584442,2.01011562347412,2.80625224113464
E000V00050,-70.66,-33.147,2.93058156967163,2.99768280982971,3.18372750282288,2.98482298851013,0.677225589752197,1.85980081558228,2.00502634048462,2.83738899230957
E000V00177,-71.46,-33.23,2.9605348110199,3.00055956840515,3.74323964118958,2.99071383476257,0.199953496456146,1.97627913951874,2.00364470481873,2.97658014297485
E000V00178,-71.155,-33.287,2.89496374130249,3.3043155670166,3.4250066280365,2.9787130355835,0.6404869556427,1.92485356330872,2.00805687904358,2.92627787590027
E000V00046,-70.502,-33.353,2.91504812240601,2.98531007766724,3.12479043006897,2.98103594779968,0.482851028442383,1.75688171386719,2.00561428070068,2.45897102355957
E000330021,-70.787,-33.378,2.98935699462891,2.99861836433411,3.0170111656189,2.99723863601685,0.951717734336853,1.95465767383575,2.00063705444336,2.96147990226746
E000V00043,-70.733,-33.42,2.98935699462891,2.99861836433411,3.0170111656189,2.99723863601685,0.951717734336853,1.95465767383575,2.00063705444336,2.96147990226746
E000V00055,-71.026,-33.439,2.94300651550293,3.01119256019592,3.07262229919434,2.98451042175293,0.286955684423447,1.90474152565002,2.00409555435181,2.92399144172668
E000V00038,-71.624,-33.439,2.90530705451965,2.98833227157593,3.07544136047363,2.97287464141846,0.811868846416473,1.93254685401917,2.00959253311157,2.93962025642395
E000330020,-70.683,-33.445,2.98935699462891,2.99861836433411,3.0170111656189,2.99723863601685,0.951717734336853,1.95465767383575,2.00063705444336,2.96147990226746
E000330019,-70.549,-33.455,2.95735716819763,2.99204850196838,3.03872179985046,2.99049115180969,0.845847547054291,1.25693094730377,2.00193357467651,2.22042369842529
E000V00044,-70.7,-33.467,2.98935699462891,2.99861836433411,3.0170111656189,2.99723863601685,0.951717734336853,1.95465767383575,2.00063705444336,2.96147990226746
E000V00047,-70.766,-33.517,2.98935699462891,2.99861836433411,3.0170111656189,2.99723863601685,0.951717734336853,1.95465767383575,2.00063705444336,2.96147990226746
E000V00039,-71.596,-33.543,2.90530705451965,2.98833227157593,3.07544136047363,2.97287464141846,0.811868846416473,1.93254685401917,2.00959253311157,2.93962025642395
E000V00045,-70.548,-33.545,2.95735716819763,2.99204850196838,3.03872179985046,2.99049115180969,0.845847547054291,1.25693094730377,2.00193357467651,2.22042369842529
E000V00058,-70.902,-33.608,2.94300651550293,3.01119256019592,3.07262229919434,2.98451042175293,0.286955684423447,1.90474152565002,2.00409555435181,2.92399144172668
E000V00048,-70.567,-33.617,2.95735716819763,2.99204850196838,3.03872179985046,2.99049115180969,0.845847547054291,1.25693094730377,2.00193357467651,2.22042369842529
E000330031,-78.833,-33.636,1.51041543483734,2.00184011459351,2.04393243789673,2.18749666213989,0.582288384437561,1.23310923576355,1.89495491981506,2.35973644256592
E000330030,-71.613,-33.656,2.83774542808533,2.95672464370728,3.05262184143066,2.95064902305603,0.793240666389465,1.88469243049622,2.01824402809143,2.90432500839233
E000V00049,-70.089,-33.676,2.26803779602051,2.95033931732178,3.03289246559143,2.95084619522095,0.231927499175072,1.20935130119324,2.00556325912476,2.23243594169617
E000V00057,-71.101,-33.692,2.88965272903442,2.97690510749817,3.13074326515198,2.96596717834473,0.363747656345367,1.76594197750092,2.00724792480469,2.86144423484802
E000V00052,-70.707,-33.707,2.93832778930664,2.98614358901978,3.59800171852112,2.98273968696594,0.264756321907043,1.27824687957764,2.00296902656555,2.84664940834045
E000V00053,-70.639,-33.862,2.93832778930664,2.98614358901978,3.59800171852112,2.98273968696594,0.264756321907043,1.27824687957764,2.00296902656555,2.84664940834045
E000V00179,-70.22,-33.878,2.34189915657043,2.94489502906799,3.08791947364807,2.94068622589111,0.28528419137001,1.22691786289215,2.00519704818726,2.30343008041382
E000V00056,-71.394,-33.941,2.78244137763977,2.93440628051758,3.04343318939209,2.93634366989136,0.831940293312073,1.8715535402298,2.02746677398682,2.89489698410034
E000V00068,-71.825,-33.959,2.82361698150635,2.94600820541382,3.00548553466797,2.95213603973389,0.905125737190247,1.92258965969086,2.03482007980347,2.93076753616333
E000V00064,-70.717,-33.983,2.95629286766052,2.98836708068848,3.11644911766052,2.98681664466858,0.14008554816246,1.14125394821167,2.00167536735535,2.20071721076965
E000V00054,-70.995,-34.029,2.97145819664001,2.99131321907043,3.05277371406555,2.99031066894531,0.09716796875,1.10713267326355,2.00167298316956,2.9690055847168
E000V00059,-70.772,-34.169,2.91218233108521,2.9734354019165,3.80642533302307,2.9681932926178,0.890811622142792,1.88009262084961,2.00268125534058,2.90757703781128
E000V00180,-70.402,-34.203,2.39270615577698,2.93867683410645,3.18776559829712,2.92365288734436,0.372808396816254,1.30484580993652,2.00497198104858,2.38519358634949
E000V00061,-70.997,-34.215,2.96267342567444,2.98683595657349,3.90534329414368,2.98535442352295,0.957024037837982,1.95605504512787,2.00181651115417,2.97175097465515
E000V00062,-71.3,-34.217,2.86200928688049,2.95794367790222,3.0790491104126,2.95667171478271,0.913149356842041,1.91503489017487,2.00983452796936,2.93269610404968
E000V00060,-70.948,-34.261,2.96267342567444,2.98683595657349,3.90534329414368,2.98535442352295,0.957024037837982,1.95605504512787,2.00181651115417,2.97175097465515
E000V00066,-70.812,-34.279,2.91218233108521,2.9734354019165,3.80642533302307,2.9681932926178,0.890811622142792,1.88009262084961,2.00268125534058,2.90757703781128
E000V00065,-70.834,-34.322,2.91218233108521,2.9734354019165,3.80642533302307,2.9681932926178,0.890811622142792,1.88009262084961,2.00268125534058,2.90757703781128
E000V00067,-72.019,-34.394,2.07938170433044,2.89983129501343,2.96565389633179,2.92399978637695,0.93003648519516,1.91214311122894,2.66439485549927,2.91623163223267
E000V00063,-70.21,-34.411,2.15637040138245,2.92375755310059,3.03090739250183,2.88972496986389,0.247465282678604,0.600294828414917,2.00329422950745,2.19774103164673
E000V00071,-71.463,-34.485,2.0470666885376,2.96898007392883,2.99730730056763,2.97061228752136,0.972096383571625,1.96734189987183,2.01470685005188,2.96476793289185
E000V00069,-71.898,-34.645,2.03194808959961,2.88790440559387,2.95691227912903,2.92043685913086,0.943009853363037,1.91665887832642,2.64493250846863,2.91914486885071
E000V00072,-71.4,-34.691,2.05046010017395,2.85394978523254,2.94477462768555,2.86014604568481,0.906225085258484,1.8825056552887,2.04738330841064,2.84869337081909
E000V00070,-71.63,-34.714,2.05117344856262,2.86528420448303,2.95334243774414,2.89447951316833,0.923875510692596,1.89484798908234,2.22838973999023,2.88803434371948
E000340044,-71.02,-34.721,2.02484345436096,2.10021162033081,2.13416814804077,2.07425165176392,0.968378901481628,1.93902051448822,2.00248050689697,2.06691026687622
E000V00181,-70.52,-34.781,2.02887940406799,2.97429966926575,3.00224494934082,2.06331634521484,0.968478322029114,1.042032122612,2.00086545944214,2.0464141368866
E000V00086,-72.026,-34.855,2.03194808959961,2.88790440559387,2.95691227912903,2.92043685913086,0.943009853363037,1.91665887832642,2.64493250846863,2.91914486885071
E000V00084,-71.125,-34.96,1.96451771259308,2.67224597930908,2.81865572929382,2.25256061553955,0.814339637756348,1.38474106788635,2.0090057849884,2.23186850547791
E000V00083,-71.832,-34.968,2.00639343261719,2.84357333183289,2.94434404373169,2.89484596252441,0.939271152019501,1.90371656417847,2.07661294937134,2.89652419090271
E000340031,-71.217,-34.969,1.25449156761169,2.17551565170288,2.21912693977356,2.09609603881836,0.215333431959152,1.86158502101898,2.00538420677185,2.09228897094727
E000V00085,-70.811,-35,2.02747654914856,2.89741396903992,2.96881532669067,2.11344385147095,0.944237112998962,1.11531352996826,2.00239849090576,2.09813141822815
E000V00076,-71.956,-35.128,1.96289277076721,2.66473436355591,2.88803100585938,2.81066966056824,0.920767068862915,1.84281957149506,2.06615042686462,2.85056018829346
E000V00182,-70.83,-35.398,1.96024465560913,2.18540930747986,2.88766145706177,2.20808029174805,0.892748296260834,1.19375097751617,1.99716579914093,2.19769024848938
E000V00079,-71.467,-35.419,1.95933628082275,2.08580732345581,2.92512440681458,2.86170959472656,0.949258208274841,1.87495708465576,2.00461101531982,2.87140107154846
E000V00078,-71.7,-35.533,1.97064864635468,2.063236951828,2.94649767875671,2.90662455558777,0.967988669872284,1.92605626583099,2.00603175163269,2.92685866355896
E000V00074,-71.454,-35.663,1.91775619983673,2.04661870002747,2.89293551445007,2.8249363899231,0.947240769863129,1.84405279159546,1.99616873264313,2.84002351760864
E000V00077,-72.082,-35.672,1.86983239650726,2.05876731872559,2.81934547424316,2.28422451019287,0.925564587116241,1.80213677883148,2.00350642204285,2.80791163444519
E000V00080,-71.062,-35.699,1.91338670253754,2.05630421638489,2.91692471504211,2.12004113197327,0.945652604103088,1.11739110946655,1.99473714828491,2.12259817123413
E000V00081,-72.511,-35.707,1.97100389003754,2.00680756568909,2.95923209190369,2.94756436347961,0.984411895275116,1.95672750473022,2.0059540271759,2.96317219734192
E000V00075,-71.631,-35.753,1.87984085083008,2.06174254417419,2.83618974685669,2.74407958984375,0.927775382995605,1.80727732181549,1.99808239936829,2.80325794219971
E000V00082,-72.587,-35.836,1.97100389003754,2.00680756568909,2.95923209190369,2.94756436347961,0.984411895275116,1.95672750473022,2.0059540271759,2.96317219734192
E000V00183,-71.05,-36.06,1.19571948051453,2.02502083778381,2.89730978012085,2.0850727558136,0.945062160491943,1.0809428691864,1.9884842634201,2.09104943275452
E000V00087,-72.783,-36.133,1.73441290855408,1.95841312408447,2.69095182418823,2.51673197746277,0.931087911128998,1.70647251605988,2.38086295127869,2.75860238075256
E000V00073,-71.548,-36.257,1.0614413022995,1.97768211364746,2.05377650260925,2.02120161056519,0.952809929847717,1.87001430988312,1.97529721260071,2.02886843681335
E000V00091,-71.9,-36.292,1.19478833675385,1.94706046581268,2.14687395095825,2.11166381835938,0.897115886211395,1.6391384601593,1.96970498561859,2.16274094581604
E000V00090,-72.64,-36.43,1.80135679244995,1.97513604164124,2.7868218421936,2.07387948036194,0.974812507629395,1.82354032993317,2.00567054748535,2.84755945205688
E000V00088,-72.699,-36.492,1.80135679244995,1.97513604164124,2.7868218421936,2.07387948036194,0.974812507629395,1.82354032993317,2.00567054748535,2.84755945205688
E000V00092,-71.549,-36.56,1.07928669452667,1.28679168224335,2.05664658546448,1.37238192558289,0.237777054309845,0.387894749641418,1.30037975311279,1.38866126537323
E000360011,-72.037,-36.586,1.10396885871887,1.89767181873322,2.05508494377136,2.05078387260437,0.888857245445251,1.08735108375549,1.95115911960602,2.08814430236816
E000V00089,-72.603,-36.625,1.15757381916046,1.76711976528168,2.08517789840698,2.20194983482361,0.867027342319489,1.11198759078979,1.95979058742523,2.32322478294373
E000V00099,-72.965,-36.672,1.00716185569763,1.99127948284149,2.00286507606506,2.01064324378967,0.992072999477386,1.00767040252686,1.99904632568359,2.0149359703064
E000V00096,-72.704,-36.697,1.08340334892273,1.92994058132172,2.05682611465454,2.60559582710266,0.949282884597778,1.60895359516144,1.99170541763306,2.66979789733887
E000V00098,-72.983,-36.733,1.00716185569763,1.99127948284149,2.00286507606506,2.01064324378967,0.992072999477386,1.00767040252686,1.99904632568359,2.0149359703064
E000360019,-73.066,-36.781,1.00716185569763,1.99127948284149,2.00286507606506,2.01064324378967,0.992072999477386,1.00767040252686,1.99904632568359,2.0149359703064
E000V00184,-71.5,-36.88,1.04032671451569,1.75522124767303,1.98971438407898,2.00681185722351,0.3148532807827,0.30441227555275,1.84814441204071,2.03939294815063
E000V00093,-72.099,-36.977,1.01978957653046,1.18008863925934,1.58283996582031,2.02090215682983,0.492356061935425,0.251064032316208,1.5631890296936,2.04856204986572
E000V00095,-73.14,-37.005,0.982038259506226,1.72312486171722,1.8056423664093,2.15303802490234,0.684688806533813,0.959163308143616,1.9560763835907,2.14932250976562
E000V00106,-72.403,-37.035,1.03068482875824,1.2798193693161,1.96238613128662,2.07528877258301,0.853588402271271,0.4258993268013,1.95140254497528,2.11088228225708
E000V00097,-73.155,-37.092,0.982038259506226,1.72312486171722,1.8056423664093,2.15303802490234,0.684688806533813,0.959163308143616,1.9560763835907,2.14932250976562
E000V00105,-71.245,-37.111,1.04750978946686,1.85045874118805,2.00821256637573,2.01597452163696,0.233654454350471,0.273858785629272,1.38091611862183,2.04494881629944
E000V00094,-72.012,-37.141,0.986357033252716,1.07497596740723,1.94127213954926,2.00649428367615,0.908422291278839,0.139278739690781,1.95576333999634,2.02366423606873
E000V00108,-72.946,-37.167,0.943328857421875,1.72098183631897,1.86962640285492,2.54900550842285,0.822110891342163,0.919911324977875,1.96515333652496,2.06162166595459
E000V00107,-72.328,-37.213,0.977678835391998,1.11858808994293,1.91037952899933,2.01622939109802,0.810104310512543,0.208355844020844,1.94073617458344,2.04294633865356
E000V00111,-71.949,-37.293,0.986357033252716,1.07497596740723,1.94127213954926,2.00649428367615,0.908422291278839,0.139278739690781,1.95576333999634,2.02366423606873
E000V00100,-73.437,-37.305,0.905865252017975,1.82421338558197,1.15436935424805,2.02063727378845,0.128637492656708,0.939413547515869,1.97613859176636,2.03963088989258
E000V00185,-71.566,-37.323,0.997506499290466,1.23539662361145,1.96005761623383,2.00823330879211,0.800346612930298,0.230662226676941,1.89608108997345,2.03981637954712
E000370033,-72.424,-37.397,0.823327362537384,1.14725756645203,1.74447631835938,2.0099561214447,0.357926368713379,0.326092898845673,1.93785333633423,2.05948662757874
E000V00186,-72.83,-37.418,0.837672472000122,1.16334640979767,1.75727081298828,2.02903771400452,0.697909832000732,0.73718386888504,1.93684351444244,2.0569863319397
E000V00103,-73.33,-37.485,0.245813459157944,1.14553320407867,1.14498996734619,2.0136182308197,0.133226737380028,0.866256475448608,1.95767831802368,2.03326511383057
E000V00110,-71.875,-37.536,0.892790257930756,1.15546202659607,1.84528172016144,1.99740934371948,0.831104516983032,0.671221911907196,1.93755388259888,2.04910826683044
E000V00104,-73.462,-37.627,0.283016175031662,1.13598358631134,1.1459721326828,1.9787380695343,0.153245434165001,0.333304286003113,1.9040766954422,2.05260729789734
E000V00109,-72.007,-37.685,0.201922744512558,1.05153203010559,1.17296540737152,1.98657178878784,0.89236056804657,0.883625745773315,1.97108328342438,2.02379560470581
E000V00116,-72.605,-37.726,0.326827168464661,1.08471512794495,1.23629987239838,1.96923780441284,0.226193740963936,0.244525119662285,1.92245137691498,2.04881691932678
E000V00101,-73.412,-37.892,0.492779135704041,1.15048491954803,1.19406223297119,1.88060069084167,0.283752143383026,0.484312862157822,1.72641444206238,2.10633659362793
E000V00102,-73.097,-37.95,0.19520078599453,0.910784840583801,0.952955663204193,1.81563007831573,0.125646308064461,0.180596739053726,1.2843052148819,2.04083061218262
E000V00112,-71.435,-38.057,0.17453832924366,1.1035236120224,1.86588680744171,1.96285343170166,0.898403644561768,0.914492189884186,1.96472835540771,2.03249406814575
E000V00114,-72.298,-38.146,0.0252625290304422,1.00099670886993,0.996083378791809,1.97303760051727,0.0197187252342701,0.0280158966779709,1.97392332553864,2.0098021030426
E000V00117,-72.273,-38.228,0.0252625290304422,1.00099670886993,0.996083378791809,1.97303760051727,0.0197187252342701,0.0280158966779709,1.97392332553864,2.0098021030426
E000V00113,-71.233,-38.25,0.00688804127275944,1.98765206336975,1.99308919906616,1.99796569347382,1.97766578197479,1.97891736030579,1.99844455718994,2.0015230178833
E000V00188,-72.956,-38.207,0.075077511370182,0.186550661921501,0.197148904204369,1.14564716815948,0.0477991737425327,0.0697056502103806,1.11746191978455,2.01920366287231
E000V00187,-71.75,-38.414,0.116551697254181,1.03120148181915,1.06521046161652,1.23927807807922,0.117871142923832,0.157763466238976,1.95275807380676,2.04576420783997
E000V00121,-72.399,-38.435,0.143397986888885,0.84670490026474,0.532056272029877,1.42781245708466,0.0998984649777412,0.188466191291809,1.39772260189056,2.093337059021
E000V00129,-72.85,-38.446,0.148126572370529,0.401284009218216,0.411583304405212,1.31260538101196,0.0982837677001953,0.153238222002983,1.3185875415802,2.05702996253967
E000V00126,-72.224,-38.675,0.0797857642173767,0.834337890148163,0.895945906639099,1.84275949001312,0.0576385222375393,0.683976173400879,1.85433912277222,2.63038039207458
E000V00115,-71.141,-38.732,0.15106126666069,1.08076143264771,1.10946786403656,1.90668642520905,0.162345841526985,0.199690669775009,1.9542042016983,2.04136657714844
E000380013,-72.46,-38.768,0.0340610817074776,0.114332124590874,0.94565087556839,1.92751502990723,0.0236062742769718,0.0545066334307194,1.12304449081421,2.03240418434143
E000V00120,-71.683,-38.834,0.136458814144135,1.00768840312958,1.03087139129639,1.30131220817566,0.11644646525383,0.176656156778336,1.93743300437927,2.06672215461731
E000V00128,-72.787,-39.022,0.029176002368331,0.0731153339147568,0.0785236656665802,1.07119619846344,0.0203693173825741,0.0335513278841972,1.97150099277496,2.0150465965271
E000V00127,-72.252,-39.007,0.00105692830402404,0.00349067943170667,0.00385921285487711,1.00450336933136,0.000755195273086429,0.00272937817499042,1.99891245365143,2.00205016136169
E000V00122,-72.922,-39.071,0.113386698067188,0.266703993082047,0.264429301023483,1.21430718898773,0.0769087225198746,0.113102585077286,1.91755092144012,2.04234147071838
E000V00118,-72.615,-39.103,0.125529691576958,0.350289553403854,0.439436197280884,1.45169115066528,0.0890884473919868,0.204283148050308,1.81330382823944,2.12403893470764
E000V00124,-73.133,-39.165,0.329016894102097,0.819612264633179,0.75260329246521,1.60067975521088,0.230482846498489,0.309624880552292,1.84267771244049,2.10816407203674
E000V00125,-72.261,-39.196,0.0485244393348694,0.15124636888504,0.15000256896019,1.91139936447144,0.0356778427958488,0.821209967136383,1.9689826965332,2.79094433784485
E000V00119,-71.868,-39.262,0.130152896046638,0.985396265983582,0.980601787567139,1.88466358184814,0.0876729637384415,0.134500354528427,1.93511915206909,2.05786442756653
E000V00123,-71.926,-39.289,0.076039157807827,0.917830169200897,0.914611101150513,1.91318476200104,0.052405808120966,0.119097538292408,1.95707857608795,2.07426691055298
E000V00189,-72.55,-39.373,0.11875219643116,0.316611588001251,0.313415676355362,1.6598801612854,0.0919517874717712,0.211791753768921,1.91976058483124,2.13348865509033
E000V00190,-73.177,-39.39,0.280112594366074,0.968030333518982,0.876247227191925,1.75887751579285,0.218921825289726,0.27216362953186,1.88586711883545,2.09324812889099
E000V00131,-72.95,-39.632,0.146877348423004,1.00746238231659,0.947440564632416,1.90240061283112,0.162644952535629,0.1772570759058,1.94891059398651,2.04512000083923
E000390006,-73.087,-39.657,0.146877348423004,1.00746238231659,0.947440564632416,1.90240061283112,0.162644952535629,0.1772570759058,1.94891059398651,2.04512000083923
E000V00130,-72.501,-39.863,0.206957042217255,0.998915016651154,0.909159123897552,1.88131475448608,0.695403814315796,0.685295462608337,1.9154349565506,2.05504202842712
E000V00191,-71.91,-39.88,0.782668948173523,1.14909052848816,1.01848542690277,1.86088085174561,0.263363599777222,0.194418877363205,1.37296068668365,2.05820274353027
E000V00132,-72.927,-40.096,0.299364805221558,1.06283283233643,0.944787383079529,1.87206065654755,0.726070284843445,0.739560425281525,1.93112504482269,2.07706165313721
E000V00134,-72.415,-40.134,0.772718131542206,1.57110393047333,0.974030733108521,1.81513524055481,0.741759300231934,0.290743350982666,1.83589518070221,2.06812644004822
E000V00193,-73.647,-40.168,0.648417055606842,1.32175624370575,0.774769008159637,1.48779058456421,0.437332183122635,0.548831820487976,1.79704594612122,2.34416651725769
E000V00133,-73.024,-40.317,0.873106062412262,1.03674733638763,0.974527895450592,1.94477295875549,0.920081913471222,0.928728699684143,1.97378623485565,2.0411365032196
E000V00135,-72.979,-40.323,0.873106062412262,1.03674733638763,0.974527895450592,1.94477295875549,0.920081913471222,0.928728699684143,1.97378623485565,2.0411365032196
E000V00139,-73.308,-40.348,0.387737959623337,1.10049498081207,0.921734571456909,1.84047913551331,0.785995364189148,0.825247287750244,1.93436312675476,2.55111122131348
E000V00192,-72,-40.52,0.996110498905182,1.99122035503387,1.9846225976944,1.99328947067261,0.991977095603943,0.00525233708322048,1.00836730003357,2.00169110298157
E000400009,-73.058,-40.614,0.87317681312561,1.18018710613251,0.85227644443512,1.74843645095825,0.455159991979599,0.535819053649902,1.91056549549103,2.1551685333252
E000V00194,-72.116,-40.623,0.996110498905182,1.99122035503387,1.9846225976944,1.99328947067261,0.991977095603943,0.00525233708322048,1.00836730003357,2.00169110298157
E000V00136,-73.152,-40.765,0.936527073383331,1.7827228307724,0.230784431099892,1.10569179058075,0.108479477465153,0.776109099388123,1.91214728355408,2.7220766544342
E000V00138,-73.157,-40.861,0.936527073383331,1.7827228307724,0.230784431099892,1.10569179058075,0.108479477465153,0.776109099388123,1.91214728355408,2.7220766544342
E000V00195,-73.815,-40.873,0.905934572219849,1.78101146221161,0.248320654034615,1.05485796928406,0.157076627016068,0.226639181375504,1.88396215438843,2.71462535858154
E000V00137,-72.886,-40.957,0.94771283864975,1.81620025634766,0.188846677541733,0.544392704963684,0.0960214734077454,0.303976625204086,1.39815878868103,2.24974513053894
E000V00142,-73.377,-41.115,0.916803181171417,1.76764762401581,0.238733142614365,0.629263043403625,0.166396751999855,0.306829303503036,1.81475865840912,2.31248807907104
E000V00197,-72.339,-41.142,0.936270713806152,1.82945334911346,0.26827672123909,0.406394809484482,0.13491915166378,0.116961121559143,1.05227637290955,2.04549884796143
E000V00143,-73.009,-41.259,0.9989293217659,1.99391329288483,0.00338640948757529,0.00715689128264785,0.00190357863903046,0.0032900592777878,1.00477921962738,2.00226926803589
E000V00196,-73.809,-41.359,0.945145785808563,1.85129976272583,0.144978746771812,0.327924072742462,0.691353261470795,0.729800164699554,1.86044752597809,2.73826265335083
E000410005,-73.096,-41.448,0.956835627555847,1.27861380577087,0.119899146258831,0.223338678479195,0.0718014314770699,0.0958040803670883,1.12307035923004,2.05659961700439
E000V00198,-72.275,-41.579,0.971144437789917,1.92047774791718,0.100028276443481,0.155453756451607,0.0519984997808933,0.0500254034996033,0.240648061037064,2.01786780357361
E000V00144,-73.672,-41.71,0.809374809265137,1.54407155513763,0.306840300559998,0.543830096721649,0.32990026473999,0.373743057250977,1.38121449947357,2.27655553817749
E000V00140,-72.435,-41.938,0.82056587934494,1.39639186859131,0.366716146469116,0.607818484306335,0.24218986928463,0.218933641910553,1.08660626411438,2.05890607833862
E000V00141,-71.865,-42.075,0.759562611579895,1.40266633033752,0.629313349723816,0.941197335720062,0.351795732975006,0.328237444162369,1.17607700824738,2.04276609420776
E000V00151,-72.417,-42.1,0.82056587934494,1.39639186859131,0.366716146469116,0.607818484306335,0.24218986928463,0.218933641910553,1.08660626411438,2.05890607833862
E000V00149,-73.49,-42.157,0.939742624759674,1.69501221179962,0.0544592663645744,0.0932062417268753,0.0416324846446514,0.040297158062458,1.02097070217133,2.01608610153198
E000V00199,-74.078,-42.285,0.122428715229034,1.05753350257874,0.0525337122380733,0.0854591727256775,0.0366723127663136,0.0398617722094059,0.20051446557045,2.01736068725586
E000V00201,-72.663,-42.355,0.899228692054749,1.1160295009613,0.133255273103714,0.242114573717117,0.116497673094273,0.0850848406553268,1.05392062664032,2.01876091957092
E000V00147,-73.568,-42.404,0.85861200094223,1.12442469596863,0.0799752697348595,0.139335706830025,0.0672551915049553,0.056434765458107,1.01888084411621,2.01621890068054
E000V00148,-73.633,-42.583,0.546029984951019,1.13711047172546,0.112658657133579,0.187603250145912,0.0855252593755722,0.0806541368365288,0.970747172832489,2.02578520774841
E000V00146,-73.789,-42.704,0.0636834800243378,1.0195848941803,0.0253906063735485,0.0426529012620449,0.0207689385861158,0.0178017467260361,0.998086392879486,2.00400805473328
E000V00145,-72.717,-42.883,0.124935567378998,1.02980923652649,0.0904328525066376,0.928308963775635,0.880151271820068,0.0626061037182808,1.00497889518738,1.98237454891205
E000430002,-71.852,-43.189,0.0787483304738998,0.218838781118393,0.0896557718515396,0.137594103813171,0.13902185857296,0.059697262942791,0.16393868625164,1.13942933082581
E000V00200,-74.295,-43.208,0.979489624500275,1.0088986158371,0.0223846156150103,0.0344306640326977,0.0161995980888605,0.0157892163842916,0.0532928258180618,2.00207233428955
E000V00202,-72.85,-43.364,0.134030416607857,1.02357149124146,0.126528188586235,0.917836844921112,0.882818639278412,0.0939498692750931,0.990354418754578,1.96090304851532
E000V00150,-72.126,-43.474,0.0813379660248756,0.974919319152832,0.136498212814331,0.216842502355576,0.943752825260162,0.111963421106339,0.249608278274536,1.22548031806946
E000430004,-71.801,-43.612,0.222493529319763,0.725847780704498,0.286756098270416,0.424394488334656,0.53532886505127,0.203705564141273,0.495687931776047,1.42366242408752
E000V00153,-73.74,-43.89,0.535895347595215,1.00536453723907,0.536220192909241,0.862851977348328,0.558434188365936,0.47609931230545,1.08063924312592,1.96695053577423
E000V00152,-72.387,-43.917,0.0856428667902946,0.982275605201721,0.866755425930023,0.949112832546234,1.68507170677185,0.852853775024414,0.981733679771423,1.9473534822464
E000V00154,-71.847,-44.24,0.375398427248001,0.902264595031738,0.575416684150696,0.794136583805084,0.703408360481262,0.457036435604095,0.911722540855408,1.79049479961395
E000V00203,-73.097,-44.729,0.0408420711755753,0.0761906877160072,0.946869611740112,1.86663961410522,1.84587264060974,1.83718872070312,1.88203418254852,1.97505974769592
E000450001,-72.677,-45.399,0.0583294071257114,0.0764956325292587,0.0686624497175217,0.103456906974316,0.0721657052636147,0.078457772731781,0.131052613258362,1.12880516052246
E000450004,-72.102,-45.591,0.0548033453524113,0.0837710797786713,0.0651643872261047,0.0909793674945831,0.054594911634922,0.0571236088871956,0.156432285904884,1.92332434654236
E000450005,-71.678,-45.918,0.0317209139466286,0.0440915338695049,0.0344701707363129,0.0461916066706181,0.0236967746168375,0.0283246487379074,0.853242218494415,1.8730274438858
E000V00157,-71.941,-46.278,0.014064465649426,0.0171587876975536,0.0135647375136614,0.0181413721293211,0.00924067758023739,0.0120686925947666,0.0400588735938072,1.043785572052
E000V00205,-74.778,-46.355,0.0369355231523514,0.0439661927521229,0.0337022431194782,0.0446608513593674,0.964930534362793,0.974114596843719,0.999905526638031,1.9892600774765
E000V00204,-73.336,-46.569,1.84678435325623,0.0446820259094238,0.0356298163533211,0.0480982698500156,0.0275692362338305,0.940645754337311,0.969402372837067,1.96055507659912
E000460001,-71.685,-46.585,0.0288461539894342,0.0366629622876644,0.0291462801396847,0.0382217951118946,0.0181130021810532,0.0240837503224611,0.0710060149431229,1.06968557834625
E000470001,-72.583,-47.244,0.0244550369679928,0.0217517707496881,0.0175836235284805,0.0227026306092739,0.0105332294479012,0.0182315651327372,0.0327041335403919,1.02800476551056
E000V00156,-73.536,-47.8,0.0118781747296453,0.0107888048514724,0.00878062658011913,0.0111825950443745,0.00539285456761718,0.0092562772333622,0.0156065933406353,1.01257395744324
E000V00155,-72.56,-48.471,0.00885903369635344,0.0109111685305834,0.00910172145813704,0.0113327065482736,0.00460178172215819,0.00706623354926705,0.0133755141869187,1.00968360900879
E000V00206,-73.941,-48.958,0.00895644817501307,0.0114677958190441,0.00962532497942448,0.0118841100484133,0.00486410642042756,0.00740532483905554,0.0136972079053521,1.00911164283752
E000V00207,-73.57,-51.07,0.0109909847378731,0.0150971068069339,0.0131604364141822,0.0157892890274525,0.00558284996077418,0.00880756881088018,0.0165711082518101,0.0614605806767941
E000V00158,-72.967,-51.184,0.00606213929131627,0.00833051186054945,0.00729612307623029,0.00872529298067093,0.00304254819639027,0.00482588773593307,0.00908207427710295,0.989576756954193
E000V00159,-71.164,-52.309,0.00998127367347479,0.0134891867637634,0.0120395962148905,0.0142041901126504,0.00472087413072586,0.00767823634669185,0.0143376532942057,0.0846969112753868
E000V00161,-70.361,-52.432,0.0152253992855549,0.0199892967939377,0.0179776437580585,0.0210941638797522,0.00689213862642646,0.0113308150321245,0.0210538376122713,0.075921542942524
E000V00160,-71.505,-52.601,0.00906782038509846,0.0122513584792614,0.0109493006020784,0.012903462164104,0.00427765678614378,0.00698076328262687,0.013000700622797,0.932619452476501
E000V00162,-69.27,-52.8,0.00288332579657435,0.00356119289062917,0.00322795449756086,0.00376600027084351,0.0012107496149838,0.00201494200155139,0.00371813424862921,0.0105999372899532
E000520006,-70.839,-53.002,0.0784613937139511,0.102896228432655,0.0926888734102249,0.10860088467598,0.0353943966329098,0.0584818199276924,0.108185842633247,0.658781230449677
E000530005,-70.326,-53.254,0.00526949157938361,0.00668395450338721,0.00604710914194584,0.00706261349841952,0.00228142645210028,0.00379602611064911,0.00699360202997923,0.985580146312714
E000V00208,-71.38,-53.8,0.0136929946020246,0.0180919952690601,0.0163474176079035,0.0191036313772202,0.00619102083146572,0.0103142596781254,0.0189539063721895,0.0563048459589481
E000V00163,-68.804,-54.051,0.00657843751832843,0.00577315362170339,0.00528694596141577,0.00611882889643312,0.00193167582619935,0.00328221078962088,0.00596365192905068,1.00111150741577
E000550001,-67.616,-54.932,0.984917461872101,0.016332047060132,0.015111492946744,0.017348924651742,0.00538342911750078,0.00933210924267769,0.0166981387883425,1.98003458976746
