Estacion,Lat,Lon,meses:1,3,6,9,12,24,36,48
E000V00003,-17.595,-69.478,-0.40,-1.12,-1.15,-1.74,-1.98,-1.72,-1.01,-0.55
E000V00002,-18.197,-69.554,-0.19,-0.27,-0.55,-1.07,-1.22,-0.62,0.38,0.81
E000180005,-18.356,-70.340,1.30,1.09,0.86,1.08,1.37,0.47,0.40,1.02
E000V00001,-19.011,-69.857,-0.28,-0.02,-0.42,-1.06,-1.24,-0.08,0.55,0.90
E000V00006,-19.276,-68.638,0.66,-0.14,-0.32,-1.46,-1.93,-1.53,0.04,0.36
E000V00005,-19.313,-69.427,0.14,0.09,-0.45,-1.21,-1.50,-0.46,0.37,0.61
E000V00007,-19.996,-69.767,-0.54,-0.79,-1.12,-1.71,-1.70,-0.56,0.39,0.85
E000V00004,-20.250,-70.117,0.08,-0.06,-0.07,-0.46,-0.55,0.53,1.10,1.30
E000V00008,-20.501,-69.342,-0.75,-0.70,-0.80,-1.32,-1.34,0.09,0.85,1.11
E000200006,-20.549,-70.181,0.94,0.68,0.61,0.75,1.08,0.75,0.69,1.24
E000V00011,-21.224,-68.255,0.00,0.00,0.00,0.00,0.00,0.00,0.00,0.00
E000V00013,-22.091,-70.200,-0.47,0.13,-0.48,-1.39,-1.51,0.19,0.96,1.01
E000V00014,-22.350,-69.666,0.42,-0.54,-1.21,-1.78,-1.88,0.16,0.88,0.91
E000220002,-22.498,-68.892,0.64,0.37,-0.03,-0.48,-0.54,-0.82,-0.85,-0.33
E000V00009,-22.892,-69.320,-1.30,-1.64,-1.79,-1.94,-1.96,-1.29,-0.82,-0.76
E000V00012,-22.932,-68.213,-2.24,-2.17,-2.19,-2.19,-2.19,-1.98,-1.78,-1.58
E000230001,-23.454,-70.445,0.50,0.14,0.20,0.38,1.07,0.91,1.30,1.55
E000V00166,-23.600,-67.440,0.00,0.00,0.00,0.00,0.00,0.00,0.00,0.00
E000V00165,-23.940,-68.570,-1.81,-1.99,-2.02,-2.08,-2.04,-1.64,-1.39,-1.39
E000V00164,-24.510,-69.690,-1.63,-1.77,-1.81,-1.90,-1.90,-1.60,-1.43,-1.43
E000V00167,-25.000,-69.300,-1.66,-1.79,-1.86,-2.04,-2.04,-1.71,-1.53,-1.52
E000V00010,-25.411,-70.484,-1.55,-1.72,-1.76,-1.94,-1.95,-1.68,-1.52,-1.53
E000V00168,-25.700,-69.270,-1.47,-1.69,-1.75,-1.81,-1.90,-1.69,-1.42,-1.47
E000V00169,-26.250,-68.990,0.00,0.00,0.00,0.00,0.00,0.00,0.00,0.00
E000V00016,-26.332,-70.611,-1.32,-1.69,-1.69,-1.98,-2.02,-1.71,-1.52,-1.50
E000V00017,-26.391,-70.046,-1.31,-1.72,-1.67,-2.06,-2.13,-1.72,-1.51,-1.50
E000V00170,-27.070,-69.330,0.00,0.00,0.00,0.00,0.00,0.00,0.00,0.00
E000270008,-27.254,-70.781,2.03,1.12,0.52,-0.14,0.03,-0.24,0.21,0.96
E000270009,-27.359,-70.353,1.25,-0.13,-0.58,-0.66,-0.69,-0.89,-0.44,-0.03
E000V00171,-27.980,-69.810,-1.69,-2.03,-1.73,-2.18,-2.28,-2.11,-2.27,-2.20
E000V00019,-28.463,-71.225,-0.91,-2.05,-1.61,-2.08,-2.22,-1.87,-1.74,-1.61
E000V00018,-28.768,-70.449,-1.54,-2.06,-1.97,-2.24,-2.44,-2.04,-1.89,-1.77
E000V00015,-28.976,-70.000,0.00,0.00,0.00,0.00,0.00,0.00,0.00,0.00
E000V00021,-29.372,-71.116,-1.26,-2.16,-1.88,-2.44,-2.55,-2.25,-2.17,-1.93
E000290004,-29.914,-71.207,1.88,0.32,0.36,-0.68,-0.49,-1.25,-0.02,0.14
E000V00022,-30.031,-70.721,-1.80,-2.13,-1.92,-2.14,-2.25,-2.03,-1.96,-1.78
E000V00020,-30.234,-71.082,-1.75,-2.14,-1.85,-2.21,-2.40,-2.15,-2.07,-1.86
E000V00172,-30.380,-71.720,-1.70,-2.15,-1.80,-2.07,-2.20,-1.93,-1.81,-1.73
E000V00027,-30.746,-70.937,-1.90,-2.13,-1.90,-2.26,-2.80,-2.24,-2.19,-2.01
E000V00028,-30.838,-71.256,-1.91,-2.17,-1.91,-2.17,-2.43,-2.10,-2.05,-1.99
E000V00026,-31.188,-70.999,-1.96,-2.15,-1.87,-1.93,-2.27,-1.93,-1.94,-1.89
E000V00024,-31.390,-71.413,-1.95,-2.18,-1.88,-1.77,-2.08,-1.96,-1.99,-1.97
E000V00023,-31.633,-71.152,-1.99,-2.20,-1.90,-1.75,-2.19,-1.91,-1.94,-1.94
E000V00025,-31.783,-70.970,-1.98,-2.14,-1.72,-1.83,-2.09,-1.84,-1.94,-1.87
E000320019,-32.076,-70.707,0.45,0.19,-1.07,-1.26,-0.88,-1.12,-1.38,-1.18
E000V00035,-32.251,-70.926,-1.99,-2.14,-1.75,-1.77,-2.00,-1.74,-1.86,-1.83
E000V00174,-32.343,-70.464,-1.92,-2.10,-1.50,-1.04,-1.58,-1.68,-1.77,-1.76
E000V00033,-32.362,-70.819,-1.98,-2.14,-1.69,-1.39,-1.71,-1.60,-1.76,-1.70
E000V00034,-32.505,-71.441,-2.03,-2.19,-1.84,-1.07,-1.57,-1.61,-1.73,-1.69
E000V00175,-32.540,-71.014,-2.03,-2.20,-1.82,-1.07,-1.50,-1.54,-1.70,-1.68
E000V00041,-32.594,-70.725,-1.97,-2.15,-1.82,-1.59,-1.85,-1.77,-1.82,-1.75
E000V00176,-32.618,-70.368,-1.93,-2.05,-1.57,-0.44,-1.17,-1.42,-1.61,-1.64
E000V00040,-32.757,-70.809,-1.99,-2.14,-1.75,-1.31,-1.62,-1.63,-1.78,-1.70
E000V00031,-32.789,-71.526,-2.08,-2.23,-1.85,-1.22,-1.61,-1.68,-1.76,-1.65
E000V00037,-32.790,-71.173,-2.03,-2.19,-1.83,-0.87,-1.38,-1.58,-1.75,-1.70
E000320028,-32.828,-71.227,1.50,1.53,0.49,-1.04,-0.94,-0.96,-1.17,-1.22
E000V00032,-32.890,-70.382,-1.98,-2.12,-1.71,-0.72,-1.47,-1.57,-1.70,-1.67
E000V00036,-32.893,-71.207,-2.02,-2.18,-1.82,-0.58,-1.19,-1.45,-1.69,-1.59
E000V00030,-32.917,-71.517,-2.08,-2.22,-1.82,-1.10,-1.52,-1.60,-1.73,-1.62
E000V00042,-32.994,-71.261,-2.03,-2.18,-1.80,-0.56,-1.21,-1.49,-1.71,-1.65
E000330002,-33.023,-71.648,0.75,0.30,-0.44,-1.41,-0.28,-0.43,-0.73,-0.88
E000330007,-33.065,-71.556,0.40,0.01,-0.39,-1.77,-0.48,-0.50,-0.85,-0.98
E000V00029,-33.083,-71.400,-2.03,-2.18,-1.81,-0.26,-1.06,-1.46,-1.70,-1.67
E000V00051,-33.121,-70.834,-2.01,-2.15,-1.82,-0.56,-1.27,-1.55,-1.71,-1.60
E000V00050,-33.147,-70.660,-1.99,-2.15,-1.82,-0.88,-1.50,-1.62,-1.77,-1.63
E000V00177,-33.230,-71.460,-2.03,-2.17,-1.72,-0.42,-1.06,-1.42,-1.76,-1.61
E000V00178,-33.287,-71.155,-2.03,-2.18,-1.83,-0.27,-1.08,-1.51,-1.78,-1.68
E000V00046,-33.353,-70.502,-2.01,-2.17,-1.76,-0.29,-1.17,-1.42,-1.63,-1.47
E000330021,-33.378,-70.787,-0.26,-0.66,-0.95,-1.22,-0.84,-0.94,-1.19,-1.09
E000V00043,-33.420,-70.733,-2.01,-2.18,-1.82,-0.62,-1.33,-1.60,-1.77,-1.61
E000V00055,-33.439,-71.026,-2.06,-2.16,-1.71,-0.08,-0.90,-1.47,-1.66,-1.65
E000V00038,-33.439,-71.624,-2.09,-2.21,-1.74,-1.00,-1.48,-1.51,-1.81,-1.64
E000330020,-33.445,-70.683,-0.14,-0.40,-0.84,-1.37,-0.85,-1.01,-1.34,-1.13
E000330019,-33.455,-70.549,-0.20,-0.20,-0.76,-1.08,-0.69,-0.76,-1.15,-0.98
E000V00044,-33.467,-70.700,-2.01,-2.18,-1.82,-0.59,-1.28,-1.55,-1.73,-1.55
E000V00047,-33.517,-70.766,-1.99,-2.18,-1.71,-0.39,-1.21,-1.53,-1.70,-1.59
E000V00039,-33.543,-71.596,-2.09,-2.23,-1.82,-0.96,-1.40,-1.47,-1.75,-1.65
E000V00045,-33.545,-70.548,-1.98,-2.30,-1.13,0.38,-0.66,-1.28,-1.56,-1.41
E000V00058,-33.608,-70.902,-2.00,-2.17,-1.69,-0.25,-0.99,-1.45,-1.68,-1.59
E000V00048,-33.617,-70.567,-2.00,-2.18,-1.81,0.54,-0.59,-1.28,-1.51,-1.49
E000330031,-33.636,-78.833,0.27,0.58,0.45,-1.05,-1.43,-1.61,-1.54,-1.35
E000330030,-33.656,-71.613,1.37,1.07,-0.09,-0.51,-0.56,-0.62,-0.69,-0.70
E000V00049,-33.676,-70.089,-1.99,-2.28,-1.09,0.22,-0.86,-1.34,-1.58,-1.52
E000V00057,-33.692,-71.101,-2.06,-2.19,-1.78,-0.18,-0.88,-1.39,-1.66,-1.53
E000V00052,-33.707,-70.707,-2.00,-2.17,-1.77,0.23,-0.70,-1.38,-1.66,-1.61
E000V00053,-33.862,-70.639,-2.01,-2.15,-1.66,0.41,-0.52,-1.24,-1.57,-1.52
E000V00179,-33.878,-70.220,-2.02,-2.21,-0.15,1.04,0.04,-0.99,-1.40,-1.41
E000V00056,-33.941,-71.394,-2.04,-2.17,-1.62,-0.06,-0.68,-1.21,-1.58,-1.58
E000V00068,-33.959,-71.825,-2.12,-2.22,-1.70,0.01,-0.68,-1.26,-1.63,-1.52
E000V00064,-33.983,-70.717,-2.03,-2.15,-1.74,0.06,-0.70,-1.32,-1.65,-1.57
E000V00054,-34.029,-70.995,-2.00,-2.16,-1.57,0.19,-0.59,-1.26,-1.64,-1.60
E000V00059,-34.169,-70.772,-2.00,-2.18,-1.55,0.05,-0.65,-1.32,-1.65,-1.60
E000V00180,-34.203,-70.402,-1.94,-2.13,-1.13,0.74,-0.09,-1.06,-1.44,-1.39
E000V00061,-34.215,-70.997,-1.99,-2.18,-1.39,0.33,-0.38,-1.17,-1.57,-1.54
E000V00062,-34.217,-71.300,-2.01,-2.21,-1.47,0.07,-0.59,-1.26,-1.63,-1.62
E000V00060,-34.261,-70.948,-2.04,-2.20,-1.36,0.15,-0.53,-1.26,-1.62,-1.61
E000V00066,-34.279,-70.812,-2.04,-2.19,-1.42,0.28,-0.44,-1.22,-1.58,-1.60
E000V00065,-34.322,-70.834,-2.01,-2.20,-1.28,0.19,-0.47,-1.19,-1.56,-1.57
E000V00067,-34.394,-72.019,-2.06,-2.26,-1.94,-1.30,-1.63,-1.66,-1.67,-1.60
E000V00063,-34.411,-70.210,-1.88,-2.35,-0.40,1.29,0.56,-0.74,-1.27,-1.25
E000V00071,-34.485,-71.463,-2.04,-2.26,-1.51,0.22,-0.49,-1.21,-1.67,-1.60
E000V00069,-34.645,-71.898,-2.07,-2.30,-1.42,0.22,-0.61,-1.31,-1.60,-1.58
E000V00072,-34.691,-71.400,-2.02,-2.26,-1.33,0.43,-0.42,-1.18,-1.67,-1.56
E000V00070,-34.714,-71.630,-2.06,-2.31,-1.44,0.41,-0.55,-1.26,-1.73,-1.65
E000340044,-34.721,-71.020,0.80,0.33,-0.44,-0.37,-0.77,-0.58,-0.89,-1.00
E000V00181,-34.781,-70.520,-2.08,-2.44,-0.66,0.81,0.07,-0.91,-1.38,-1.42
E000V00086,-34.855,-72.026,-2.04,-2.32,-1.50,-0.04,-0.87,-1.41,-1.70,-1.67
E000V00084,-34.960,-71.125,-1.99,-2.28,-0.54,0.70,-0.15,-1.02,-1.63,-1.54
E000V00083,-34.968,-71.832,-2.02,-2.24,-1.33,0.28,-0.57,-1.21,-1.62,-1.59
E000340031,-34.969,-71.217,0.58,-0.02,-0.71,-0.48,-0.93,-0.61,-0.98,-1.08
E000V00085,-35.000,-70.811,-2.04,-2.31,-0.43,0.78,0.01,-0.88,-1.52,-1.48
E000V00076,-35.128,-71.956,-2.01,-2.41,-1.41,0.21,-0.66,-1.23,-1.79,-1.69
E000V00182,-35.398,-70.830,-1.75,-2.19,-0.53,0.96,0.27,-0.66,-1.30,-1.39
E000V00079,-35.419,-71.467,-1.95,-2.38,-1.33,0.50,-0.40,-1.13,-1.71,-1.59
E000V00078,-35.533,-71.700,-1.88,-2.36,-1.48,0.35,-0.46,-1.10,-1.71,-1.58
E000V00074,-35.663,-71.454,-1.68,-2.42,-1.22,0.57,-0.35,-1.00,-1.65,-1.55
E000V00077,-35.672,-72.082,-1.86,-2.51,-1.40,0.16,-0.63,-1.14,-1.77,-1.68
E000V00080,-35.699,-71.062,-1.70,-2.38,-0.88,1.13,0.29,-0.53,-1.31,-1.28
E000V00081,-35.707,-72.511,-1.85,-2.26,-1.50,-0.25,-0.79,-1.28,-1.78,-1.58
E000V00075,-35.753,-71.631,-1.72,-2.46,-1.51,0.49,-0.41,-1.03,-1.52,-1.43
E000V00082,-35.836,-72.587,-1.56,-2.33,-1.52,-0.01,-0.73,-1.25,-1.76,-1.58
E000V00183,-36.060,-71.050,-1.21,-2.36,-1.01,0.71,0.04,-0.83,-1.45,-1.48
E000V00087,-36.133,-72.783,-1.41,-2.35,-1.43,-0.01,-0.76,-1.33,-1.66,-1.61
E000V00073,-36.257,-71.548,-1.39,-2.70,-1.37,0.57,-0.26,-0.70,-1.35,-1.30
E000V00091,-36.292,-71.900,-1.23,-2.48,-1.52,0.37,-0.52,-1.12,-1.57,-1.43
E000V00090,-36.430,-72.640,-1.21,-2.26,-1.32,0.21,-0.51,-1.00,-1.45,-1.43
E000V00088,-36.492,-72.699,-1.17,-2.25,-1.43,0.43,-0.31,-0.96,-1.46,-1.42
E000V00092,-36.560,-71.549,-0.66,-2.40,-1.26,0.80,-0.01,-0.55,-1.23,-1.30
E000360011,-36.586,-72.037,1.49,0.86,-0.37,-0.76,-0.73,-0.79,-0.64,-0.88
E000V00089,-36.625,-72.603,-0.44,-2.22,-1.27,0.41,-0.39,-1.05,-1.46,-1.46
E000V00099,-36.672,-72.965,-0.66,-2.32,-1.23,0.64,-0.07,-0.78,-1.22,-1.36
E000V00096,-36.697,-72.704,-0.25,-2.16,-1.36,0.52,-0.39,-0.84,-1.24,-1.34
E000V00098,-36.733,-72.983,-0.23,-2.26,-1.23,0.63,0.02,-0.69,-1.22,-1.41
E000360019,-36.781,-73.066,1.55,0.72,-0.50,-1.28,-1.25,-1.38,-1.39,-1.35
E000V00184,-36.880,-71.500,0.23,-1.91,-0.89,0.92,0.12,-0.40,-1.05,-1.25
E000V00093,-36.977,-72.099,0.02,-2.21,-1.06,0.20,-0.51,-0.84,-1.37,-1.45
E000V00095,-37.005,-73.140,-0.07,-1.96,-1.34,-0.02,-0.65,-1.01,-1.37,-1.45
E000V00106,-37.035,-72.403,-0.09,-2.04,-1.22,0.44,-0.44,-0.79,-1.27,-1.33
E000V00097,-37.092,-73.155,-0.49,-2.12,-1.55,0.14,-0.75,-1.19,-1.44,-1.48
E000V00105,-37.111,-71.245,-0.20,-1.86,-1.17,0.75,0.33,-0.42,-1.06,-1.26
E000V00094,-37.141,-72.012,0.23,-1.86,-1.15,0.44,-0.41,-0.81,-1.27,-1.37
E000V00108,-37.167,-72.946,0.10,-1.75,-1.39,0.15,-0.50,-0.89,-1.30,-1.36
E000V00107,-37.213,-72.328,0.44,-1.77,-1.13,0.59,-0.31,-0.69,-1.24,-1.35
E000V00111,-37.293,-71.949,0.10,-1.92,-1.27,0.43,-0.31,-0.64,-1.23,-1.33
E000V00100,-37.305,-73.437,0.34,-1.95,-1.20,-0.02,-0.50,-0.90,-1.32,-1.39
E000V00185,-37.323,-71.566,0.33,-1.71,-0.96,0.59,0.01,-0.41,-1.10,-1.31
E000370033,-37.397,-72.424,1.48,1.15,0.27,-0.02,-0.05,0.00,0.08,0.14
E000V00186,-37.418,-72.830,0.43,-1.67,-1.29,-0.10,-0.58,-0.91,-1.23,-1.30
E000V00103,-37.485,-73.330,0.62,-1.45,-1.15,0.06,-0.36,-0.68,-1.17,-1.31
E000V00110,-37.536,-71.875,0.71,-1.09,-1.12,-0.06,-0.53,-0.72,-1.23,-1.32
E000V00104,-37.627,-73.462,0.74,-1.25,-1.00,0.12,-0.34,-0.70,-1.12,-1.21
E000V00109,-37.685,-72.007,1.20,-0.75,-0.92,0.14,-0.44,-0.62,-1.19,-1.28
E000V00116,-37.726,-72.605,1.19,-1.03,-0.94,0.17,-0.49,-0.73,-1.20,-1.32
E000V00101,-37.892,-73.412,0.29,-1.58,-1.13,-0.26,-0.57,-0.77,-1.16,-1.24
E000V00102,-37.950,-73.097,0.84,-1.00,-1.13,-0.19,-0.55,-0.94,-1.22,-1.28
E000V00112,-38.057,-71.435,0.76,-0.44,-0.95,0.15,-0.24,-0.55,-1.16,-1.29
E000V00114,-38.146,-72.298,1.32,-0.60,-0.82,0.05,-0.61,-0.83,-1.23,-1.38
E000V00117,-38.228,-72.273,1.25,-0.80,-0.95,0.10,-0.64,-0.88,-1.26,-1.43
E000V00113,-38.250,-71.233,0.52,-1.01,-1.01,0.27,-0.10,-0.42,-1.00,-1.14
E000V00188,-38.207,-72.956,1.31,-0.65,-0.79,-0.09,-0.58,-0.90,-1.22,-1.29
E000V00187,-38.414,-71.750,1.12,-0.53,-0.91,-0.27,-0.74,-0.95,-1.32,-1.44
E000V00121,-38.435,-72.399,1.48,-0.59,-0.91,-0.06,-0.68,-1.01,-1.29,-1.41
E000V00129,-38.446,-72.850,1.15,-1.00,-0.94,-0.19,-0.79,-1.02,-1.28,-1.36
E000V00126,-38.675,-72.224,1.31,-0.49,-0.97,-0.34,-0.93,-1.11,-1.34,-1.38
E000V00115,-38.732,-71.141,0.61,-0.80,-1.10,0.65,0.17,-0.27,-0.84,-1.02
E000380013,-38.768,-72.460,1.06,1.19,-0.05,-0.46,-0.93,-1.16,-1.10,-1.26
E000V00120,-38.834,-71.683,1.38,-0.03,-0.94,0.02,-0.58,-0.83,-1.28,-1.39
E000V00128,-39.022,-72.787,1.40,-0.32,-1.03,-0.79,-1.26,-1.32,-1.52,-1.47
E000V00127,-39.007,-72.252,1.23,-0.70,-1.08,-0.71,-1.13,-1.15,-1.45,-1.45
E000V00122,-39.071,-72.922,1.36,-0.29,-0.89,-0.76,-1.16,-1.33,-1.46,-1.42
E000V00118,-39.103,-72.615,1.43,-0.29,-0.97,-0.78,-1.24,-1.39,-1.59,-1.52
E000V00124,-39.165,-73.133,1.38,-0.06,-0.45,-0.41,-0.93,-1.25,-1.47,-1.45
E000V00125,-39.196,-72.261,1.27,-0.54,-1.12,-0.49,-0.95,-0.99,-1.38,-1.38
E000V00119,-39.262,-71.868,1.32,-0.39,-1.14,-0.42,-0.80,-0.90,-1.31,-1.37
E000V00123,-39.289,-71.926,1.44,-0.32,-1.17,-0.52,-0.87,-0.94,-1.36,-1.38
E000V00189,-39.373,-72.550,1.17,-0.72,-1.22,-0.91,-1.22,-1.34,-1.58,-1.52
E000V00190,-39.390,-73.177,1.13,-0.80,-0.75,-0.76,-1.13,-1.36,-1.61,-1.56
E000V00131,-39.632,-72.950,0.78,-1.01,-0.86,-0.73,-1.09,-1.30,-1.56,-1.49
E000390006,-39.657,-73.087,1.19,1.17,-0.10,-0.09,-0.42,-0.52,-0.51,-0.77
E000V00130,-39.863,-72.501,0.81,-0.96,-1.32,-0.99,-1.24,-1.28,-1.56,-1.51
E000V00191,-39.880,-71.910,1.26,-0.07,-0.87,-0.01,-0.40,-0.53,-1.13,-1.19
E000V00132,-40.096,-72.927,0.88,-0.76,-1.20,-1.16,-1.19,-1.22,-1.63,-1.54
E000V00134,-40.134,-72.415,1.01,-0.98,-1.13,-0.66,-0.94,-1.09,-1.52,-1.46
E000V00193,-40.168,-73.647,0.99,-0.58,-0.66,-0.86,-1.13,-1.30,-1.72,-1.61
E000V00133,-40.317,-73.024,1.26,-0.47,-0.78,-0.97,-1.11,-1.28,-1.88,-1.69
E000V00135,-40.323,-72.979,1.03,-0.85,-1.00,-1.08,-1.14,-1.30,-1.77,-1.60
E000V00139,-40.348,-73.308,0.98,-0.45,-0.76,-0.98,-1.21,-1.37,-1.89,-1.73
E000V00192,-40.520,-72.000,1.52,0.56,-0.27,0.39,-0.17,-0.74,-1.21,-1.34
E000400009,-40.614,-73.058,0.13,-0.20,-1.26,-0.84,-0.57,-0.81,-0.78,-0.98
E000V00194,-40.623,-72.116,1.40,0.39,-0.34,0.39,-0.19,-0.63,-1.20,-1.32
E000V00136,-40.765,-73.152,0.92,-0.63,-0.91,-0.80,-1.05,-1.13,-1.55,-1.50
E000V00138,-40.861,-73.157,1.15,-0.19,-0.59,-0.60,-0.89,-1.10,-1.55,-1.53
E000V00195,-40.873,-73.815,1.21,-0.03,-0.52,-0.18,-0.44,-0.72,-1.29,-1.30
E000V00137,-40.957,-72.886,1.31,-0.43,-0.84,-0.75,-0.96,-1.22,-1.61,-1.55
E000V00142,-41.115,-73.377,1.07,0.01,-0.38,-0.41,-0.69,-1.13,-1.48,-1.44
E000V00197,-41.142,-72.339,1.40,-0.09,-0.74,-0.24,-0.61,-0.73,-1.26,-1.35
E000V00143,-41.259,-73.009,1.28,-0.15,-0.52,-0.48,-0.77,-1.17,-1.56,-1.53
E000V00196,-41.359,-73.809,1.47,0.09,-0.45,-0.20,-0.55,-1.12,-1.59,-1.56
E000410005,-41.448,-73.096,0.57,0.40,-0.83,-0.24,0.05,-0.06,-0.02,-0.34
E000V00198,-41.579,-72.275,1.69,0.65,0.01,0.43,-0.18,-0.57,-1.18,-1.35
E000V00144,-41.710,-73.672,1.50,0.17,-0.48,0.04,-0.33,-0.79,-1.21,-1.29
E000V00140,-41.938,-72.435,1.69,0.52,-0.24,0.26,-0.31,-0.64,-1.22,-1.34
E000V00141,-42.075,-71.865,1.73,0.97,0.27,0.78,0.44,0.21,-0.71,-1.10
E000V00151,-42.100,-72.417,1.62,0.30,-0.40,0.14,-0.21,-0.52,-1.16,-1.34
E000V00149,-42.157,-73.490,1.40,-0.12,-0.80,0.05,-0.35,-0.66,-1.34,-1.37
E000V00199,-42.285,-74.078,1.55,0.38,-0.48,1.02,0.40,0.21,-0.39,-0.30
E000V00201,-42.355,-72.663,1.50,0.48,-0.28,0.30,-0.10,-0.47,-1.10,-1.23
E000V00147,-42.404,-73.568,1.54,-0.05,-0.85,0.12,-0.22,-0.60,-1.30,-1.39
E000V00148,-42.583,-73.633,1.73,0.31,-0.58,0.44,0.09,-0.35,-1.05,-1.26
E000V00146,-42.704,-73.789,1.77,0.84,0.06,0.89,0.50,0.03,-0.82,-1.13
E000V00145,-42.883,-72.717,1.66,0.65,-0.05,0.73,0.50,0.12,-0.76,-1.08
E000430002,-43.189,-71.852,0.01,0.61,-0.60,0.80,0.41,-0.42,-0.72,-1.04
E000V00200,-43.208,-74.295,1.49,-0.25,-0.65,0.29,-0.02,-0.02,-0.95,-1.06
E000V00202,-43.364,-72.850,1.62,0.82,-0.03,0.72,0.34,0.04,-0.71,-0.99
E000V00150,-43.474,-72.126,1.62,0.87,-0.06,0.95,0.57,0.26,-0.60,-0.78
E000430004,-43.612,-71.801,0.18,0.15,-0.50,0.58,0.13,-0.09,-1.15,-1.20
E000V00153,-43.890,-73.740,1.07,-0.12,-0.79,0.04,-0.15,-0.55,-1.17,-1.28
E000V00152,-43.917,-72.387,1.46,0.62,-0.23,0.78,0.45,0.28,-0.55,-0.92
E000V00154,-44.240,-71.847,1.13,-0.23,-0.83,0.51,0.14,-0.15,-0.77,-1.12
E000V00203,-44.729,-73.097,1.27,0.22,-0.27,0.13,-0.09,-0.10,-0.76,-1.05
E000450001,-45.399,-72.677,-0.59,0.73,-0.15,0.69,0.74,0.11,0.38,0.70
E000450004,-45.591,-72.102,-1.00,-0.35,-1.30,0.77,0.21,0.37,-0.32,-0.10
E000450005,-45.918,-71.678,-1.06,-1.27,-1.90,-0.38,-0.76,-0.02,-0.58,-0.38
E000V00157,-46.278,-71.941,1.70,-0.11,-0.37,0.96,0.66,0.14,-0.39,-0.47
E000V00205,-46.355,-74.778,1.69,0.36,0.06,0.54,0.38,0.41,0.05,-0.08
E000V00204,-46.569,-73.336,0.21,-0.58,-0.59,-0.39,-0.38,-0.51,-0.71,-0.91
E000460001,-46.585,-71.685,-0.43,-0.32,-0.81,0.08,0.07,-0.24,-0.60,-0.31
E000470001,-47.244,-72.583,-1.02,-1.29,-1.60,0.31,0.71,-0.25,-0.63,-0.04
E000V00156,-47.800,-73.536,0.65,-0.24,-0.26,-0.10,-0.30,-0.23,-0.30,-0.37
E000V00155,-48.471,-72.560,0.39,-0.73,-0.60,-0.31,-0.07,-0.35,-0.49,-0.47
E000V00206,-48.958,-73.941,0.79,-0.10,-0.23,-0.08,-0.21,-0.30,-0.33,-0.37
E000V00207,-51.070,-73.570,1.50,0.99,1.30,1.18,1.18,1.52,1.56,1.45
E000V00158,-51.184,-72.967,-0.15,-0.32,-0.12,-0.22,0.12,0.57,0.80,0.77
E000V00159,-52.309,-71.164,0.91,0.28,2.41,2.00,1.95,1.47,1.23,1.11
E000V00161,-52.432,-70.361,1.08,0.62,1.71,1.43,1.41,1.27,1.14,1.40
E000V00160,-52.601,-71.505,0.91,0.39,0.73,0.90,0.94,0.77,0.59,0.44
E000V00162,-52.800,-69.270,1.85,0.86,1.04,0.65,0.82,0.71,0.77,0.78
E000520006,-53.002,-70.839,-0.23,-0.45,-0.34,-0.64,-0.65,-0.93,-0.52,-0.80
E000530005,-53.254,-70.326,-0.00,0.09,0.14,0.10,0.11,0.08,-0.70,-0.91
E000V00208,-53.800,-71.380,1.15,0.82,0.65,0.49,0.72,1.12,1.30,1.22
E000V00163,-54.051,-68.804,1.23,0.71,1.05,0.57,0.64,0.76,0.80,0.79
E000550001,-54.932,-67.616,1.28,1.51,1.71,1.00,0.90,0.48,-0.58,-0.99
