1991 1 -4.1
1991 2 -4.4
1991 3 -4.1
1991 4 -5.1
1991 5 -5.6
1991 6 -8.0
1991 7 -9.0
1991 8 -10.0
1991 9 -7.9
1991 10 -8.2
1991 11 -6.7
1991 12 -5.7
1992 1 -4.1
1992 2 -4.0
1992 3 -3.5
1992 4 -6.4
1992 5 -7.5
1992 6 -8.3
1992 7 -11.3
1992 8 -10.2
1992 9 -9.3
1992 10 -7.6
1992 11 -7.3
1992 12 -5.2
1993 1 -4.2
1993 2 -5.1
1993 3 -4.9
1993 4 -5.8
1993 5 -7.8
1993 6 -8.8
1993 7 -10.6
1993 8 -9.5
1993 9 -9.2
1993 10 -7.8
1993 11 -6.7
1993 12 -5.0
1994 1 -4.3
1994 2 -5.5
1994 3 -5.3
1994 4 -6.4
1994 5 -6.5
1994 6 -7.9
1994 7 -9.9
1994 8 -9.5
1994 9 -8.0
1994 10 -7.5
1994 11 -6.4
1994 12 -3.8
1995 1 -3.9
1995 2 -5.3
1995 3 -5.3
1995 4 -6.4
1995 5 -7.2
1995 6 -8.3
1995 7 -10.3
1995 8 -10.6
1995 9 -9.0
1995 10 -8.0
1995 11 -6.8
1995 12 -4.3
1996 1 -4.8
1996 2 -5.1
1996 3 -5.1
1996 4 -6.6
1996 5 -7.2
1996 6 -10.6
1996 7 -10.4
1996 8 -8.8
1996 9 -9.6
1996 10 -7.7
1996 11 -6.3
1996 12 -5.2
1997 1 -3.7
1997 2 -4.9
1997 3 -4.6
1997 4 -4.7
1997 5 -5.6
1997 6 -7.6
1997 7 -8.1
1997 8 -8.0
1997 9 -7.2
1997 10 -7.3
1997 11 -5.8
1997 12 -4.2
1998 1 -3.3
1998 2 -4.9
1998 3 -5.1
1998 4 -6.1
1998 5 -6.9
1998 6 -8.1
1998 7 -8.7
1998 8 -9.9
1998 9 -9.7
1998 10 -7.4
1998 11 -6.8
1998 12 -5.1
1999 1 -5.5
1999 2 -3.5
1999 3 -5.3
1999 4 -7.9
1999 5 -7.3
1999 6 -8.8
1999 7 -10.9
1999 8 -9.7
1999 9 -7.7
1999 10 -8.4
1999 11 -7.4
1999 12 -5.6
2000 1 -4.3
2000 2 -5.0
2000 3 -5.9
2000 4 -6.0
2000 5 -8.0
2000 6 -8.5
2000 7 -10.6
2000 8 -9.6
2000 9 -8.9
2000 10 -7.8
2000 11 -7.5
2000 12 -5.0
2001 1 -4.0
2001 2 -2.5
2001 3 -4.5
2001 4 -6.2
2001 5 -8.3
2001 6 -9.2
2001 7 -9.4
2001 8 -8.6
2001 9 -9.7
2001 10 -7.6
2001 11 -7.2
2001 12 -5.1
2002 1 -4.3
2002 2 -4.5
2002 3 -4.1
2002 4 -6.3
2002 5 -6.5
2002 6 -9.9
2002 7 -9.6
2002 8 -8.8
2002 9 -8.4
2002 10 -6.9
2002 11 -6.6
2002 12 -6.0
2003 1 -4.0
2003 2 -4.4
2003 3 -5.1
2003 4 -6.6
2003 5 -7.5
2003 6 -7.5
2003 7 -10.2
2003 8 -10.4
2003 9 -8.7
2003 10 -6.6
2003 11 -5.6
2003 12 -6.3
2004 1 -3.8
2004 2 -5.0
2004 3 -4.4
2004 4 -5.6
2004 5 -9.5
2004 6 -8.9
2004 7 -9.4
2004 8 -9.6
2004 9 -8.3
2004 10 -8.0
2004 11 -7.1
2004 12 -5.0
2005 1 -3.7
2005 2 -4.3
2005 3 -5.0
2005 4 -7.4
2005 5 -7.6
2005 6 -7.8
2005 7 -9.5
2005 8 -9.2
2005 9 -10.1
2005 10 -9.1
2005 11 -6.2
2005 12 -5.7
2006 1 -3.6
2006 2 -3.6
2006 3 -5.0
2006 4 -5.7
2006 5 -7.7
2006 6 -7.3
2006 7 -7.4
2006 8 -9.1
2006 9 -7.9
2006 10 -6.1
2006 11 -6.6
2006 12 -5.0
2007 1 -4.4
2007 2 -3.8
2007 3 -5.4
2007 4 -5.4
2007 5 -9.1
2007 6 -9.8
2007 7 -11.2
2007 8 -12.5
2007 9 -8.0
2007 10 -7.1
2007 11 -6.8
2007 12 -5.3
2008 1 -4.2
2008 2 -4.4
2008 3 -5.2
2008 4 -6.1
2008 5 -7.2
2008 6 -9.9
2008 7 -7.7
2008 8 -9.1
2008 9 -9.1
2008 10 -7.7
2008 11 -5.5
2008 12 -5.0
2009 1 -4.7
2009 2 -3.9
2009 3 -3.9
2009 4 -3.5
2009 5 -6.1
2009 6 -8.7
2009 7 -10.6
2009 8 -8.0
2009 9 -10.0
2009 10 -7.0
2009 11 -5.4
2009 12 -5.9
2010 1 -3.6
2010 2 -3.7
2010 3 -3.6
2010 4 -6.6
2010 5 -8.3
2010 6 -8.8
2010 7 -11.5
2010 8 -10.8
2010 9 -8.9
2010 10 -8.5
2010 11 -7.3
2010 12 -5.6
2011 1 -4.3
2011 2 -5.4
2011 3 -5.8
2011 4 -5.6
2011 5 -7.5
2011 6 -9.0
2011 7 -10.4
2011 8 -10.5
2011 9 -7.5
2011 10 -8.4
2011 11 -5.7
2011 12 -5.1
2012 1 -2.8
2012 2 -3.4
2012 3 -4.4
2012 4 -5.8
2012 5 -6.2
2012 6 -8.4
2012 7 -10.9
2012 8 -9.6
2012 9 -7.5
2012 10 -7.7
2012 11 -5.9
2012 12 -4.0
2013 1 -3.7
2013 2 -3.4
2013 3 -5.9
2013 4 -5.2
2013 5 -6.7
2013 6 -7.5
2013 7 -9.9
2013 8 -10.0
2013 9 -9.6
2013 10 -7.2
2013 11 -6.6
2013 12 -3.1
2014 1 -3.2
2014 2 -6.2
2014 3 -7.3
2014 4 -7.1
2014 5 -7.7
2014 6 -8.6
2014 7 -9.7
2014 8 -8.3
2014 9 -8.1
2014 10 -6.4
2014 11 -8.1
2014 12 -6.3
2015 1 -3.3
2015 2 -4.6
2015 3 -4.5
2015 4 -3.8
2015 5 -5.4
2015 6 -7.6
2015 7 -8.7
2015 8 -7.4
2015 9 -7.9
2015 10 -8.9
2015 11 -7.8
2015 12 -5.4
2016 1 -3.2
2016 2 -2.9
2016 3 -4.6
2016 4 -7.5
2016 5 -6.5
2016 6 -8.5
2016 7 -8.3
2016 8 -7.6
2016 9 -7.8
2016 10 -7.1
2016 11 -6.7
2016 12 -4.7
2017 1 -1.9
2017 2 -2.8
2017 3 -4.0
2017 4 -5.4
2017 5 -7.1
2017 6 -8.3
2017 7 -8.3
2017 8 -8.8
2017 9 -8.4
2017 10 -8.2
2017 11 -5.8
2017 12 -5.8
2018 1 -4.2
2018 2 -3.8
2018 3 -5.8
2018 4 -4.3
2018 5 -6.2
2018 6 -9.7
2018 7 -10.3
2018 8 -9.6
2018 9 -6.8
2018 10 -8.0
2018 11 -6.2
2018 12 -5.7
2019 1 -4.6
2019 2 -4.5
2019 3 -6.5
2019 4 -5.6
2019 5 -7.8
2019 6 -9.4
2019 7 -8.8
2019 8 -8.8
2019 9 -8.4
2019 10 -7.9
2019 11 -4.8
2019 12 -5.4
2020 1 -2.9
2020 2 -4.2
2020 3 -2.8
2020 4 -4.1
2020 5 -6.2
2020 6 -7.7
2020 7 -9.0
2020 8 -9.4
2020 9 -7.5
2020 10 -7.4
2020 11 -6.6
2020 12 -5.8
2021 1 -4.8
2021 2 -4.8
2021 3 -5.1
2021 4 -4.2
2021 5 -6.4
2021 6 -8.6
2021 7 -8.9
2021 8 -8.3
2021 9 -7.3
2021 10 -7.4
2021 11 -7.1
2021 12 -5.0
2022 1 -3.2
2022 2 -4.7
2022 3 -5.7
2022 4 -6.1
2022 5 -7.4
2022 6 -8.4
2022 7 -8.4
2022 8 -9.3
2022 9 -9.2
2022 10 -8.5
2022 11 -5.7
2022 12 -4.8
2023 1 -3.5
2023 2 -3.3
2023 3 -2.4
2023 4 -4.8
2023 5 -5.4
2023 6 -6.3
2023 7 -7.4
2023 8 -6.5
2023 9 -7.0
2023 10 -7.2
2023 11 -6.2
2023 12 -5.3
2024 1 -2.2
2024 2 -2.2
2024 3 -2.6
2024 4 -5.5
2024 5 -8.6
2024 6 -6.7
2024 7 -9.7
2024 8 -9.6
2024 9 -6.8
2024 10 -6.7
2024 11 -6.2
2024 12 -4.9
2025 1 -3.4
2025 2 1.2
2025 3 -4.7
2025 4 -6.1
2025 5 -5.7
2025 6 -8.4
