1981 1 16.1016
1981 2 15.9964
1981 3 15.2484
1981 4 13.84
1981 5 11.2484
1981 6 8.8717
1981 7 8.3403
1981 8 8.8403
1981 9 9.305
1981 10 11.9597
1981 11 11.96
1981 12 14.779
1982 1 17.2371
1982 2 15.275
1982 3 14.4468
1982 4 12.95
1982 5 11.279
1982 6 7.5433
1982 7 8.4355
1982 8 9.2145
1982 9 11.6233
1982 10 11.0774
1982 11 12.125
1982 12 15.9871
1983 1 18.1774
1983 2 16.5036
1983 3 14.4419
1983 4 12.445
1983 5 9.7242
1983 6 6.4667
1983 7 6.5
1983 8 8.5306
1983 9 8.6933
1983 10 11.8516
1983 11 14.35
1983 12 17.2403
1984 1 17.4871
1984 2 15.4621
1984 3 15.7968
1984 4 11.0
1984 5 8.8871
1984 6 6.4383
1984 7 7.2935
1984 8 7.9694
1984 9 10.93
1984 10 11.1565
1984 11 13.255
1984 12 15.6935
1985 1 16.7048
1985 2 16.5554
1985 3 14.4855
1985 4 10.82
1985 5 10.4177
1985 6 10.8733
1985 7 7.5726
1985 8 8.6339
1985 9 9.8383
1985 10 11.1048
1985 11 14.775
1985 12 15.6645
1986 1 15.4532
1986 2 16.2839
1986 3 13.3935
1986 4 12.3533
1986 5 10.4468
1986 6 7.975
1986 7 8.4565
1986 8 8.7919
1986 9 9.795
1986 10 13.0694
1986 11 12.1633
1986 12 14.7952
1987 1 16.5
1987 2 17.5429
1987 3 16.4629
1987 4 12.68
1987 5 9.4403
1987 6 8.6517
1987 7 9.5258
1987 8 8.2774
1987 9 9.4533
1987 10 12.4
1987 11 14.0717
1987 12 15.0048
1988 1 15.8645
1988 2 18.4466
1988 3 14.6516
1988 4 12.2267
1988 5 9.1871
1988 6 7.5883
1988 7 6.1839
1988 8 8.1677
1988 9 9.4717
1988 10 10.479
1988 11 13.3533
1988 12 14.9435
1989 1 17.5242
1989 2 17.4321
1989 3 14.3468
1989 4 11.8183
1989 5 9.2968
1989 6 9.03
1989 7 8.0984
1989 8 8.5935
1989 9 9.6233
1989 10 11.4484
1989 11 13.7667
1989 12 15.8484
1990 1 15.8839
1990 2 17.6304
1990 3 14.8145
1990 4 11.2817
1990 5 9.6032
1990 6 7.67
1990 7 7.8581
1990 8 9.721
1990 9 10.1867
1990 10 11.421
1990 11 12.6033
1990 12 15.2871
1991 1 16.379
1991 2 16.7821
1991 3 14.8048
1991 4 12.54
1991 5 9.879
1991 6 8.005
1991 7 7.9887
1991 8 7.7758
1991 9 10.5833
1991 10 11.2435
1991 11 13.7367
1991 12 13.8887
1992 1 17.8194
1992 2 15.8586
1992 3 16.6758
1992 4 11.8967
1992 5 9.5323
1992 6 7.9983
1992 7 6.5129
1992 8 9.1339
1992 9 9.8817
1992 10 10.4339
1992 11 14.4517
1992 12 14.8371
1993 1 16.0387
1993 2 17.9286
1993 3 16.5984
1993 4 12.7817
1993 5 9.8484
1993 6 8.96
1993 7 7.1097
1993 8 8.4565
1993 9 10.0933
1993 10 11.85
1993 11 13.36
1993 12 14.3887
1994 1 16.5952
1994 2 16.2125
1994 3 16.0532
1994 4 11.9283
1994 5 11.0645
1994 6 10.0283
1994 7 8.3323
1994 8 7.4258
1994 9 10.6867
1994 10 12.3
1994 11 13.2817
1994 12 15.7677
1995 1 15.6016
1995 2 16.2446
1995 3 13.9306
1995 4 13.1983
1995 5 10.1516
1995 6 8.5933
1995 7 6.4694
1995 8 7.4532
1995 9 9.4717
1995 10 11.4758
1995 11 13.2017
1995 12 17.4484
1996 1 16.021
1996 2 16.1397
1996 3 15.7952
1996 4 11.635
1996 5 10.3371
1996 6 6.4017
1996 7 9.0097
1996 8 9.5419
1996 9 10.6267
1996 10 11.7145
1996 11 13.5467
1996 12 15.9371
1997 1 17.3823
1997 2 15.4304
1997 3 16.3984
1997 4 14.0917
1997 5 11.7306
1997 6 9.425
1997 7 8.9161
1997 8 9.3839
1997 9 10.5683
1997 10 11.429
1997 11 13.7417
1997 12 15.3419
1998 1 16.1177
1998 2 18.3018
1998 3 15.8016
1998 4 13.415
1998 5 12.6516
1998 6 8.6517
1998 7 7.5516
1998 8 8.0629
1998 9 8.8217
1998 10 12.1887
1998 11 13.3517
1998 12 15.7935
1999 1 18.0097
1999 2 17.5232
1999 3 14.9097
1999 4 12.1167
1999 5 9.8323
1999 6 7.5617
1999 7 7.1048
1999 8 9.9645
1999 9 10.455
1999 10 12.7065
1999 11 14.5367
1999 12 15.6742
2000 1 16.3645
2000 2 16.5034
2000 3 13.1677
2000 4 11.9183
2000 5 10.2565
2000 6 9.515
2000 7 7.0484
2000 8 8.9403
2000 9 8.895
2000 10 12.1565
2000 11 12.8217
2000 12 14.7758
2001 1 16.321
2001 2 16.4857
2001 3 14.1032
2001 4 11.0283
2001 5 10.9048
2001 6 8.3883
2001 7 8.4403
2001 8 9.1242
2001 9 9.8467
2001 10 12.6532
2001 11 12.1717
2001 12 16.6823
2002 1 17.1645
2002 2 17.4536
2002 3 14.3306
2002 4 11.1717
2002 5 10.279
2002 6 6.5217
2002 7 7.8113
2002 8 9.9516
2002 9 9.8883
2002 10 11.121
2002 11 12.8933
2002 12 15.0032
2003 1 16.3548
2003 2 15.6518
2003 3 16.0016
2003 4 11.7933
2003 5 9.2065
2003 6 10.2383
2003 7 7.1419
2003 8 8.6194
2003 9 9.685
2003 10 11.3258
2003 11 13.89
2003 12 13.3661
2004 1 17.5161
2004 2 17.6741
2004 3 15.3403
2004 4 12.66
2004 5 9.5032
2004 6 9.02
2004 7 8.2097
2004 8 9.3952
2004 9 9.6333
2004 10 11.4935
2004 11 13.7133
2004 12 15.1274
2005 1 15.2468
2005 2 19.3554
2005 3 14.8516
2005 4 10.745
2005 5 9.7452
2005 6 7.99
2005 7 8.1839
2005 8 8.5
2005 9 9.6967
2005 10 10.9855
2005 11 13.7283
2005 12 14.8
2006 1 15.9597
2006 2 17.7214
2006 3 13.6048
2006 4 11.835
2006 5 9.4855
2006 6 10.2717
2006 7 9.0726
2006 8 8.8048
2006 9 9.4117
2006 10 11.1726
2006 11 12.6617
2006 12 14.6758
2007 1 16.5
2007 2 15.6196
2007 3 15.7613
2007 4 11.295
2007 5 8.5177
2007 6 6.5083
2007 7 6.9597
2007 8 5.7161
2007 9 9.8667
2007 10 11.3532
2007 11 12.3417
2007 12 14.4565
2008 1 18.1726
2008 2 19.1345
2008 3 16.5065
2008 4 11.605
2008 5 9.5952
2008 6 8.5967
2008 7 9.0871
2008 8 8.3839
2008 9 10.4383
2008 10 11.3403
2008 11 14.7317
2008 12 17.3048
2009 1 17.2774
2009 2 17.0696
2009 3 16.4274
2009 4 13.81
2009 5 10.2516
2009 6 7.5933
2009 7 6.3629
2009 8 9.9355
2009 9 8.8917
2009 10 10.6177
2009 11 10.7167
2009 12 14.1532
2010 1 15.279
2010 2 15.6125
2010 3 15.4968
2010 4 11.3017
2010 5 8.4935
2010 6 9.1517
2010 7 6.9613
2010 8 8.0113
2010 9 9.3633
2010 10 11.3145
2010 11 12.8
2010 12 14.0758
2011 1 16.9952
2011 2 18.6071
2011 3 14.4677
2011 4 11.845
2011 5 8.9774
2011 6 8.5283
2011 7 7.0758
2011 8 8.1758
2011 9 10.4583
2011 10 10.9516
2011 11 13.59
2011 12 16.979
2012 1 18.9984
2012 2 17.2655
2012 3 15.5919
2012 4 11.5867
2012 5 10.4468
2012 6 8.1133
2012 7 6.5258
2012 8 8.5984
2012 9 10.48
2012 10 11.3742
2012 11 13.8733
2012 12 14.9097
2013 1 19.1919
2013 2 17.4464
2013 3 14.9113
2013 4 13.2917
2013 5 10.5339
2013 6 7.6433
2013 7 7.7177
2013 8 7.8968
2013 9 9.375
2013 10 12.2645
2013 11 13.2683
2013 12 16.3871
2014 1 16.8419
2014 2 16.4446
2014 3 14.2645
2014 4 11.1717
2014 5 10.7968
2014 6 8.0467
2014 7 7.9146
2014 8 9.5832
2014 9 10.385
2014 10 11.8984
2014 11 12.2867
2014 12 14.7806
2015 1 17.5565
2015 2 17.025
2015 3 16.95
2015 4 13.8983
2015 5 11.0532
2015 6 9.0133
2015 7 8.3919
2015 8 9.7919
2015 9 9.1617
2015 10 11.779
2015 11 13.3383
2015 12 15.0371
2016 1 18.858
2016 2 17.2552
2016 3 16.3387
2016 4 11.5383
2016 5 12.0097
2016 6 6.8933
2016 7 8.0694
2016 8 9.2323
2016 9 11.3833
2016 10 11.9387
2016 11 13.8278
2016 12 15.3855
2017 1 16.8839
2017 2 18.1357
2017 3 15.0919
2017 4 13.3917
2017 5 9.3758
2017 6 8.2583
2017 7 7.1242
2017 8 8.1355
2017 9 8.805
2017 10 11.0637
2017 11 12.7967
2017 12 15.4726
2018 1 17.2419
2018 2 18.3116
2018 3 14.8424
2018 4 11.7767
2018 5 10.5613
2018 6 6.9924
2018 7 7.045
2018 8 8.3524
2018 9 9.9265
2018 10 11.2064
2018 11 12.9159
2018 12 15.9262
2019 1 15.7548
2019 2 18.7375
2019 3 15.4016
2019 4 12.8317
2019 5 10.7766
2019 6 9.2167
2019 7 8.6919
2019 8 9.0306
2019 9 9.5783
2019 10 11.4194
2019 11 13.995
2019 12 15.3081
2020 1 17.8194
2020 2 17.2966
2020 3 16.979
2020 4 13.555
2020 5 10.7516
2020 6 8.3567
2020 7 7.9371
2020 8 8.1323
2020 9 9.6617
2020 10 11.0226
2020 11 13.3992
2020 12 14.2242
2021 1 16.7468
2021 2 17.7643
2021 3 16.2
2021 4 13.8767
2021 5 10.8581
2021 6 8.755
2021 7 7.2806
2021 8 8.6645
2021 9 9.9067
2021 10 11.2774
2021 11 13.7417
2021 12 16.8371
2022 1 17.2032
2022 2 18.0643
2022 3 14.1677
2022 4 10.9433
2022 5 8.6226
2022 6 8.0542
2022 7 7.6887
2022 8 8.1129
2022 9 9.6717
2022 10 11.4484
2022 11 15.5042
2022 12 16.3685
2023 1 17.2073
2023 2 18.0777
2023 3 16.0121
2023 4 13.2358
2023 5 9.9927
2023 6 8.7133
2023 7 8.4274
2023 8 8.3867
2023 9 9.3383
2023 10 9.9306
2023 11 11.6333
2023 12 15.4323
2024 1 17.5742
2024 2 18.5931
2024 3 12.3129
2024 4 9.295
2024 5 4.8935
2024 6 8.0633
2024 7 3.4129
2024 8 4.571
2024 9 6.3133
2024 10 8.3661
2024 11 9.745
2024 12 10.9177
2025 1 12.6613
2025 2 12.9071
2025 3 12.1081
2025 4 9.99
2025 5 7.0758
2025 6 4.6683
