1991 1 3.5
1991 2 3.9
1991 3 2.9
1991 4 0.6
1991 5 -1.1
1991 6 -3.9
1991 7 -4.8
1991 8 -5.0
1991 9 -2.1
1991 10 -2.1
1991 11 1.2
1991 12 2.3
1992 1 3.8
1992 2 3.0
1992 3 3.3
1992 4 -0.6
1992 5 -2.9
1992 6 -4.4
1992 7 -6.0
1992 8 -4.3
1992 9 -3.2
1992 10 -0.5
1992 11 0.4
1992 12 2.7
1993 1 4.2
1993 2 3.5
1993 3 3.2
1993 4 -0.2
1993 5 -3.4
1993 6 -3.7
1993 7 -6.0
1993 8 -4.5
1993 9 -4.0
1993 10 -1.3
1993 11 0.9
1993 12 3.5
1994 1 4.3
1994 2 2.8
1994 3 2.3
1994 4 -0.2
1994 5 -1.5
1994 6 -2.7
1994 7 -4.8
1994 8 -4.5
1994 9 -1.9
1994 10 -0.7
1994 11 2.2
1994 12 4.9
1995 1 4.3
1995 2 2.8
1995 3 2.1
1995 4 0.1
1995 5 -1.8
1995 6 -3.3
1995 7 -5.5
1995 8 -5.0
1995 9 -2.7
1995 10 -0.5
1995 11 1.8
1995 12 5.0
1996 1 3.9
1996 2 3.3
1996 3 2.7
1996 4 -1.0
1996 5 -2.0
1996 6 -5.6
1996 7 -4.7
1996 8 -3.3
1996 9 -3.3
1996 10 0.0
1996 11 2.7
1996 12 3.3
1997 1 4.7
1997 2 3.6
1997 3 3.0
1997 4 1.8
1997 5 -0.8
1997 6 -3.6
1997 7 -3.2
1997 8 -3.0
1997 9 -1.8
1997 10 -0.9
1997 11 1.8
1997 12 3.4
1998 1 4.6
1998 2 2.4
1998 3 2.1
1998 4 -0.2
1998 5 -1.3
1998 6 -3.3
1998 7 -3.6
1998 8 -4.1
1998 9 -3.6
1998 10 1.2
1998 11 1.8
1998 12 3.9
1999 1 3.6
1999 2 5.0
1999 3 1.7
1999 4 -1.2
1999 5 -1.8
1999 6 -3.9
1999 7 -5.6
1999 8 -4.0
1999 9 -1.5
1999 10 -0.6
1999 11 1.2
1999 12 3.1
2000 1 4.5
2000 2 3.6
2000 3 1.9
2000 4 0.4
2000 5 -2.9
2000 6 -3.6
2000 7 -5.6
2000 8 -4.2
2000 9 -3.4
2000 10 -0.2
2000 11 1.2
2000 12 4.1
2001 1 4.9
2001 2 6.5
2001 3 3.0
2001 4 -0.4
2001 5 -3.1
2001 6 -4.1
2001 7 -4.1
2001 8 -3.1
2001 9 -3.5
2001 10 -0.6
2001 11 1.2
2001 12 4.6
2002 1 4.2
2002 2 3.9
2002 3 3.2
2002 4 -0.2
2002 5 -1.5
2002 6 -5.5
2002 7 -4.4
2002 8 -3.3
2002 9 -2.0
2002 10 0.4
2002 11 1.8
2002 12 3.2
2003 1 5.6
2003 2 4.2
2003 3 3.3
2003 4 0.1
2003 5 -2.0
2003 6 -1.9
2003 7 -4.8
2003 8 -4.6
2003 9 -1.6
2003 10 1.9
2003 11 3.3
2003 12 3.1
2004 1 5.4
2004 2 3.8
2004 3 3.8
2004 4 0.6
2004 5 -4.4
2004 6 -3.5
2004 7 -4.4
2004 8 -4.0
2004 9 -1.7
2004 10 -0.4
2004 11 1.1
2004 12 4.2
2005 1 4.6
2005 2 4.4
2005 3 2.4
2005 4 -0.8
2005 5 -2.5
2005 6 -2.9
2005 7 -4.1
2005 8 -3.9
2005 9 -3.9
2005 10 -1.1
2005 11 2.9
2005 12 3.8
2006 1 5.6
2006 2 4.6
2006 3 2.4
2006 4 0.8
2006 5 -2.4
2006 6 -2.4
2006 7 -2.5
2006 8 -3.2
2006 9 -1.8
2006 10 1.0
2006 11 2.0
2006 12 4.4
2007 1 4.5
2007 2 4.1
2007 3 2.4
2007 4 0.4
2007 5 -4.3
2007 6 -5.4
2007 7 -5.9
2007 8 -7.3
2007 9 -2.1
2007 10 0.6
2007 11 1.9
2007 12 4.0
2008 1 5.0
2008 2 4.4
2008 3 3.0
2008 4 0.6
2008 5 -1.9
2008 6 -5.0
2008 7 -3.4
2008 8 -3.8
2008 9 -2.5
2008 10 0.2
2008 11 3.7
2008 12 4.4
2009 1 4.8
2009 2 5.0
2009 3 4.6
2009 4 3.1
2009 5 -0.8
2009 6 -3.7
2009 7 -5.0
2009 8 -2.3
2009 9 -4.0
2009 10 0.5
2009 11 2.2
2009 12 3.7
2010 1 5.9
2010 2 4.7
2010 3 4.5
2010 4 -0.3
2010 5 -2.5
2010 6 -4.0
2010 7 -6.6
2010 8 -5.0
2010 9 -2.5
2010 10 -0.4
2010 11 1.9
2010 12 3.4
2011 1 4.5
2011 2 3.5
2011 3 2.3
2011 4 0.8
2011 5 -2.5
2011 6 -4.7
2011 7 -5.7
2011 8 -5.1
2011 9 -1.4
2011 10 -0.6
2011 11 2.7
2011 12 4.4
2012 1 5.7
2012 2 4.8
2012 3 3.9
2012 4 0.6
2012 5 -1.2
2012 6 -3.5
2012 7 -5.5
2012 8 -4.2
2012 9 -1.7
2012 10 -0.7
2012 11 2.8
2012 12 4.3
2013 1 5.2
2013 2 5.2
2013 3 1.8
2013 4 1.0
2013 5 -1.7
2013 6 -2.8
2013 7 -4.8
2013 8 -4.4
2013 9 -3.9
2013 10 0.6
2013 11 2.1
2013 12 5.7
2014 1 6.4
2014 2 2.6
2014 3 1.3
2014 4 -0.3
2014 5 -1.7
2014 6 -4.1
2014 7 -4.0
2014 8 -2.4
2014 9 -1.8
2014 10 1.5
2014 11 1.7
2014 12 3.1
2015 1 5.9
2015 2 3.8
2015 3 4.2
2015 4 2.3
2015 5 -1.2
2015 6 -3.0
2015 7 -3.8
2015 8 -1.6
2015 9 -2.1
2015 10 -2.5
2015 11 0.8
2015 12 4.1
2016 1 5.1
2016 2 5.2
2016 3 3.4
2016 4 -0.6
2016 5 -1.4
2016 6 -3.9
2016 7 -3.0
2016 8 -1.2
2016 9 -0.7
2016 10 0.4
2016 11 2.6
2016 12 4.1
2017 1 7.5
2017 2 5.6
2017 3 3.5
2017 4 1.3
2017 5 -1.3
2017 6 -3.2
2017 7 -3.5
2017 8 -3.1
2017 9 -2.1
2017 10 -0.5
2017 11 2.4
2017 12 4.4
2018 1 4.7
2018 2 5.1
2018 3 2.8
2018 4 1.9
2018 5 -0.6
2018 6 -4.2
2018 7 -4.6
2018 8 -3.7
2018 9 -0.8
2018 10 -0.2
2018 11 2.5
2018 12 3.7
2019 1 4.5
2019 2 4.9
2019 3 2.0
2019 4 1.7
2019 5 -1.7
2019 6 -4.0
2019 7 -3.4
2019 8 -2.5
2019 9 -1.9
2019 10 -0.2
2019 11 4.3
2019 12 4.7
2020 1 5.7
2020 2 4.7
2020 3 5.0
2020 4 2.3
2020 5 -0.1
2020 6 -3.4
2020 7 -3.5
2020 8 -3.4
2020 9 -1.2
2020 10 0.1
2020 11 2.5
2020 12 3.8
2021 1 3.9
2021 2 3.8
2021 3 2.9
2021 4 2.1
2021 5 -0.7
2021 6 -3.8
2021 7 -3.4
2021 8 -2.4
2021 9 -1.3
2021 10 0.5
2021 11 2.2
2021 12 4.1
2022 1 4.9
2022 2 4.0
2022 3 2.9
2022 4 0.9
2022 5 -1.6
2022 6 -3.5
2022 7 -3.6
2022 8 -3.0
2022 9 -2.3
2022 10 0.0
2022 11 3.5
2022 12 5.2
2023 1 5.1
2023 2 5.4
2023 3 5.3
2023 4 2.4
2023 5 -0.0
2023 6 -1.7
2023 7 -2.1
2023 8 -1.4
2023 9 -1.6
2023 10 -0.1
2023 11 1.5
2023 12 4.5
2024 1 6.9
2024 2 7.4
2024 3 5.8
2024 4 1.3
2024 5 -4.0
2024 6 -2.1
2024 7 -4.3
2024 8 -3.9
2024 9 -0.6
2024 10 1.5
2024 11 3.3
2024 12 4.6
2025 1 6.7
2025 2 8.6
2025 3 3.4
2025 4 1.0
2025 5 -0.0
2025 6 -3.3
