1981 1 10.25
1981 2 10.2018
1981 3 7.5661
1981 4 6.545
1981 5 4.6871
1981 6 2.685
1981 7 2.0548
1981 8 2.7532
1981 9 4.0067
1981 10 7.1742
1981 11 8.4017
1981 12 9.2355
1982 1 11.9355
1982 2 10.1964
1982 3 9.1758
1982 4 7.5433
1982 5 5.1581
1982 6 1.9633
1982 7 1.6645
1982 8 1.8129
1982 9 4.1767
1982 10 4.7871
1982 11 7.225
1982 12 9.8532
1983 1 10.7774
1983 2 8.3304
1983 3 8.3855
1983 4 6.525
1983 5 4.0145
1983 6 1.2833
1983 7 2.0645
1983 8 3.5355
1983 9 4.9283
1983 10 6.1952
1983 11 8.7533
1983 12 10.2161
1984 1 9.5177
1984 2 9.4345
1984 3 9.3726
1984 4 6.2783
1984 5 1.2258
1984 6 1.595
1984 7 0.2855
1984 8 2.9387
1984 9 5.5333
1984 10 5.5774
1984 11 8.1317
1984 12 9.8694
1985 1 11.4935
1985 2 10.8093
1985 3 6.683
1985 4 4.7665
1985 5 3.3056
1985 6 2.3117
1985 7 2.7
1985 8 3.5787
1985 9 4.6083
1985 10 6.5371
1985 11 8.1833
1985 12 8.8903
1986 1 9.3097
1986 2 7.8107
1986 3 7.3016
1986 4 4.785
1986 5 1.6403
1986 6 1.4267
1986 7 2.5629
1986 8 3.3161
1986 9 3.9143
1986 10 6.6839
1986 11 6.3383
1986 12 8.3876
1987 1 9.129
1987 2 9.7339
1987 3 7.9742
1987 4 6.0883
1987 5 4.9839
1987 6 2.4983
1987 7 0.3984
1987 8 2.3823
1987 9 3.54
1987 10 6.5694
1987 11 8.335
1987 12 9.2823
1988 1 8.7113
1988 2 9.9517
1988 3 9.2645
1988 4 5.655
1988 5 4.7871
1988 6 2.6733
1988 7 2.4806
1988 8 1.179
1988 9 4.825
1988 10 5.6
1988 11 7.5067
1988 12 7.9387
1989 1 9.4984
1989 2 10.5
1989 3 8.4355
1989 4 6.0242
1989 5 3.6499
1989 6 1.8764
1989 7 3.7391
1989 8 3.7383
1989 9 4.1913
1989 10 6.6952
1989 11 7.84
1989 12 8.802
1990 1 9.6065
1990 2 10.8518
1990 3 8.679
1990 4 4.615
1990 5 4.95
1990 6 2.3083
1990 7 3.0387
1990 8 2.2113
1990 9 4.1883
1990 10 6.2365
1990 11 6.3383
1990 12 7.8629
1991 1 9.9871
1991 2 9.4482
1991 3 7.4417
1991 4 5.9483
1991 5 3.7919
1991 6 0.75
1991 7 1.2839
1991 8 2.2556
1991 9 3.5168
1991 10 5.2521
1991 11 7.4
1991 12 7.2335
1992 1 10.8274
1992 2 8.2759
1992 3 6.8911
1992 4 6.3517
1992 5 2.6048
1992 6 -0.005
1992 7 1.1226
1992 8 2.8903
1992 9 3.865
1992 10 5.5387
1992 11 8.28
1992 12 10.7387
1993 1 9.229
1993 2 10.1429
1993 3 8.7516
1993 4 5.4017
1993 5 4.3984
1993 6 1.07
1993 7 2.5468
1993 8 3.3968
1993 9 4.85
1993 10 6.9823
1993 11 8.2545
1993 12 8.575
1994 1 10.3871
1994 2 8.345
1994 3 8.1435
1994 4 6.0017
1994 5 2.4823
1994 6 1.3417
1994 7 0.6113
1994 8 3.5032
1994 9 4.1167
1994 10 4.929
1994 11 9.0333
1994 12 9.9524
1995 1 10.2468
1995 2 9.4316
1995 3 6.8804
1995 4 7.2391
1995 5 4.7306
1995 6 0.9
1995 7 -2.75
1995 8 -0.7636
1995 9 3.3889
1995 10 6.181
1995 11 7.6524
1995 12 8.9737
1996 1 9.1839
1996 2 9.5143
1996 3 7.7925
1996 4 5.5279
1996 5 5.7262
1996 6 0.9136
1996 7 2.624
1996 8 3.55
1996 9 5.9528
1996 10 6.4978
1996 11 7.1273
1996 12 9.502
1997 1 10.0871
1997 2 8.59
1997 3 8.92
1997 4 5.1154
1997 5 3.2333
1997 6 1.65
1997 7 0.7704
1997 8 3.0324
1997 9 3.5498
1997 10 6.1944
1997 11 7.764
1997 12 8.6794
1998 1 9.7371
1998 2 11.0542
1998 3 9.6152
1998 4 7.4795
1998 5 4.7605
1998 6 4.91
1998 7 3.0543
1998 8 2.8857
1998 9 4.715
1998 10 6.031
1998 11 8.2881
1998 12 8.6143
1999 1 9.6677
1999 2 9.34
1999 3 8.1043
1999 4 6.4667
1999 5 4.165
1999 6 2.7025
1999 7 3.1409
1999 8 2.6773
1999 9 3.919
1999 10 6.3125
1999 11 9.6381
1999 12 9.1571
2000 1 9.2145
2000 2 10.0905
2000 3 7.6913
2000 4 7.3237
2000 5 4.5295
2000 6 1.725
2000 7 1.9238
2000 8 3.3364
2000 9 1.9111
2000 10 6.0048
2000 11 7.281
2000 12 7.7079
2001 1 9.4226
2001 2 8.9197
2001 3 7.9545
2001 4 5.94
2001 5 4.53
2001 6 2.0901
2001 7 0.1726
2001 8 2.9552
2001 9 4.2265
2001 10 6.9455
2001 11 7.5349
2001 12 9.8372
2002 1 10.0161
2002 2 10.865
2002 3 6.95
2002 4 6.4973
2002 5 2.0551
2002 6 0.0506
2002 7 1.8455
2002 8 2.6357
2002 9 4.2921
2002 10 4.8826
2002 11 6.495
2002 12 9.6432
2003 1 8.8435
2003 2 9.5797
2003 3 8.1786
2003 4 6.3262
2003 5 4.995
2003 6 0.6775
2003 7 3.7287
2003 8 3.7474
2003 9 5.3658
2003 10 5.8341
2003 11 6.0474
2003 12 7.8782
2004 1 10.9129
2004 2 11.89
2004 3 9.4239
2004 4 6.0
2004 5 5.08
2004 6 4.06
2004 7 2.5727
2004 8 3.0091
2004 9 4.0952
2004 10 6.6
2004 11 9.2024
2004 12 10.1023
2005 1 10.2903
2005 2 12.135
2005 3 8.3455
2005 4 6.6371
2005 5 3.4619
2005 6 0.2619
2005 7 2.4557
2005 8 3.1864
2005 9 5.9619
2005 10 5.7125
2005 11 7.6714
2005 12 8.6143
2006 1 10.2045
2006 2 9.8909
2006 3 9.1717
2006 4 5.4693
2006 5 5.4227
2006 6 2.155
2006 7 2.1095
2006 8 3.1705
2006 9 4.4079
2006 10 7.7929
2006 11 7.8815
2006 12 9.575
2007 1 10.6473
2007 2 8.9352
2007 3 7.3567
2007 4 5.4488
2007 5 -0.304
2007 6 1.7847
2007 7 1.5072
2007 8 4.7142
2007 9 5.7534
2007 10 6.804
2007 11 6.5067
2007 12 8.8178
2008 1 11.4524
2008 2 11.5418
2008 3 9.8957
2008 4 5.23
2008 5 3.6315
2008 6 2.2887
2008 7 1.6911
2008 8 2.0958
2008 9 6.3789
2008 10 7.565
2008 11 7.4919
2008 12 10.3624
2009 1 11.2571
2009 2 8.735
2009 3 13.39
2009 4 6.4978
2009 5 3.3841
2009 6 4.21
2009 7 2.7656
2009 8 1.5958
2009 9 3.9668
2009 10 3.7407
2009 11 4.738
2009 12 8.5762
2010 1 9.2175
2010 2 8.2182
2010 3 7.852
2010 4 6.9613
2010 5 5.3649
2010 6 1.9533
2010 7 2.2758
2010 8 3.0854
2010 9 4.0764
2010 10 6.8655
2010 11 8.5883
2010 12 7.4548
2011 1 9.421
2011 2 10.6875
2011 3 8.8306
2011 4 5.0917
2011 5 4.1774
2011 6 2.2083
2011 7 2.715
2011 8 2.5061
2011 9 4.1269
2011 10 6.3484
2011 11 6.6667
2011 12 10.9591
2012 1 13.363
2012 2 7.5155
2012 3 9.0516
2012 4 5.3517
2012 5 3.5968
2012 6 1.1739
2012 7 1.8516
2012 8 4.8306
2012 9 5.2233
2012 10 5.8839
2012 11 7.28
2012 12 7.0339
2013 1 10.5903
2013 2 8.7411
2013 3 8.4548
2013 4 7.8967
2013 5 3.1403
2013 6 2.655
2013 7 2.76
2013 8 1.279
2013 9 4.0183
2013 10 6.334
2013 11 7.0379
2013 12 7.2839
2014 1 8.3629
2014 2 9.104
2014 3 6.7387
2014 4 6.2717
2014 5 4.5161
2014 6 2.8133
2014 7 2.2565
2014 8 3.4581
2014 9 4.185
2014 10 6.0323
2014 11 6.9567
2014 12 8.679
2015 1 10.1042
2015 2 9.2661
2015 3 9.5581
2015 4 6.2233
2015 5 3.5548
2015 6 1.5467
2015 7 0.6645
2015 8 2.2919
2015 9 3.0633
2015 10 6.1484
2015 11 7.67
2015 12 8.3032
2016 1 10.0323
2016 2 9.169
2016 3 9.7871
2016 4 5.115
2016 5 4.1323
2016 6 4.7033
2016 7 2.9742
2016 8 2.3452
2016 9 6.3267
2016 10 7.7855
2016 11 8.2617
2016 12 8.3841
2017 1 9.5728
2017 2 10.5268
2017 3 8.564
2017 4 6.925
2017 5 4.8226
2017 6 1.575
2017 7 3.8371
2017 8 3.429
2017 9 4.5202
2017 10 6.1774
2017 11 8.4583
2017 12 9.1935
2018 1 10.6984
2018 2 11.1607
2018 3 8.3694
2018 4 5.4867
2018 5 4.4323
2018 6 2.045
2018 7 2.1258
2018 8 3.6919
2018 9 3.4117
2018 10 5.4565
2018 11 8.485
2018 12 10.2984
2019 1 9.8661
2019 2 9.1875
2019 3 8.6871
2019 4 5.7783
2019 5 4.1581
2019 6 1.555
2019 7 2.0048
2019 8 2.629
2019 9 3.945
2019 10 6.2597
2019 11 7.7783
2019 12 9.9484
2020 1 10.5435
2020 2 10.9655
2020 3 9.6113
2020 4 7.4483
2020 5 5.029
2020 6 1.8467
2020 7 0.3516
2020 8 2.0113
2020 9 4.3133
2020 10 6.3371
2020 11 9.6367
2020 12 9.5226
2021 1 10.3516
2021 2 11.4768
2021 3 9.3524
2021 4 6.87
2021 5 4.0935
2021 6 2.785
2021 7 2.5419
2021 8 3.5742
2021 9 5.4167
2021 10 6.5677
2021 11 8.5717
2021 12 10.9952
2022 1 9.2661
2022 2 9.5857
2022 3 7.8419
2022 4 5.34
2022 5 5.0645
2022 6 2.935
2022 7 1.429
2022 8 3.3419
2022 9 4.9467
2022 10 7.0774
2022 11 10.08
2022 12 9.1048
2023 1 10.6089
2023 2 9.3929
2023 3 6.671
2023 4 5.4733
2023 5 5.1774
2023 6 2.82
2023 7 1.4589
2023 8 2.5081
2023 9 3.9883
2023 10 6.8016
2023 11 6.7583
2023 12 9.2161
2024 1 10.7
2024 2 11.0086
2024 3 6.8298
2024 4 4.6983
2024 5 2.5806
2024 6 -1.4483
2024 7 1.7742
2024 8 2.1726
2024 9 2.625
2024 10 5.7226
2024 11 6.9067
2024 12 8.0919
2025 1 9.929
2025 2 7.8643
2025 3 7.729
2025 4 5.7133
2025 5 2.4629
2025 6 1.82
