1981 1 19.0258
1981 2 18.8482
1981 3 18.8274
1981 4 17.9767
1981 5 16.429
1981 6 13.9533
1981 7 13.6952
1981 8 13.0726
1981 9 12.8917
1981 10 13.3323
1981 11 14.5167
1981 12 16.5419
1982 1 19.3484
1982 2 19.0446
1982 3 18.6065
1982 4 17.635
1982 5 15.6403
1982 6 14.1133
1982 7 13.7032
1982 8 13.2435
1982 9 13.675
1982 10 13.9065
1982 11 14.5983
1982 12 17.6742
1983 1 19.3839
1983 2 19.4929
1983 3 18.3065
1983 4 17.015
1983 5 14.8952
1983 6 13.345
1983 7 12.4661
1983 8 12.3452
1983 9 12.0983
1983 10 13.9484
1983 11 16.2633
1983 12 18.3048
1984 1 19.4613
1984 2 18.9983
1984 3 18.7661
1984 4 17.17
1984 5 14.3323
1984 6 12.5317
1984 7 12.2613
1984 8 11.7371
1984 9 12.9717
1984 10 13.9339
1984 11 14.2617
1984 12 16.8742
1985 1 19.0919
1985 2 19.0196
1985 3 17.9581
1985 4 16.2683
1985 5 16.0032
1985 6 14.8883
1985 7 13.0065
1985 8 12.7565
1985 9 13.185
1985 10 13.7306
1985 11 15.2467
1985 12 16.7065
1986 1 18.3516
1986 2 19.1071
1986 3 18.0194
1986 4 17.0233
1986 5 15.8806
1986 6 14.1717
1986 7 13.5129
1986 8 13.4097
1986 9 13.0517
1986 10 14.7306
1986 11 14.9433
1986 12 17.0581
1987 1 18.9887
1987 2 19.4589
1987 3 19.4065
1987 4 17.45
1987 5 15.0677
1987 6 14.6183
1987 7 13.279
1987 8 13.0258
1987 9 12.9417
1987 10 14.3097
1987 11 15.8317
1987 12 17.9065
1988 1 18.7194
1988 2 19.1603
1988 3 19.3516
1988 4 17.5833
1988 5 15.7468
1988 6 14.2217
1988 7 12.3145
1988 8 12.6452
1988 9 12.1467
1988 10 13.3613
1988 11 15.62
1988 12 17.2903
1989 1 19.9129
1989 2 20.375
1989 3 18.6952
1989 4 17.34
1989 5 15.2855
1989 6 14.9267
1989 7 13.2871
1989 8 12.5016
1989 9 11.995
1989 10 13.4452
1989 11 15.6283
1989 12 18.4048
1990 1 19.0903
1990 2 19.0518
1990 3 18.7387
1990 4 16.8233
1990 5 15.2758
1990 6 13.89
1990 7 13.0548
1990 8 13.5548
1990 9 13.5083
1990 10 13.6694
1990 11 14.345
1990 12 16.6823
1991 1 18.5887
1991 2 19.1768
1991 3 17.9177
1991 4 16.8183
1991 5 15.7645
1991 6 13.7217
1991 7 13.1903
1991 8 11.9532
1991 9 13.29
1991 10 12.8274
1991 11 15.4367
1991 12 17.0532
1992 1 18.3097
1992 2 18.5379
1992 3 19.2645
1992 4 16.65
1992 5 14.4871
1992 6 12.8933
1992 7 11.9903
1992 8 12.1129
1992 9 12.6183
1992 10 13.671
1992 11 15.295
1992 12 17.3742
1993 1 19.4242
1993 2 19.7339
1993 3 20.0081
1993 4 16.985
1993 5 15.071
1993 6 14.4267
1993 7 12.3242
1993 8 12.4113
1993 9 12.535
1993 10 13.7258
1993 11 15.505
1993 12 16.6516
1994 1 19.0081
1994 2 18.6714
1994 3 18.8774
1994 4 16.9983
1994 5 15.6613
1994 6 14.9733
1994 7 13.6565
1994 8 12.1097
1994 9 13.6883
1994 10 14.0532
1994 11 15.925
1994 12 17.8016
1995 1 18.621
1995 2 18.6339
1995 3 18.3806
1995 4 17.86
1995 5 15.9323
1995 6 14.81
1995 7 12.3048
1995 8 12.2081
1995 9 12.5817
1995 10 13.3532
1995 11 14.145
1995 12 18.0339
1996 1 18.6484
1996 2 18.7569
1996 3 19.2516
1996 4 16.8217
1996 5 15.9387
1996 6 13.3033
1996 7 13.6
1996 8 13.079
1996 9 13.0267
1996 10 13.7516
1996 11 16.3317
1996 12 17.6613
1997 1 19.6887
1997 2 18.2571
1997 3 18.2016
1997 4 18.3317
1997 5 16.2355
1997 6 14.0667
1997 7 13.0871
1997 8 12.7129
1997 9 12.4683
1997 10 12.7887
1997 11 14.8317
1997 12 16.5726
1998 1 18.2032
1998 2 18.075
1998 3 18.4129
1998 4 16.415
1998 5 16.5581
1998 6 13.98
1998 7 13.1081
1998 8 12.5581
1998 9 12.85
1998 10 14.1661
1998 11 15.215
1998 12 17.171
1999 1 18.0355
1999 2 18.6357
1999 3 17.2387
1999 4 16.1517
1999 5 14.729
1999 6 13.64
1999 7 12.2581
1999 8 12.7597
1999 9 12.8567
1999 10 13.2984
1999 11 15.9717
1999 12 17.2129
2000 1 18.9855
2000 2 18.6931
2000 3 17.8661
2000 4 15.625
2000 5 14.8
2000 6 13.9883
2000 7 12.0613
2000 8 12.8581
2000 9 12.16
2000 10 13.0935
2000 11 15.03
2000 12 17.9145
2001 1 19.5097
2001 2 19.8714
2001 3 18.129
2001 4 16.4883
2001 5 14.8565
2001 6 13.8967
2001 7 13.3774
2001 8 11.9065
2001 9 12.05
2001 10 13.2
2001 11 14.6683
2001 12 17.7629
2002 1 19.3016
2002 2 18.8946
2002 3 18.0871
2002 4 15.9733
2002 5 14.729
2002 6 11.96
2002 7 12.1468
2002 8 12.2419
2002 9 12.3017
2002 10 13.4581
2002 11 14.7117
2002 12 16.1871
2003 1 18.9161
2003 2 19.0464
2003 3 18.3645
2003 4 16.69
2003 5 15.0774
2003 6 15.465
2003 7 12.7532
2003 8 12.7823
2003 9 12.8183
2003 10 13.7855
2003 11 14.9067
2003 12 16.4952
2004 1 17.7871
2004 2 17.9724
2004 3 17.7097
2004 4 16.5867
2004 5 14.8806
2004 6 14.0233
2004 7 12.4968
2004 8 11.5694
2004 9 12.5967
2004 10 14.1968
2004 11 15.0
2004 12 17.8806
2005 1 18.6435
2005 2 19.1357
2005 3 18.8855
2005 4 16.48
2005 5 14.7548
2005 6 13.9033
2005 7 12.829
2005 8 12.2419
2005 9 12.6033
2005 10 13.3403
2005 11 15.76
2005 12 16.7097
2006 1 18.6742
2006 2 19.0071
2006 3 18.1935
2006 4 16.7967
2006 5 15.4097
2006 6 14.8633
2006 7 13.579
2006 8 13.0629
2006 9 12.7083
2006 10 14.0758
2006 11 15.4117
2006 12 17.6677
2007 1 18.5435
2007 2 18.45
2007 3 18.5548
2007 4 16.3183
2007 5 14.1161
2007 6 12.2733
2007 7 12.6081
2007 8 11.2339
2007 9 11.9967
2007 10 13.5855
2007 11 14.6967
2007 12 16.4
2008 1 19.0597
2008 2 20.4103
2008 3 19.4484
2008 4 17.475
2008 5 16.1145
2008 6 14.3383
2008 7 14.1887
2008 8 13.4758
2008 9 12.945
2008 10 13.9903
2008 11 15.9133
2008 12 17.8355
2009 1 19.5371
2009 2 19.8857
2009 3 19.7565
2009 4 19.3883
2009 5 17.1355
2009 6 14.93
2009 7 13.2645
2009 8 14.6484
2009 9 12.7833
2009 10 13.8113
2009 11 14.1717
2009 12 16.6935
2010 1 18.7855
2010 2 17.8875
2010 3 18.3048
2010 4 16.3
2010 5 14.429
2010 6 13.4767
2010 7 11.8387
2010 8 11.95
2010 9 12.3867
2010 10 13.3032
2010 11 14.6567
2010 12 16.3177
2011 1 18.7806
2011 2 18.1286
2011 3 17.9871
2011 4 16.5517
2011 5 14.9355
2011 6 13.6067
2011 7 11.8355
2011 8 12.2677
2011 9 12.7033
2011 10 13.3758
2011 11 15.1533
2011 12 17.7855
2012 1 19.6758
2012 2 20.1293
2012 3 20.2065
2012 4 17.3433
2012 5 16.4516
2012 6 14.6
2012 7 12.3774
2012 8 12.1484
2012 9 12.4483
2012 10 13.4435
2012 11 15.6917
2012 12 17.1081
2013 1 18.2839
2013 2 19.8946
2013 3 18.85
2013 4 17.455
2013 5 15.8274
2013 6 14.46
2013 7 12.8694
2013 8 12.6081
2013 9 13.0717
2013 10 14.2597
2013 11 14.7167
2013 12 17.421
2014 1 19.3242
2014 2 18.8625
2014 3 17.9548
2014 4 16.6017
2014 5 16.2081
2014 6 13.8267
2014 7 12.6581
2014 8 13.1548
2014 9 13.01
2014 10 13.9806
2014 11 14.63
2014 12 16.2371
2015 1 18.5081
2015 2 18.9268
2015 3 19.3855
2015 4 17.7517
2015 5 16.4806
2015 6 14.7333
2015 7 13.8629
2015 8 13.3032
2015 9 12.94
2015 10 13.2613
2015 11 14.6883
2015 12 16.1674
2016 1 19.009
2016 2 19.5724
2016 3 18.8702
2016 4 15.5544
2016 5 15.5544
2016 6 14.26
2016 7 13.35
2016 8 13.7903
2016 9 13.5733
2016 10 14.4258
2016 11 16.1667
2016 12 17.6484
2017 1 20.7935
2017 2 21.0661
2017 3 19.0161
2017 4 17.5433
2017 5 15.1645
2017 6 13.7633
2017 7 12.4048
2017 8 12.0419
2017 9 11.9733
2017 10 13.5113
2017 11 14.9167
2017 12 16.6048
2018 1 18.4323
2018 2 19.0446
2018 3 18.6984
2018 4 16.6667
2018 5 15.4694
2018 6 13.4917
2018 7 12.3742
2018 8 12.2823
2018 9 13.13
2018 10 12.8984
2018 11 15.3167
2018 12 16.479
2019 1 17.321
2019 2 18.5464
2019 3 17.7968
2019 4 16.3967
2019 5 15.079
2019 6 13.4333
2019 7 12.9016
2019 8 12.6968
2019 9 12.015
2019 10 13.2677
2019 11 15.9067
2019 12 17.6387
2020 1 18.7508
2020 2 18.7707
2020 3 18.7161
2020 4 16.97
2020 5 15.779
2020 6 13.475
2020 7 12.7726
2020 8 12.0452
2020 9 12.3517
2020 10 12.8806
2020 11 14.6017
2020 12 16.4903
2021 1 18.2903
2021 2 18.4393
2021 3 18.6694
2021 4 17.1983
2021 5 14.9161
2021 6 13.945
2021 7 12.3694
2021 8 12.521
2021 9 12.1833
2021 10 12.9984
2021 11 14.82
2021 12 16.0194
2022 1 17.8452
2022 2 18.4411
2022 3 17.4371
2022 4 16.22
2022 5 14.5419
2022 6 12.9333
2022 7 11.7855
2022 8 11.9274
2022 9 11.9033
2022 10 13.6258
2022 11 15.99
2022 12 18.6468
2023 1 18.4274
2023 2 19.6714
2023 3 18.8
2023 4 16.9633
2023 5 15.1548
2023 6 15.2367
2023 7 13.7581
2023 8 13.3025
2023 9 12.945
2023 10 12.7129
2023 11 13.8433
2023 12 15.3065
2024 1 18.3339
2024 2 19.8017
2024 3 18.0774
2024 4 15.6717
2024 5 12.479
2024 6 13.3467
2024 7 11.3565
2024 8 10.2742
2024 9 11.425
2024 10 12.1742
2024 11 13.9817
2024 12 15.7177
2025 1 18.3371
2025 2 18.8089
2025 3 17.9774
2025 4 16.3317
2025 5 14.7355
2025 6 13.3683
