1981 1 18.4647
1981 2 18.7285
1981 3 18.0754
1981 4 14.5531
1981 5 11.5172
1981 6 8.5449
1981 7 9.0596
1981 8 9.2051
1981 9 10.3564
1981 10 12.6605
1981 11 14.6249
1981 12 17.5656
1982 1 19.9785
1982 2 18.8385
1982 3 17.6297
1982 4 14.584
1982 5 11.3125
1982 6 8.1093
1982 7 9.1556
1982 8 9.5072
1982 9 11.6172
1982 10 12.1214
1982 11 13.8342
1982 12 18.8879
1983 1 20.7136
1983 2 19.297
1983 3 17.1271
1983 4 13.4837
1983 5 9.7268
1983 6 6.9023
1983 7 7.1322
1983 8 9.2462
1983 9 9.6841
1983 10 13.6054
1983 11 16.9057
1983 12 19.7113
1984 1 18.8283
1984 2 18.1325
1984 3 17.7661
1984 4 13.2662
1984 5 9.3387
1984 6 5.8833
1984 7 7.8435
1984 8 7.9161
1984 9 10.435
1984 10 11.8613
1984 11 14.51
1984 12 18.1097
1985 1 19.0613
1985 2 18.7333
1985 3 16.0241
1985 4 11.3308
1985 5 11.1148
1985 6 10.816
1985 7 7.3019
1985 8 8.9258
1985 9 10.9833
1985 10 11.8645
1985 11 16.0767
1985 12 18.1355
1986 1 18.7548
1986 2 18.5304
1986 3 16.471
1986 4 12.43
1986 5 10.4613
1986 6 8.3233
1986 7 8.4274
1986 8 9.2133
1986 9 10.2733
1986 10 14.2823
1986 11 14.095
1986 12 18.5677
1987 1 20.7274
1987 2 20.7857
1987 3 19.0516
1987 4 14.0217
1987 5 9.5871
1987 6 8.6167
1987 7 9.3065
1987 8 8.9145
1987 9 10.1683
1987 10 14.0613
1987 11 17.1133
1987 12 18.5911
1988 1 19.158
1988 2 21.7042
1988 3 17.457
1988 4 13.8273
1988 5 9.7465
1988 6 8.5352
1988 7 7.0837
1988 8 8.3864
1988 9 10.1692
1988 10 11.9511
1988 11 15.554
1988 12 17.8901
1989 1 20.6213
1989 2 20.9069
1989 3 17.1477
1989 4 13.5617
1989 5 9.958
1989 6 9.4339
1989 7 8.0665
1989 8 8.4675
1989 9 10.6244
1989 10 13.4157
1989 11 16.1055
1989 12 17.6911
1990 1 20.0349
1990 2 20.3821
1990 3 17.1311
1990 4 12.9786
1990 5 9.7914
1990 6 8.2511
1990 7 8.0775
1990 8 9.7186
1990 9 11.0185
1990 10 12.6525
1990 11 14.7413
1990 12 17.5437
1991 1 18.9256
1991 2 19.6562
1991 3 17.7598
1991 4 13.9784
1991 5 10.7174
1991 6 8.7471
1991 7 8.0382
1991 8 8.3677
1991 9 10.8898
1991 10 12.6812
1991 11 15.4439
1991 12 16.2963
1992 1 20.8254
1992 2 18.5475
1992 3 18.5061
1992 4 12.5826
1992 5 9.933
1992 6 7.8558
1992 7 6.5707
1992 8 9.0619
1992 9 10.6387
1992 10 11.7006
1992 11 15.5803
1992 12 16.957
1993 1 19.3172
1993 2 20.6428
1993 3 18.6487
1993 4 13.5482
1993 5 9.56
1993 6 9.4013
1993 7 7.2626
1993 8 8.9772
1993 9 10.3885
1993 10 12.9591
1993 11 14.6125
1993 12 17.415
1994 1 20.149
1994 2 19.2942
1994 3 18.4409
1994 4 13.1852
1994 5 10.5499
1994 6 9.7571
1994 7 8.2711
1994 8 7.7566
1994 9 11.4501
1994 10 12.9629
1994 11 15.0892
1994 12 18.1094
1995 1 19.0439
1995 2 19.4994
1995 3 16.9359
1995 4 14.1299
1995 5 10.6798
1995 6 8.7679
1995 7 6.5178
1995 8 7.7892
1995 9 10.6842
1995 10 12.479
1995 11 15.2899
1995 12 20.0602
1996 1 18.6521
1996 2 18.8507
1996 3 17.6032
1996 4 12.37
1996 5 10.4958
1996 6 6.68
1996 7 8.5806
1996 8 9.6597
1996 9 11.5117
1996 10 13.5355
1996 11 16.2231
1996 12 18.5758
1997 1 20.2
1997 2 19.4054
1997 3 18.5419
1997 4 16.01
1997 5 11.7435
1997 6 8.8617
1997 7 8.3726
1997 8 9.9194
1997 9 11.6133
1997 10 12.1403
1997 11 14.945
1997 12 17.8726
1998 1 19.079
1998 2 19.2661
1998 3 16.9855
1998 4 13.29
1998 5 12.3113
1998 6 8.345
1998 7 7.3065
1998 8 8.5887
1998 9 10.7417
1998 10 14.5016
1998 11 15.6056
1998 12 19.5884
1999 1 20.8156
1999 2 20.8579
1999 3 16.4402
1999 4 13.4052
1999 5 10.4897
1999 6 8.285
1999 7 7.2677
1999 8 9.9887
1999 9 11.2183
1999 10 14.0742
1999 11 18.2167
1999 12 18.7545
2000 1 19.9468
2000 2 17.9017
2000 3 16.0855
2000 4 13.4533
2000 5 10.6581
2000 6 9.2983
2000 7 7.3823
2000 8 9.3371
2000 9 10.255
2000 10 13.6371
2000 11 15.1317
2000 12 17.8161
2001 1 19.0758
2001 2 19.9893
2001 3 16.8129
2001 4 12.5983
2001 5 10.729
2001 6 8.9167
2001 7 8.4306
2001 8 9.6823
2001 9 10.5283
2001 10 14.1548
2001 11 14.96
2001 12 21.0081
2002 1 21.0226
2002 2 20.5857
2002 3 15.5952
2002 4 12.0283
2002 5 9.629
2002 6 6.9217
2002 7 7.8952
2002 8 9.8435
2002 9 10.7467
2002 10 12.2403
2002 11 14.5067
2002 12 17.921
2003 1 19.5629
2003 2 18.8679
2003 3 18.531
2003 4 13.7357
2003 5 9.8675
2003 6 10.245
2003 7 6.7323
2003 8 9.6016
2003 9 11.09
2003 10 13.7048
2003 11 16.034
2003 12 16.8306
2004 1 21.0435
2004 2 20.0328
2004 3 17.7145
2004 4 13.3404
2004 5 8.5574
2004 6 8.4914
2004 7 8.0
2004 8 9.4754
2004 9 10.9483
2004 10 12.0919
2004 11 15.8283
2004 12 17.8918
2005 1 19.0966
2005 2 21.7679
2005 3 17.5733
2005 4 13.7767
2005 5 9.871
2005 6 8.3483
2005 7 8.5
2005 8 9.1365
2005 9 11.2017
2005 10 13.0903
2005 11 16.4267
2005 12 18.3097
2006 1 20.2581
2006 2 21.0393
2006 3 16.3919
2006 4 14.025
2006 5 9.7952
2006 6 10.01
2006 7 8.7452
2006 8 9.5
2006 9 10.8883
2006 10 12.2694
2006 11 15.2533
2006 12 16.4437
2007 1 19.9518
2007 2 18.3107
2007 3 18.3048
2007 4 12.7933
2007 5 9.4726
2007 6 7.13
2007 7 7.1661
2007 8 6.3887
2007 9 9.88
2007 10 12.7016
2007 11 15.1067
2007 12 18.0645
2008 1 21.5726
2008 2 21.9137
2008 3 18.5774
2008 4 13.6086
2008 5 10.5483
2008 6 8.1883
2008 7 8.9952
2008 8 8.4274
2008 9 12.0283
2008 10 19.825
2008 11 17.775
2008 12 19.605
2009 1 21.675
2009 2 20.3911
2009 3 19.8978
2009 4 16.3159
2009 5 11.03
2009 6 7.1367
2009 7 6.7581
2009 8 9.1355
2009 9 9.806
2009 10 12.524
2009 11 12.3167
2009 12 16.7476
2010 1 19.6032
2010 2 17.9125
2010 3 17.629
2010 4 12.6767
2010 5 10.1952
2010 6 8.2483
2010 7 6.2726
2010 8 7.7378
2010 9 10.185
2010 10 13.1455
2010 11 16.025
2010 12 16.8758
2011 1 20.0345
2011 2 19.9929
2011 3 16.7541
2011 4 13.2306
2011 5 9.6401
2011 6 8.52
2011 7 7.1516
2011 8 8.25
2011 9 10.8717
2011 10 12.6597
2011 11 15.8821
2011 12 20.6935
2012 1 20.9806
2012 2 19.5155
2012 3 18.3742
2012 4 13.5733
2012 5 10.6677
2012 6 9.1183
2012 7 7.2161
2012 8 8.721
2012 9 11.7126
2012 10 12.5113
2012 11 16.315
2012 12 16.1984
2013 1 21.6968
2013 2 19.5071
2013 3 16.6952
2013 4 13.96
2013 5 10.1129
2013 6 8.77
2013 7 8.2323
2013 8 8.6355
2013 9 10.2067
2013 10 13.8452
2013 11 16.365
2013 12 20.7419
2014 1 20.9306
2014 2 19.7179
2014 3 17.2371
2014 4 12.2433
2014 5 10.8823
2014 6 7.9717
2014 7 8.271
2014 8 9.7661
2014 9 10.7217
2014 10 14.1694
2014 11 15.1049
2014 12 18.4484
2015 1 21.929
2015 2 20.7875
2015 3 19.0371
2015 4 14.8683
2015 5 10.3113
2015 6 8.7017
2015 7 7.779
2015 8 9.6251
2015 9 10.4462
2015 10 12.1177
2015 11 15.09
2015 12 18.53
2016 1 21.3508
2016 2 20.533
2016 3 19.1065
2016 4 12.3133
2016 5 11.6645
2016 6 7.7383
2016 7 7.7968
2016 8 9.9177
2016 9 13.1733
2016 10 13.8051
2016 11 17.4267
2016 12 19.1323
2017 1 22.1711
2017 2 21.6536
2017 3 17.4694
2017 4 14.2422
2017 5 9.5903
2017 6 8.4086
2017 7 7.8403
2017 8 8.3097
2017 9 10.5467
2017 10 12.7768
2017 11 16.31
2017 12 19.2499
2018 1 21.0274
2018 2 21.9357
2018 3 17.1726
2018 4 12.6517
2018 5 10.7242
2018 6 7.39
2018 7 7.5548
2018 8 8.8274
2018 9 11.6167
2018 10 12.35
2018 11 15.7583
2018 12 18.6597
2019 1 20.071
2019 2 21.4
2019 3 17.7274
2019 4 13.9017
2019 5 10.8774
2019 6 8.2233
2019 7 8.2823
2019 8 8.9129
2019 9 10.5433
2019 10 12.7129
2019 11 16.7867
2019 12 19.8468
2020 1 20.5726
2020 2 20.9172
2020 3 19.046
2020 4 14.62
2020 5 11.0887
2020 6 8.03
2020 7 7.6581
2020 8 8.9871
2020 9 10.8483
2020 10 13.8645
2020 11 17.6983
2020 12 19.4226
2021 1 20.921
2021 2 20.4946
2021 3 18.046
2021 4 14.635
2021 5 10.5871
2021 6 8.6767
2021 7 7.6613
2021 8 9.2968
2021 9 10.7133
2021 10 13.4613
2021 11 16.7533
2021 12 20.2065
2022 1 19.4435
2022 2 19.8589
2022 3 16.8339
2022 4 12.105
2022 5 9.0145
2022 6 8.1967
2022 7 7.6387
2022 8 8.8081
2022 9 10.865
2022 10 13.0516
2022 11 18.505
2022 12 19.4629
2023 1 20.4952
2023 2 21.3518
2023 3 18.4032
2023 4 14.6883
2023 5 10.6484
2023 6 9.5683
2023 7 8.2903
2023 8 8.9696
2023 9 10.1967
2023 10 12.3032
2023 11 14.2633
2023 12 17.9032
2024 1 21.9806
2024 2 21.5052
2024 3 14.9177
2024 4 9.6217
2024 5 4.0435
2024 6 9.04
2024 7 6.3581
2024 8 7.5516
2024 9 7.785
2024 10 11.2387
2024 11 11.9133
2024 12 15.4306
2025 1 18.5742
2025 2 17.6321
2025 3 14.7968
2025 4 9.965
2025 5 7.4403
2025 6 4.2583
