1981 1 20.6371
1981 2 21.2107
1981 3 19.1935
1981 4 16.5333
1981 5 13.5887
1981 6 9.9533
1981 7 9.629
1981 8 12.2097
1981 9 13.3717
1981 10 14.5274
1981 11 17.665
1981 12 20.2081
1982 1 21.079
1982 2 20.2589
1982 3 19.3694
1982 4 15.6933
1982 5 12.2581
1982 6 10.4017
1982 7 10.4677
1982 8 11.8548
1982 9 13.49
1982 10 15.2242
1982 11 17.1217
1982 12 21.1258
1983 1 21.8968
1983 2 21.8232
1983 3 19.1823
1983 4 16.5367
1983 5 11.6081
1983 6 7.9933
1983 7 8.5081
1983 8 10.5452
1983 9 11.43
1983 10 16.5629
1983 11 18.9633
1983 12 20.8984
1984 1 22.0177
1984 2 20.2845
1984 3 18.8726
1984 4 16.2783
1984 5 10.2419
1984 6 8.6317
1984 7 9.7258
1984 8 10.2532
1984 9 13.6117
1984 10 15.9258
1984 11 16.5067
1984 12 19.8484
1985 1 20.8774
1985 2 20.9732
1985 3 18.5903
1985 4 14.61
1985 5 12.6468
1985 6 11.8167
1985 7 9.3419
1985 8 10.1871
1985 9 13.595
1985 10 15.3548
1985 11 18.2333
1985 12 20.1
1986 1 21.2177
1986 2 20.9161
1986 3 18.8855
1986 4 15.01
1986 5 13.5161
1986 6 10.19
1986 7 11.0274
1986 8 11.3887
1986 9 12.9883
1986 10 16.9113
1986 11 17.21
1986 12 21.6726
1987 1 21.8468
1987 2 22.0
1987 3 20.1194
1987 4 16.0117
1987 5 11.2952
1987 6 11.36
1987 7 9.4903
1987 8 10.45
1987 9 12.6567
1987 10 15.8484
1987 11 19.3183
1987 12 20.5855
1988 1 20.6726
1988 2 21.2897
1988 3 19.1242
1988 4 16.0017
1988 5 11.4145
1988 6 9.725
1988 7 9.1387
1988 8 10.5774
1988 9 11.8633
1988 10 16.0274
1988 11 18.8833
1988 12 20.6435
1989 1 22.2758
1989 2 22.1946
1989 3 18.7355
1989 4 16.0433
1989 5 11.8645
1989 6 10.5033
1989 7 9.6452
1989 8 11.0887
1989 9 12.4017
1989 10 15.5484
1989 11 18.7533
1989 12 20.7855
1990 1 21.7387
1990 2 20.3536
1990 3 18.471
1990 4 15.5633
1990 5 12.0242
1990 6 11.235
1990 7 9.0661
1990 8 12.2548
1990 9 12.9567
1990 10 14.7984
1990 11 17.8983
1990 12 20.0677
1991 1 21.0177
1991 2 21.1768
1991 3 18.6629
1991 4 15.7167
1991 5 13.7984
1991 6 10.7483
1991 7 9.3081
1991 8 9.6274
1991 9 13.9933
1991 10 14.8194
1991 11 17.7867
1991 12 19.0968
1992 1 21.6742
1992 2 20.1138
1992 3 19.379
1992 4 14.9667
1992 5 11.7742
1992 6 8.72
1992 7 8.0532
1992 8 11.1887
1992 9 12.8767
1992 10 15.9661
1992 11 17.765
1992 12 19.9758
1993 1 22.1177
1993 2 21.5875
1993 3 20.2161
1993 4 15.6767
1993 5 11.1661
1993 6 11.1933
1993 7 8.5226
1993 8 11.2677
1993 9 12.335
1993 10 15.3742
1993 11 17.5133
1993 12 20.2274
1994 1 21.2194
1994 2 20.3732
1994 3 19.179
1994 4 16.635
1994 5 12.6129
1994 6 10.8767
1994 7 9.4177
1994 8 10.2032
1994 9 14.6517
1994 10 15.4645
1994 11 18.7133
1994 12 21.0613
1995 1 21.7387
1995 2 20.3357
1995 3 18.9968
1995 4 16.535
1995 5 14.4065
1995 6 11.69
1995 7 8.5274
1995 8 9.8065
1995 9 13.5467
1995 10 15.6371
1995 11 17.9683
1995 12 20.7984
1996 1 20.5742
1996 2 20.9241
1996 3 19.5161
1996 4 14.205
1996 5 12.1403
1996 6 9.8367
1996 7 11.2177
1996 8 11.2468
1996 9 13.3583
1996 10 15.6758
1996 11 19.1967
1996 12 20.3048
1997 1 22.2194
1997 2 21.4
1997 3 19.9323
1997 4 17.695
1997 5 13.6887
1997 6 10.2583
1997 7 10.7323
1997 8 12.5484
1997 9 13.8483
1997 10 14.5661
1997 11 18.055
1997 12 19.9371
1998 1 22.4661
1998 2 20.5804
1998 3 18.9952
1998 4 15.41
1998 5 13.4387
1998 6 11.0067
1998 7 9.6984
1998 8 11.0968
1998 9 12.93
1998 10 17.5823
1998 11 18.3183
1998 12 21.3403
1999 1 21.0677
1999 2 21.6446
1999 3 18.5323
1999 4 15.695
1999 5 13.1032
1999 6 10.6517
1999 7 8.8935
1999 8 10.9774
1999 9 12.4167
1999 10 15.2823
1999 11 18.24
1999 12 20.1871
2000 1 21.4935
2000 2 20.3431
2000 3 18.921
2000 4 15.5817
2000 5 11.9629
2000 6 9.9817
2000 7 9.8274
2000 8 11.5887
2000 9 12.63
2000 10 16.0016
2000 11 18.4883
2000 12 21.3597
2001 1 21.3871
2001 2 22.3554
2001 3 19.8065
2001 4 15.5867
2001 5 11.9016
2001 6 10.0383
2001 7 10.55
2001 8 11.6161
2001 9 12.1
2001 10 16.5242
2001 11 17.9367
2001 12 21.8903
2002 1 21.9903
2002 2 21.3857
2002 3 20.0597
2002 4 15.19
2002 5 12.9645
2002 6 8.9437
2002 7 10.0113
2002 8 11.5484
2002 9 13.7067
2002 10 15.529
2002 11 17.745
2002 12 19.9984
2003 1 22.2645
2003 2 21.2929
2003 3 19.6339
2003 4 15.8117
2003 5 12.221
2003 6 12.1717
2003 7 9.55
2003 8 11.6114
2003 9 14.21
2003 10 17.4371
2003 11 19.4167
2003 12 20.0048
2004 1 22.0903
2004 2 21.0138
2004 3 20.1935
2004 4 15.655
2004 5 11.4806
2004 6 10.4683
2004 7 10.0452
2004 8 10.9694
2004 9 13.9617
2004 10 15.8742
2004 11 18.2367
2004 12 21.0694
2005 1 21.9177
2005 2 21.6054
2005 3 19.779
2005 4 16.2617
2005 5 11.4339
2005 6 11.8833
2005 7 10.1177
2005 8 12.0935
2005 9 12.225
2005 10 15.0419
2005 11 18.9817
2005 12 20.1419
2006 1 22.4161
2006 2 21.5393
2006 3 19.0097
2006 4 16.4733
2006 5 13.6839
2006 6 11.345
2006 7 11.3323
2006 8 12.0532
2006 9 14.5217
2006 10 16.0403
2006 11 18.4333
2006 12 20.5177
2007 1 21.9661
2007 2 20.3679
2007 3 19.4323
2007 4 15.045
2007 5 11.0097
2007 6 8.3333
2007 7 8.7968
2007 8 8.5177
2007 9 12.215
2007 10 15.6194
2007 11 18.6583
2007 12 20.1758
2008 1 22.421
2008 2 21.9224
2008 3 19.9581
2008 4 16.125
2008 5 12.8742
2008 6 9.6683
2008 7 10.1468
2008 8 11.1048
2008 9 13.545
2008 10 15.9065
2008 11 19.36
2008 12 20.9065
2009 1 22.6306
2009 2 21.5179
2009 3 20.7226
2009 4 17.8783
2009 5 13.8065
2009 6 10.65
2009 7 9.9694
2009 8 11.7774
2009 9 11.79
2009 10 16.4
2009 11 17.1233
2009 12 20.5371
2010 1 22.2548
2010 2 20.7536
2010 3 20.071
2010 4 15.2717
2010 5 13.1129
2010 6 9.9433
2010 7 7.7532
2010 8 10.8645
2010 9 13.4417
2010 10 15.1871
2010 11 18.3367
2010 12 18.9129
2011 1 21.8935
2011 2 21.2714
2011 3 19.1403
2011 4 15.765
2011 5 12.9403
2011 6 9.4367
2011 7 8.7823
2011 8 10.0919
2011 9 15.215
2011 10 16.1161
2011 11 18.7133
2011 12 21.4468
2012 1 22.071
2012 2 22.7
2012 3 21.65
2012 4 16.5283
2012 5 14.0113
2012 6 11.61
2012 7 9.8468
2012 8 10.7968
2012 9 13.9333
2012 10 14.7984
2012 11 19.0267
2012 12 20.1758
2013 1 21.9726
2013 2 22.3036
2013 3 19.329
2013 4 16.0633
2013 5 12.5129
2013 6 11.2733
2013 7 9.9895
2013 8 11.2677
2013 9 13.0067
2013 10 16.1355
2013 11 18.2633
2013 12 21.0484
2014 1 22.4919
2014 2 20.825
2014 3 19.3161
2014 4 15.4917
2014 5 13.5935
2014 6 9.3817
2014 7 10.6806
2014 8 12.3323
2014 9 12.7983
2014 10 17.5516
2014 11 18.1417
2014 12 20.0274
2015 1 22.6032
2015 2 21.7321
2015 3 21.579
2015 4 18.0083
2015 5 13.9371
2015 6 11.49
2015 7 10.6129
2015 8 12.6968
2015 9 14.2567
2015 10 14.7806
2015 11 17.7967
2015 12 21.074
2016 1 21.9419
2016 2 22.3086
2016 3 20.0113
2016 4 15.345
2016 5 14.2113
2016 6 10.6833
2016 7 10.8532
2016 8 12.7742
2016 9 15.31
2016 10 16.4161
2016 11 19.8833
2016 12 20.6935
2017 1 24.1661
2017 2 22.5161
2017 3 19.9226
2017 4 16.58
2017 5 12.1984
2017 6 9.4833
2017 7 9.9968
2017 8 10.6645
2017 9 13.1383
2017 10 15.0581
2017 11 18.9533
2017 12 21.2274
2018 1 21.5726
2018 2 21.7268
2018 3 19.4548
2018 4 16.72
2018 5 13.4855
2018 6 9.7317
2018 7 9.679
2018 8 11.4823
2018 9 13.8083
2018 10 15.6726
2018 11 19.6383
2018 12 20.4581
2019 1 21.9742
2019 2 22.3911
2019 3 19.4194
2019 4 16.03
2019 5 12.6113
2019 6 9.6533
2019 7 9.9048
2019 8 12.3855
2019 9 13.38
2019 10 15.8081
2019 11 20.1883
2019 12 22.0758
2020 1 22.6887
2020 2 21.9276
2020 3 20.6242
2020 4 17.4
2020 5 14.1903
2020 6 9.2867
2020 7 10.0339
2020 8 10.8145
2020 9 14.0333
2020 10 16.3774
2020 11 18.4033
2020 12 20.8113
2021 1 21.5048
2021 2 20.1643
2021 3 19.1323
2021 4 16.16
2021 5 13.0694
2021 6 11.4667
2021 7 10.2565
2021 8 11.4323
2021 9 13.2917
2021 10 16.5532
2021 11 18.8933
2021 12 20.8839
2022 1 21.2097
2022 2 21.1393
2022 3 19.4758
2022 4 15.975
2022 5 12.7774
2022 6 9.92
2022 7 8.8048
2022 8 11.2597
2022 9 12.8417
2022 10 16.2903
2022 11 19.6917
2022 12 22.2532
2023 1 22.171
2023 2 23.2214
2023 3 21.729
2023 4 17.2067
2023 5 13.529
2023 6 11.925
2023 7 11.3565
2023 8 12.7387
2023 9 13.1783
2023 10 14.879
2023 11 16.7033
2023 12 20.1661
2024 1 22.8016
2024 2 23.1638
2024 3 18.2097
2024 4 13.4133
2024 5 6.3532
2024 6 8.7008
2024 7 5.8903
2024 8 7.0177
2024 9 10.4458
2024 10 13.3524
2024 11 14.8792
2024 12 16.4234
2025 1 18.8694
2025 2 19.1446
2025 3 16.5613
2025 4 13.0383
2025 5 9.8694
2025 6 6.3083
