1981 1 19.7113
1981 2 20.4679
1981 3 20.2758
1981 4 18.35
1981 5 16.9855
1981 6 15.035
1981 7 13.9177
1981 8 14.9274
1981 9 15.6167
1981 10 16.5242
1981 11 17.8633
1981 12 19.5629
1982 1 20.6
1982 2 20.525
1982 3 19.0194
1982 4 17.3717
1982 5 16.8548
1982 6 14.4383
1982 7 15.429
1982 8 15.5355
1982 9 16.8333
1982 10 18.029
1982 11 19.1333
1982 12 21.2968
1983 1 23.6113
1983 2 23.5375
1983 3 21.7306
1983 4 20.425
1983 5 18.3016
1983 6 14.8967
1983 7 15.7081
1983 8 15.8403
1983 9 15.51
1983 10 16.1435
1983 11 17.54
1983 12 19.9339
1984 1 20.721
1984 2 19.9931
1984 3 19.0371
1984 4 17.245
1984 5 15.1532
1984 6 13.96
1984 7 14.2919
1984 8 14.4048
1984 9 15.3783
1984 10 16.6048
1984 11 17.5083
1984 12 19.6548
1985 1 20.0516
1985 2 19.2732
1985 3 19.7129
1985 4 16.9933
1985 5 15.3903
1985 6 14.5667
1985 7 13.7468
1985 8 13.4081
1985 9 14.9117
1985 10 16.4113
1985 11 17.575
1985 12 19.2661
1986 1 19.8
1986 2 20.4446
1986 3 19.9161
1986 4 17.1783
1986 5 16.7048
1986 6 14.8833
1986 7 14.3484
1986 8 14.6145
1986 9 15.0333
1986 10 16.9097
1986 11 17.98
1986 12 20.0403
1987 1 20.8597
1987 2 21.7
1987 3 20.3065
1987 4 17.9583
1987 5 16.0774
1987 6 15.4417
1987 7 15.2161
1987 8 15.2629
1987 9 15.8817
1987 10 17.1774
1987 11 18.205
1987 12 19.771
1988 1 20.0452
1988 2 20.2862
1988 3 19.5194
1988 4 18.13
1988 5 15.9645
1988 6 14.4567
1988 7 13.3097
1988 8 14.2194
1988 9 14.9117
1988 10 16.2
1988 11 17.7217
1988 12 18.3645
1989 1 20.2468
1989 2 21.6911
1989 3 19.1887
1989 4 17.4733
1989 5 14.5274
1989 6 14.95
1989 7 14.0065
1989 8 14.7581
1989 9 14.7267
1989 10 16.4355
1989 11 17.8983
1989 12 19.3194
1990 1 20.8581
1990 2 19.9268
1990 3 18.7032
1990 4 17.775
1990 5 15.7581
1990 6 14.845
1990 7 14.0548
1990 8 14.8194
1990 9 15.9733
1990 10 15.7323
1990 11 17.39
1990 12 19.0113
1991 1 20.1855
1991 2 19.9286
1991 3 18.9806
1991 4 17.385
1991 5 16.8806
1991 6 15.415
1991 7 14.9823
1991 8 14.1065
1991 9 16.1117
1991 10 16.3516
1991 11 17.6017
1991 12 18.9855
1992 1 20.2419
1992 2 20.2672
1992 3 21.3048
1992 4 18.9533
1992 5 17.9387
1992 6 15.385
1992 7 14.0758
1992 8 14.3048
1992 9 15.1367
1992 10 16.8629
1992 11 18.305
1992 12 19.0565
1993 1 21.0113
1993 2 20.1018
1993 3 19.4629
1993 4 18.5233
1993 5 16.0952
1993 6 14.7617
1993 7 14.35
1993 8 14.7855
1993 9 15.0183
1993 10 16.3016
1993 11 17.6967
1993 12 18.879
1994 1 20.0855
1994 2 19.8589
1994 3 19.3532
1994 4 17.9033
1994 5 16.2097
1994 6 15.1683
1994 7 14.1839
1994 8 14.5468
1994 9 16.1767
1994 10 16.9887
1994 11 18.0833
1994 12 19.321
1995 1 20.2435
1995 2 19.6482
1995 3 19.1048
1995 4 17.6683
1995 5 16.5145
1995 6 15.79
1995 7 13.9677
1995 8 13.9984
1995 9 15.06
1995 10 16.05
1995 11 17.6417
1995 12 18.4258
1996 1 19.7435
1996 2 19.5034
1996 3 19.2419
1996 4 17.3783
1996 5 16.0677
1996 6 13.57
1996 7 13.7806
1996 8 14.4661
1996 9 15.21
1996 10 16.2806
1996 11 18.0133
1996 12 18.9984
1997 1 20.729
1997 2 20.3821
1997 3 20.3323
1997 4 17.92
1997 5 18.1565
1997 6 17.4617
1997 7 16.9726
1997 8 17.721
1997 9 17.4333
1997 10 17.4484
1997 11 18.705
1997 12 21.8903
1998 1 23.1935
1998 2 22.1339
1998 3 20.7629
1998 4 18.4983
1998 5 16.1484
1998 6 15.3433
1998 7 14.7016
1998 8 13.979
1998 9 14.6017
1998 10 16.0032
1998 11 17.55
1998 12 18.8306
1999 1 19.4565
1999 2 20.9732
1999 3 19.1855
1999 4 16.865
1999 5 16.0661
1999 6 14.5733
1999 7 13.5629
1999 8 14.629
1999 9 15.255
1999 10 16.1161
1999 11 17.425
1999 12 18.8177
2000 1 20.6823
2000 2 19.6759
2000 3 18.7387
2000 4 17.4167
2000 5 15.3484
2000 6 14.3917
2000 7 13.8726
2000 8 14.3935
2000 9 15.02
2000 10 15.7032
2000 11 16.82
2000 12 19.5226
2001 1 20.5452
2001 2 21.1161
2001 3 19.6065
2001 4 17.3883
2001 5 15.0548
2001 6 14.0867
2001 7 14.0935
2001 8 14.6774
2001 9 14.6467
2001 10 16.4129
2001 11 16.9867
2001 12 19.4387
2002 1 20.0339
2002 2 20.1786
2002 3 20.1806
2002 4 17.015
2002 5 16.9968
2002 6 14.2317
2002 7 14.179
2002 8 14.4742
2002 9 15.455
2002 10 16.4839
2002 11 17.3983
2002 12 18.6484
2003 1 20.1145
2003 2 20.7857
2003 3 18.8323
2003 4 16.8967
2003 5 16.3758
2003 6 15.0367
2003 7 13.9161
2003 8 14.3645
2003 9 15.0333
2003 10 17.0468
2003 11 18.3967
2003 12 18.6694
2004 1 20.0823
2004 2 19.8672
2004 3 19.1565
2004 4 17.63
2004 5 14.6565
2004 6 14.0967
2004 7 14.3645
2004 8 14.379
2004 9 15.7933
2004 10 16.4468
2004 11 17.605
2004 12 19.2548
2005 1 20.2355
2005 2 19.2196
2005 3 19.1968
2005 4 16.7083
2005 5 15.3758
2005 6 14.785
2005 7 13.7645
2005 8 14.7387
2005 9 14.2917
2005 10 15.6355
2005 11 17.4317
2005 12 18.6129
2006 1 20.7516
2006 2 21.1482
2006 3 18.9839
2006 4 16.665
2006 5 15.9403
2006 6 14.295
2006 7 15.6468
2006 8 14.3565
2006 9 15.7617
2006 10 16.9968
2006 11 17.705
2006 12 19.0613
2007 1 21.0306
2007 2 20.0071
2007 3 19.2016
2007 4 16.8817
2007 5 14.2194
2007 6 13.1333
2007 7 12.7468
2007 8 12.5581
2007 9 13.4433
2007 10 15.0274
2007 11 16.7933
2007 12 17.9919
2008 1 21.0097
2008 2 19.7931
2008 3 18.771
2008 4 16.2667
2008 5 14.0758
2008 6 14.385
2008 7 14.0419
2008 8 14.5177
2008 9 15.125
2008 10 16.2548
2008 11 17.89
2008 12 19.0
2009 1 20.0016
2009 2 20.0982
2009 3 19.4242
2009 4 18.2083
2009 5 16.5581
2009 6 14.4017
2009 7 13.3629
2009 8 14.4387
2009 9 14.5583
2009 10 15.8581
2009 11 17.415
2009 12 19.129
2010 1 20.5306
2010 2 20.4893
2010 3 19.0806
2010 4 17.67
2010 5 15.9177
2010 6 13.905
2010 7 12.529
2010 8 13.5645
2010 9 14.4067
2010 10 15.6823
2010 11 17.185
2010 12 18.2806
2011 1 19.65
2011 2 20.3268
2011 3 18.8532
2011 4 17.0333
2011 5 15.2306
2011 6 15.2267
2011 7 13.5032
2011 8 13.5806
2011 9 14.9417
2011 10 15.6339
2011 11 16.99
2011 12 19.0
2012 1 19.7274
2012 2 20.3966
2012 3 19.1548
2012 4 18.2467
2012 5 15.9726
2012 6 16.06
2012 7 13.7194
2012 8 14.2694
2012 9 14.775
2012 10 15.4371
2012 11 17.2017
2012 12 18.3419
2013 1 19.9145
2013 2 20.6589
2013 3 18.1306
2013 4 15.7483
2013 5 15.0855
2013 6 13.6233
2013 7 13.1016
2013 8 14.3629
2013 9 14.8783
2013 10 15.6194
2013 11 17.2417
2013 12 19.5387
2014 1 21.1887
2014 2 19.3554
2014 3 18.9565
2014 4 17.3817
2014 5 16.1742
2014 6 14.2313
2014 7 13.2032
2014 8 14.5339
2014 9 14.7733
2014 10 16.5177
2014 11 16.9333
2014 12 18.0242
2015 1 19.921
2015 2 21.1268
2015 3 20.5129
2015 4 19.1333
2015 5 17.0903
2015 6 16.1283
2015 7 15.0452
2015 8 15.2726
2015 9 16.7383
2015 10 16.579
2015 11 17.5467
2015 12 19.3935
2016 1 20.7145
2016 2 21.3931
2016 3 20.1758
2016 4 17.8433
2016 5 16.4774
2016 6 14.69
2016 7 14.8065
2016 8 15.3403
2016 9 15.6533
2016 10 16.8032
2016 11 18.1367
2016 12 19.25
2017 1 22.7839
2017 2 21.8946
2017 3 20.0758
2017 4 17.3367
2017 5 16.5371
2017 6 15.17
2017 7 14.8177
2017 8 14.7903
2017 9 15.0767
2017 10 15.35
2017 11 17.1517
2017 12 19.3194
2018 1 20.0629
2018 2 21.0732
2018 3 18.8855
2018 4 17.5617
2018 5 15.4694
2018 6 13.7
2018 7 13.9516
2018 8 14.4161
2018 9 15.4183
2018 10 16.0758
2018 11 17.8367
2018 12 18.1903
2019 1 20.3339
2019 2 20.9143
2019 3 19.1984
2019 4 17.9417
2019 5 15.3258
2019 6 14.6733
2019 7 14.0081
2019 8 14.5629
2019 9 14.4617
2019 10 15.9484
2019 11 17.9617
2019 12 19.2129
2020 1 21.5048
2020 2 20.6966
2020 3 19.3613
2020 4 18.415
2020 5 16.6145
2020 6 15.235
2020 7 13.8452
2020 8 14.3855
2020 9 15.0217
2020 10 15.5629
2020 11 17.2017
2020 12 19.0661
2021 1 19.7226
2021 2 19.6643
2021 3 19.1
2021 4 17.1433
2021 5 15.7984
2021 6 14.7033
2021 7 13.7806
2021 8 13.9387
2021 9 14.2583
2021 10 15.0339
2021 11 16.4617
2021 12 18.2903
2022 1 18.9621
2022 2 18.9411
2022 3 17.9919
2022 4 15.9533
2022 5 15.0613
2022 6 13.79
2022 7 13.571
2022 8 13.6355
2022 9 13.7717
2022 10 15.0758
2022 11 17.1883
2022 12 19.221
2023 1 19.7177
2023 2 21.4661
2023 3 21.0726
2023 4 18.5367
2023 5 16.3919
2023 6 16.455
2023 7 16.7677
2023 8 17.1191
2023 9 16.6317
2023 10 16.6565
2023 11 17.6333
2023 12 19.2097
2024 1 20.9355
2024 2 22.0345
2024 3 20.129
2024 4 18.715
2024 5 15.7879
2024 6 15.0608
2024 7 13.6629
2024 8 14.0468
2024 9 14.745
2024 10 16.1694
2024 11 17.7767
2024 12 17.8234
2025 1 20.1008
2025 2 21.3205
2025 3 19.2073
2025 4 17.2392
2025 5 16.1153
2025 6 14.8942
