1991 1 20.7
1991 2 20.8
1991 3 18.8
1991 4 15.5
1991 5 13.1
1991 6 10.1
1991 7 9.1
1991 8 9.6
1991 9 13.4
1991 10 13.7
1991 11 17.5
1991 12 19.0
1992 1 21.0
1992 2 19.7
1992 3 19.3
1992 4 14.2
1992 5 11.5
1992 6 9.4
1992 7 8.1
1992 8 10.3
1992 9 12.5
1992 10 15.1
1992 11 16.9
1992 12 19.5
1993 1 21.5
1993 2 20.5
1993 3 19.3
1993 4 14.6
1993 5 10.8
1993 6 10.4
1993 7 7.8
1993 8 10.3
1993 9 11.6
1993 10 14.5
1993 11 17.2
1993 12 20.1
1994 1 21.5
1994 2 19.8
1994 3 18.5
1994 4 14.7
1994 5 12.5
1994 6 11.4
1994 7 9.0
1994 8 10.0
1994 9 13.8
1994 10 15.1
1994 11 18.4
1994 12 21.4
1995 1 21.4
1995 2 19.7
1995 3 18.0
1995 4 15.1
1995 5 12.4
1995 6 10.9
1995 7 8.2
1995 8 9.5
1995 9 12.9
1995 10 15.2
1995 11 18.1
1995 12 21.6
1996 1 20.9
1996 2 20.2
1996 3 18.8
1996 4 13.6
1996 5 11.9
1996 6 8.3
1996 7 9.3
1996 8 11.1
1996 9 12.4
1996 10 15.7
1996 11 19.0
1996 12 20.0
1997 1 21.9
1997 2 20.4
1997 3 19.0
1997 4 16.5
1997 5 13.4
1997 6 10.3
1997 7 10.5
1997 8 11.5
1997 9 13.5
1997 10 14.6
1997 11 18.0
1997 12 19.9
1998 1 21.6
1998 2 19.3
1998 3 18.1
1998 4 14.4
1998 5 13.1
1998 6 10.4
1998 7 10.0
1998 8 10.4
1998 9 11.9
1998 10 16.8
1998 11 18.1
1998 12 20.7
1999 1 20.8
1999 2 21.6
1999 3 17.6
1999 4 13.8
1999 5 12.4
1999 6 10.0
1999 7 8.2
1999 8 10.7
1999 9 13.6
1999 10 15.2
1999 11 17.7
1999 12 19.8
2000 1 21.5
2000 2 20.4
2000 3 17.8
2000 4 15.1
2000 5 11.3
2000 6 10.2
2000 7 8.1
2000 8 10.4
2000 9 12.1
2000 10 15.4
2000 11 17.6
2000 12 20.7
2001 1 21.8
2001 2 23.0
2001 3 18.8
2001 4 14.3
2001 5 11.2
2001 6 9.8
2001 7 9.8
2001 8 11.3
2001 9 11.9
2001 10 15.1
2001 11 17.2
2001 12 21.5
2002 1 21.5
2002 2 20.8
2002 3 19.0
2002 4 14.4
2002 5 12.5
2002 6 8.2
2002 7 9.4
2002 8 11.2
2002 9 13.3
2002 10 15.8
2002 11 17.9
2002 12 19.9
2003 1 22.7
2003 2 20.9
2003 3 19.2
2003 4 14.8
2003 5 12.1
2003 6 12.0
2003 7 9.0
2003 8 10.1
2003 9 13.9
2003 10 17.3
2003 11 19.4
2003 12 19.8
2004 1 22.5
2004 2 20.6
2004 3 19.6
2004 4 15.3
2004 5 9.9
2004 6 10.5
2004 7 9.5
2004 8 10.5
2004 9 13.7
2004 10 15.4
2004 11 17.2
2004 12 20.7
2005 1 21.5
2005 2 21.1
2005 3 18.4
2005 4 14.1
2005 5 11.6
2005 6 10.9
2005 7 9.8
2005 8 10.6
2005 9 11.5
2005 10 14.6
2005 11 19.0
2005 12 20.3
2006 1 22.5
2006 2 21.2
2006 3 18.2
2006 4 15.5
2006 5 11.8
2006 6 11.5
2006 7 11.2
2006 8 11.3
2006 9 13.5
2006 10 16.3
2006 11 18.0
2006 12 20.9
2007 1 21.5
2007 2 20.4
2007 3 18.3
2007 4 15.0
2007 5 9.8
2007 6 8.4
2007 7 8.1
2007 8 7.2
2007 9 13.2
2007 10 16.1
2007 11 18.0
2007 12 20.5
2008 1 22.0
2008 2 21.1
2008 3 18.9
2008 4 15.3
2008 5 12.2
2008 6 9.1
2008 7 10.4
2008 8 10.6
2008 9 12.9
2008 10 15.8
2008 11 19.8
2008 12 20.9
2009 1 21.9
2009 2 21.6
2009 3 20.5
2009 4 17.7
2009 5 13.4
2009 6 10.2
2009 7 8.9
2009 8 12.1
2009 9 11.3
2009 10 16.0
2009 11 17.9
2009 12 20.1
2010 1 22.7
2010 2 21.1
2010 3 20.2
2010 4 14.3
2010 5 11.8
2010 6 10.1
2010 7 7.4
2010 8 9.5
2010 9 12.9
2010 10 15.2
2010 11 18.1
2010 12 19.9
2011 1 21.6
2011 2 20.3
2011 3 18.3
2011 4 15.4
2011 5 11.9
2011 6 9.3
2011 7 8.2
2011 8 9.5
2011 9 14.2
2011 10 15.2
2011 11 18.8
2011 12 21.0
2012 1 22.6
2012 2 21.5
2012 3 20.1
2012 4 15.4
2012 5 13.2
2012 6 10.6
2012 7 8.5
2012 8 10.4
2012 9 13.7
2012 10 15.0
2012 11 19.0
2012 12 20.6
2013 1 22.4
2013 2 21.9
2013 3 17.9
2013 4 15.7
2013 5 12.4
2013 6 11.0
2013 7 9.2
2013 8 10.2
2013 9 11.7
2013 10 16.2
2013 11 18.4
2013 12 22.2
2014 1 23.2
2014 2 19.3
2014 3 17.4
2014 4 14.5
2014 5 12.8
2014 6 9.8
2014 7 10.2
2014 8 12.2
2014 9 13.6
2014 10 17.1
2014 11 18.1
2014 12 19.6
2015 1 22.8
2015 2 20.4
2015 3 20.3
2015 4 16.9
2015 5 12.8
2015 6 10.9
2015 7 10.1
2015 8 12.8
2015 9 13.3
2015 10 13.3
2015 11 17.0
2015 12 20.4
2016 1 21.9
2016 2 21.7
2016 3 19.4
2016 4 14.1
2016 5 12.8
2016 6 9.9
2016 7 10.9
2016 8 13.3
2016 9 15.0
2016 10 16.1
2016 11 18.8
2016 12 20.7
2017 1 24.7
2017 2 22.0
2017 3 19.3
2017 4 16.0
2017 5 13.1
2017 6 10.9
2017 7 10.4
2017 8 11.4
2017 9 13.3
2017 10 15.0
2017 11 18.5
2017 12 21.0
2018 1 21.7
2018 2 21.7
2018 3 19.0
2018 4 16.4
2018 5 13.6
2018 6 9.8
2018 7 9.3
2018 8 10.9
2018 9 14.4
2018 10 15.4
2018 11 18.9
2018 12 20.1
2019 1 21.5
2019 2 21.6
2019 3 17.9
2019 4 16.3
2019 5 12.7
2019 6 10.1
2019 7 10.5
2019 8 12.2
2019 9 13.6
2019 10 15.3
2019 11 20.2
2019 12 21.1
2020 1 22.6
2020 2 21.2
2020 3 20.9
2020 4 17.0
2020 5 14.3
2020 6 10.5
2020 7 10.4
2020 8 11.2
2020 9 14.2
2020 10 15.7
2020 11 18.6
2020 12 20.4
2021 1 20.7
2021 2 20.6
2021 3 18.9
2021 4 16.7
2021 5 13.6
2021 6 9.9
2021 7 10.6
2021 8 12.0
2021 9 14.0
2021 10 16.0
2021 11 18.4
2021 12 20.7
2022 1 21.6
2022 2 20.5
2022 3 18.7
2022 4 15.7
2022 5 12.5
2022 6 10.4
2022 7 10.1
2022 8 11.6
2022 9 13.1
2022 10 15.7
2022 11 19.6
2022 12 21.7
2023 1 21.9
2023 2 22.1
2023 3 21.1
2023 4 17.2
2023 5 14.2
2023 6 12.3
2023 7 11.8
2023 8 12.9
2023 9 13.6
2023 10 15.3
2023 11 17.3
2023 12 21.0
2024 1 23.8
2024 2 24.1
2024 3 21.7
2024 4 16.0
2024 5 10.1
2024 6 11.8
2024 7 9.6
2024 8 10.6
2024 9 14.6
2024 10 17.1
2024 11 19.4
2024 12 21.2
2025 1 23.9
2025 2 24.6
2025 3 19.3
2025 4 15.7
2025 5 14.2
2025 6 10.6
