1981 1 21.4355
1981 2 21.5464
1981 3 21.5113
1981 4 19.9933
1981 5 17.5726
1981 6 16.0
1981 7 14.5435
1981 8 15.5113
1981 9 16.0417
1981 10 17.1016
1981 11 18.2067
1981 12 20.0177
1982 1 21.8161
1982 2 22.1482
1982 3 20.6903
1982 4 19.6233
1982 5 18.4548
1982 6 16.38
1982 7 16.3758
1982 8 16.5597
1982 9 17.6633
1982 10 18.979
1982 11 21.0633
1982 12 22.8081
1983 1 25.0323
1983 2 25.1714
1983 3 24.4468
1983 4 22.5333
1983 5 20.7081
1983 6 17.77
1983 7 17.7677
1983 8 17.5129
1983 9 17.05
1983 10 17.7048
1983 11 19.0317
1983 12 21.0339
1984 1 22.4855
1984 2 21.9793
1984 3 20.7645
1984 4 19.14
1984 5 17.4452
1984 6 16.0367
1984 7 15.9161
1984 8 15.7887
1984 9 16.9417
1984 10 18.5887
1984 11 19.0817
1984 12 20.9081
1985 1 22.1032
1985 2 21.6161
1985 3 22.1145
1985 4 18.7983
1985 5 17.1097
1985 6 16.9417
1985 7 15.8323
1985 8 14.8871
1985 9 16.495
1985 10 17.9613
1985 11 18.6683
1985 12 20.6452
1986 1 21.6887
1986 2 22.0875
1986 3 21.0242
1986 4 19.4683
1986 5 18.4048
1986 6 16.7667
1986 7 15.4484
1986 8 16.2274
1986 9 16.55
1986 10 17.8548
1986 11 19.4433
1986 12 21.2226
1987 1 22.9516
1987 2 23.8732
1987 3 22.9806
1987 4 20.1467
1987 5 18.5452
1987 6 17.4817
1987 7 16.9435
1987 8 16.8919
1987 9 17.3667
1987 10 18.4355
1987 11 20.0367
1987 12 21.3565
1988 1 21.8274
1988 2 22.1776
1988 3 21.7048
1988 4 20.05
1988 5 18.1371
1988 6 15.7333
1988 7 14.821
1988 8 15.671
1988 9 16.6183
1988 10 17.5581
1988 11 19.23
1988 12 20.5258
1989 1 21.5758
1989 2 23.5786
1989 3 21.5855
1989 4 19.8683
1989 5 16.8161
1989 6 17.0983
1989 7 15.9194
1989 8 16.3919
1989 9 16.1
1989 10 17.7242
1989 11 19.0383
1989 12 20.8016
1990 1 22.9323
1990 2 21.8911
1990 3 21.4952
1990 4 19.7083
1990 5 17.4565
1990 6 16.4967
1990 7 15.6565
1990 8 16.1565
1990 9 17.22
1990 10 17.5065
1990 11 19.09
1990 12 20.7581
1991 1 22.3887
1991 2 22.2339
1991 3 21.0258
1991 4 19.4417
1991 5 18.5758
1991 6 17.5817
1991 7 16.8742
1991 8 16.0968
1991 9 17.61
1991 10 18.2435
1991 11 19.64
1991 12 20.6935
1992 1 22.2935
1992 2 22.2793
1992 3 23.6694
1992 4 22.0517
1992 5 20.3935
1992 6 17.53
1992 7 15.971
1992 8 15.8581
1992 9 16.8583
1992 10 18.7016
1992 11 19.9817
1992 12 21.0548
1993 1 23.2339
1993 2 22.5679
1993 3 21.571
1993 4 20.835
1993 5 19.5968
1993 6 17.705
1993 7 16.471
1993 8 16.7629
1993 9 16.7583
1993 10 17.8371
1993 11 19.1283
1993 12 20.4903
1994 1 21.8581
1994 2 22.025
1994 3 21.9097
1994 4 20.2383
1994 5 18.3016
1994 6 17.3767
1994 7 16.3919
1994 8 16.4339
1994 9 17.61
1994 10 18.9274
1994 11 19.8633
1994 12 21.6065
1995 1 23.2548
1995 2 21.8446
1995 3 21.5065
1995 4 19.7433
1995 5 17.8887
1995 6 17.485
1995 7 15.9613
1995 8 15.5097
1995 9 16.5383
1995 10 17.5548
1995 11 19.0333
1995 12 20.0387
1996 1 21.4387
1996 2 21.3897
1996 3 20.7258
1996 4 18.6383
1996 5 16.9242
1996 6 14.8767
1996 7 14.55
1996 8 14.9887
1996 9 15.62
1996 10 16.5532
1996 11 18.4017
1996 12 19.5968
1997 1 21.8581
1997 2 21.7286
1997 3 21.6516
1997 4 19.6517
1997 5 20.1194
1997 6 19.0533
1997 7 18.8145
1997 8 19.1081
1997 9 18.9
1997 10 19.071
1997 11 20.3117
1997 12 22.7694
1998 1 24.6065
1998 2 24.1696
1998 3 22.9935
1998 4 20.525
1998 5 18.3581
1998 6 16.6233
1998 7 16.5774
1998 8 16.0323
1998 9 16.1583
1998 10 17.4065
1998 11 18.475
1998 12 20.1065
1999 1 20.3419
1999 2 22.1589
1999 3 21.4726
1999 4 18.32
1999 5 16.8806
1999 6 15.4083
1999 7 15.2419
1999 8 15.8774
1999 9 15.8917
1999 10 16.8871
1999 11 18.2283
1999 12 20.2661
2000 1 22.3387
2000 2 21.2534
2000 3 20.7194
2000 4 19.6917
2000 5 16.7258
2000 6 15.9633
2000 7 14.9129
2000 8 15.2629
2000 9 16.4367
2000 10 17.2581
2000 11 18.0867
2000 12 20.6548
2001 1 21.9839
2001 2 22.9679
2001 3 21.5145
2001 4 19.01
2001 5 16.9597
2001 6 15.28
2001 7 15.5758
2001 8 15.6016
2001 9 15.815
2001 10 17.1113
2001 11 18.3617
2001 12 20.2548
2002 1 21.4097
2002 2 22.2125
2002 3 21.571
2002 4 19.26
2002 5 17.7532
2002 6 15.6567
2002 7 15.5048
2002 8 15.679
2002 9 16.4117
2002 10 17.7097
2002 11 18.6117
2002 12 20.0903
2003 1 21.4758
2003 2 22.6929
2003 3 20.6065
2003 4 18.2033
2003 5 17.2839
2003 6 16.1017
2003 7 15.9468
2003 8 15.4871
2003 9 16.0217
2003 10 18.35
2003 11 19.93
2003 12 20.55
2004 1 21.7968
2004 2 21.7224
2004 3 21.0016
2004 4 19.0183
2004 5 16.4871
2004 6 15.2233
2004 7 15.3694
2004 8 15.6742
2004 9 16.6017
2004 10 17.7145
2004 11 18.83
2004 12 21.2403
2005 1 22.4177
2005 2 21.1411
2005 3 20.6613
2005 4 18.5317
2005 5 16.8742
2005 6 16.0967
2005 7 15.4823
2005 8 15.8468
2005 9 15.165
2005 10 16.3435
2005 11 18.1967
2005 12 19.8242
2006 1 22.0935
2006 2 22.525
2006 3 21.0226
2006 4 18.4217
2006 5 17.4935
2006 6 16.2333
2006 7 17.1177
2006 8 16.1597
2006 9 16.8617
2006 10 18.3419
2006 11 18.835
2006 12 20.5016
2007 1 22.5468
2007 2 21.975
2007 3 21.0887
2007 4 18.41
2007 5 15.9016
2007 6 15.3383
2007 7 14.2758
2007 8 13.7935
2007 9 14.4383
2007 10 16.1016
2007 11 17.795
2007 12 19.0839
2008 1 22.5177
2008 2 21.8345
2008 3 21.2258
2008 4 18.5017
2008 5 15.5387
2008 6 15.905
2008 7 15.7855
2008 8 15.9661
2008 9 16.5017
2008 10 17.2
2008 11 19.005
2008 12 21.2048
2009 1 22.9016
2009 2 23.5518
2009 3 22.321
2009 4 21.285
2009 5 19.9403
2009 6 17.37
2009 7 16.5645
2009 8 16.2516
2009 9 17.1633
2009 10 15.9355
2009 11 17.5617
2009 12 18.8903
2010 1 19.3274
2010 2 19.9321
2010 3 19.7903
2010 4 20.6317
2010 5 17.7774
2010 6 15.4617
2010 7 13.7726
2010 8 13.7758
2010 9 14.3
2010 10 15.7032
2010 11 18.27
2010 12 18.9306
2011 1 21.0048
2011 2 22.5
2011 3 20.0935
2011 4 19.2733
2011 5 17.6694
2011 6 17.3333
2011 7 15.4258
2011 8 15.121
2011 9 16.0583
2011 10 16.7952
2011 11 18.695
2011 12 20.7016
2012 1 21.9645
2012 2 23.3414
2012 3 22.2597
2012 4 20.695
2012 5 18.4387
2012 6 17.995
2012 7 15.8065
2012 8 16.0403
2012 9 16.53
2012 10 17.271
2012 11 18.8483
2012 12 20.2677
2013 1 21.221
2013 2 22.4964
2013 3 20.0855
2013 4 17.806
2013 5 17.4742
2013 6 15.5583
2013 7 14.771
2013 8 15.2452
2013 9 16.17
2013 10 16.9758
2013 11 18.3133
2013 12 20.9387
2014 1 22.5097
2014 2 21.1196
2014 3 20.7113
2014 4 18.82
2014 5 17.9392
2014 6 16.645
2014 7 14.5613
2014 8 15.471
2014 9 16.365
2014 10 17.8339
2014 11 19.1667
2014 12 20.0774
2015 1 21.471
2015 2 23.2107
2015 3 22.8048
2015 4 20.755
2015 5 19.6177
2015 6 18.1017
2015 7 16.6839
2015 8 16.5435
2015 9 18.0833
2015 10 18.3419
2015 11 19.5067
2015 12 21.0774
2016 1 22.4823
2016 2 23.5914
2016 3 22.4274
2016 4 19.8067
2016 5 18.3855
2016 6 16.9317
2016 7 16.65
2016 8 16.6597
2016 9 16.925
2016 10 18.0597
2016 11 19.1467
2016 12 20.6839
2017 1 24.2613
2017 2 24.3411
2017 3 22.2984
2017 4 19.6783
2017 5 18.6
2017 6 17.095
2017 7 16.2048
2017 8 16.3855
2017 9 16.3217
2017 10 17.2452
2017 11 18.3283
2017 12 20.321
2018 1 21.4952
2018 2 23.1732
2018 3 21.1258
2018 4 20.0267
2018 5 17.9887
2018 6 16.31
2018 7 15.6774
2018 8 15.6403
2018 9 17.095
2018 10 18.4726
2018 11 20.18
2018 12 20.8355
2019 1 22.8258
2019 2 23.0661
2019 3 21.4484
2019 4 20.1683
2019 5 17.9806
2019 6 16.8333
2019 7 15.9516
2019 8 15.7661
2019 9 16.0867
2019 10 17.3565
2019 11 19.6033
2019 12 21.0032
2020 1 23.4935
2020 2 23.1586
2020 3 22.5161
2020 4 20.6817
2020 5 18.4694
2020 6 17.1433
2020 7 15.8806
2020 8 16.2774
2020 9 16.5867
2020 10 17.7629
2020 11 18.39
2020 12 20.6258
2021 1 21.7032
2021 2 21.9821
2021 3 21.9129
2021 4 19.5883
2021 5 17.4548
2021 6 16.4167
2021 7 15.6952
2021 8 15.4935
2021 9 15.8667
2021 10 16.5032
2021 11 18.3567
2021 12 20.4032
2022 1 21.2871
2022 2 21.1018
2022 3 20.6097
2022 4 18.0483
2022 5 16.9065
2022 6 15.7783
2022 7 15.2516
2022 8 14.9677
2022 9 15.2383
2022 10 16.1387
2022 11 18.67
2022 12 20.9871
2023 1 21.8258
2023 2 23.7196
2023 3 23.5242
2023 4 21.7483
2023 5 19.0484
2023 6 18.825
2023 7 18.4565
2023 8 18.8245
2023 9 18.795
2023 10 18.6419
2023 11 19.4983
2023 12 21.1242
2024 1 22.5597
2024 2 24.05
2024 3 21.4306
2024 4 19.745
2024 5 17.2226
2024 6 16.3667
2024 7 14.929
2024 8 15.1081
2024 9 15.54
2024 10 16.8226
2024 11 18.4967
2024 12 18.6935
2025 1 20.9097
2025 2 22.5214
2025 3 20.7468
2025 4 18.9467
2025 5 17.4532
2025 6 16.07
