1981 1 13.9871
1981 2 13.5821
1981 3 12.2194
1981 4 10.4833
1981 5 6.2371
1981 6 5.6117
1981 7 5.1129
1981 8 6.7629
1981 9 5.815
1981 10 10.2484
1981 11 10.7933
1981 12 12.9274
1982 1 15.1032
1982 2 12.6839
1982 3 11.95
1982 4 10.1767
1982 5 8.171
1982 6 2.635
1982 7 1.8919
1982 8 5.9339
1982 9 8.075
1982 10 9.1806
1982 11 11.7717
1982 12 13.2452
1983 1 15.3484
1983 2 13.6125
1983 3 12.4371
1983 4 10.04
1983 5 8.1016
1983 6 3.865
1983 7 4.8048
1983 8 5.8242
1983 9 6.9433
1983 10 9.879
1983 11 12.2833
1983 12 14.9823
1984 1 14.0048
1984 2 12.7345
1984 3 12.9016
1984 4 9.1067
1984 5 5.5435
1984 6 2.195
1984 7 3.05
1984 8 5.8177
1984 9 8.6833
1984 10 8.4887
1984 11 11.715
1984 12 15.0887
1985 1 14.5065
1985 2 14.3518
1985 3 11.8226
1985 4 9.5617
1985 5 7.2968
1985 6 6.3283
1985 7 5.5323
1985 8 6.2935
1985 9 7.1383
1985 10 9.6274
1985 11 12.4733
1985 12 13.6161
1986 1 13.3371
1986 2 13.2554
1986 3 11.4129
1986 4 8.3167
1986 5 7.2774
1986 6 4.6833
1986 7 5.1484
1986 8 5.0919
1986 9 6.955
1986 10 10.4935
1986 11 10.2967
1986 12 13.2645
1987 1 14.5935
1987 2 14.0982
1987 3 13.1242
1987 4 10.9283
1987 5 6.4177
1987 6 6.99
1987 7 4.5565
1987 8 5.2258
1987 9 7.755
1987 10 10.4194
1987 11 12.675
1987 12 13.0129
1988 1 13.5758
1988 2 14.819
1988 3 12.1694
1988 4 9.785
1988 5 6.4339
1988 6 5.0367
1988 7 3.7242
1988 8 5.6806
1988 9 8.1517
1988 10 9.1984
1988 11 11.8083
1988 12 11.9597
1989 1 13.5435
1989 2 14.4504
1989 3 12.0919
1989 4 9.41
1989 5 7.2919
1989 6 5.49
1989 7 4.7839
1989 8 5.1597
1989 9 7.25
1989 10 9.9903
1989 11 12.1767
1989 12 11.829
1990 1 13.1435
1990 2 15.5196
1990 3 12.5323
1990 4 8.2483
1990 5 7.271
1990 6 6.5633
1990 7 5.4161
1990 8 5.9806
1990 9 7.7767
1990 10 9.7145
1990 11 10.625
1990 12 12.6323
1991 1 14.2323
1991 2 13.58
1991 3 11.6274
1991 4 9.445
1991 5 6.3435
1991 6 4.8383
1991 7 3.8887
1991 8 4.8355
1991 9 7.36
1991 10 8.7081
1991 11 11.3033
1991 12 11.0346
1992 1 14.8161
1992 2 12.85
1992 3 13.0179
1992 4 9.7517
1992 5 5.9919
1992 6 3.955
1992 7 3.0809
1992 8 6.6125
1992 9 7.1133
1992 10 8.2371
1992 11 12.66
1992 12 12.1452
1993 1 13.2952
1993 2 14.75
1993 3 12.8742
1993 4 9.1967
1993 5 6.3613
1993 6 4.325
1993 7 4.3161
1993 8 6.8677
1993 9 8.5533
1993 10 10.8597
1993 11 11.0367
1993 12 12.5694
1994 1 14.9839
1994 2 13.0732
1994 3 12.971
1994 4 9.3967
1994 5 7.2484
1994 6 6.3833
1994 7 3.2839
1994 8 5.8161
1994 9 6.7867
1994 10 9.5065
1994 11 11.1717
1994 12 12.9032
1995 1 13.4774
1995 2 13.6893
1995 3 11.8452
1995 4 10.0067
1995 5 7.2742
1995 6 3.72
1995 7 3.0382
1995 8 4.6677
1995 9 7.26
1995 10 9.7032
1995 11 11.9183
1995 12 14.9448
1996 1 13.0565
1996 2 12.0172
1996 3 13.7
1996 4 8.546
1996 5 7.4368
1996 6 3.9389
1996 7 4.7435
1996 8 5.42
1996 9 7.7647
1996 10 9.1848
1996 11 10.2895
1996 12 13.4106
1997 1 13.0823
1997 2 12.5554
1997 3 13.1033
1997 4 9.4818
1997 5 7.7765
1997 6 4.6656
1997 7 4.6565
1997 8 5.3132
1997 9 7.4715
1997 10 9.1069
1997 11 11.1041
1997 12 12.1024
1998 1 13.5613
1998 2 16.2565
1998 3 12.086
1998 4 10.8117
1998 5 10.2789
1998 6 5.965
1998 7 7.6545
1998 8 7.3538
1998 9 7.4278
1998 10 10.031
1998 11 11.6484
1998 12 13.38
1999 1 12.779
1999 2 13.0782
1999 3 11.9413
1999 4 9.6825
1999 5 7.2321
1999 6 3.375
1999 7 3.9429
1999 8 6.629
1999 9 8.0881
1999 10 10.6925
1999 11 12.0975
1999 12 12.781
2000 1 12.9839
2000 2 12.403
2000 3 10.674
2000 4 9.4184
2000 5 7.1455
2000 6 4.225
2000 7 3.6524
2000 8 5.8727
2000 9 6.0833
2000 10 10.1025
2000 11 10.6786
2000 12 11.5286
2001 1 14.3694
2001 2 13.275
2001 3 10.0795
2001 4 9.3857
2001 5 5.7591
2001 6 5.369
2001 7 2.4409
2001 8 5.7435
2001 9 8.7
2001 10 10.9587
2001 11 9.85
2001 12 13.475
2002 1 13.4032
2002 2 13.7594
2002 3 9.4737
2002 4 9.8476
2002 5 6.86
2002 6 2.5474
2002 7 4.55
2002 8 6.025
2002 9 7.14
2002 10 8.65
2002 11 9.65
2002 12 12.7667
2003 1 11.9258
2003 2 12.6292
2003 3 13.0333
2003 4 9.9095
2003 5 7.89
2003 6 5.2694
2003 7 5.4565
2003 8 6.1737
2003 9 8.1471
2003 10 8.8565
2003 11 10.3425
2003 12 10.9714
2004 1 13.5323
2004 2 15.5595
2004 3 12.8739
2004 4 9.1619
2004 5 6.6518
2004 6 6.215
2004 7 4.3683
2004 8 5.7773
2004 9 7.4286
2004 10 9.8632
2004 11 12.569
2004 12 12.4545
2005 1 13.4629
2005 2 16.2284
2005 3 11.7741
2005 4 8.881
2005 5 5.5286
2005 6 3.7952
2005 7 3.519
2005 8 5.5354
2005 9 8.1206
2005 10 9.1197
2005 11 10.5325
2005 12 12.8133
2006 1 13.1878
2006 2 14.475
2006 3 11.3435
2006 4 8.6944
2006 5 6.5
2006 6 5.5547
2006 7 5.2579
2006 8 6.0194
2006 9 8.2368
2006 10 8.3375
2006 11 10.8789
2006 12 11.052
2007 1 13.4138
2007 2 12.4452
2007 3 12.4318
2007 4 9.3205
2007 5 6.4452
2007 6 5.0212
2007 7 4.3444
2007 8 4.9409
2007 9 7.9875
2007 10 7.9464
2007 11 10.2321
2007 12 14.2558
2008 1 12.1231
2008 2 15.3517
2008 3 12.6825
2008 4 9.7091
2008 5 5.92
2008 6 5.8238
2008 7 4.3507
2008 8 4.9625
2008 9 7.0125
2008 10 9.805
2008 11 11.4305
2008 12 13.9167
2009 1 14.8883
2009 2 14.1411
2009 3 11.9676
2009 4 10.1139
2009 5 6.8
2009 6 4.7056
2009 7 4.4667
2009 8 5.3368
2009 9 6.35
2009 10 8.3915
2009 11 9.6545
2009 12 11.24
2010 1 12.1804
2010 2 12.13
2010 3 14.1174
2010 4 9.8889
2010 5 6.6578
2010 6 4.588
2010 7 3.3097
2010 8 4.9387
2010 9 7.66
2010 10 9.7581
2010 11 10.87
2010 12 12.1143
2011 1 15.0
2011 2 14.8536
2011 3 11.0111
2011 4 9.4479
2011 5 7.8866
2011 6 6.3156
2011 7 5.4214
2011 8 5.2473
2011 9 7.8957
2011 10 9.431
2011 11 10.426
2011 12 13.9501
2012 1 15.3301
2012 2 12.7113
2012 3 12.9051
2012 4 8.9331
2012 5 7.4728
2012 6 3.8154
2012 7 5.0175
2012 8 5.6581
2012 9 8.06
2012 10 9.5482
2012 11 11.7188
2012 12 14.4556
2013 1 17.195
2013 2 14.8401
2013 3 12.39
2013 4 11.153
2013 5 7.8451
2013 6 7.0667
2013 7 5.2825
2013 8 4.9381
2013 9 5.9811
2013 10 9.1354
2013 11 10.8537
2013 12 11.6738
2014 1 13.3871
2014 2 14.1268
2014 3 11.5481
2014 4 9.9867
2014 5 7.3371
2014 6 5.9533
2014 7 5.197
2014 8 8.0621
2014 9 8.3267
2014 10 9.7613
2014 11 11.19
2014 12 13.4548
2015 1 14.6855
2015 2 14.6446
2015 3 12.879
2015 4 10.7633
2015 5 9.5217
2015 6 6.2898
2015 7 5.9303
2015 8 5.9065
2015 9 6.8455
2015 10 8.2964
2015 11 11.3905
2015 12 13.3695
2016 1 15.8371
2016 2 14.3017
2016 3 13.5065
2016 4 8.6567
2016 5 7.9565
2016 6 5.7622
2016 7 5.7097
2016 8 6.8258
2016 9 8.3833
2016 10 10.4435
2016 11 12.6133
2016 12 13.6631
2017 1 13.3899
2017 2 14.925
2017 3 13.0113
2017 4 10.5833
2017 5 8.3518
2017 6 3.7688
2017 7 5.375
2017 8 6.2645
2017 9 7.4779
2017 10 9.3901
2017 11 12.2069
2017 12 13.6887
2018 1 14.5172
2018 2 15.4189
2018 3 11.2043
2018 4 9.41
2018 5 7.6312
2018 6 4.1667
2018 7 4.0722
2018 8 6.3241
2018 9 7.7605
2018 10 9.6558
2018 11 11.3739
2018 12 13.9914
2019 1 12.7419
2019 2 15.1339
2019 3 12.4694
2019 4 10.7567
2019 5 7.7806
2019 6 5.5167
2019 7 6.5823
2019 8 7.1129
2019 9 7.4433
2019 10 9.7823
2019 11 13.5817
2019 12 13.9895
2020 1 17.4573
2020 2 14.4776
2020 3 14.0847
2020 4 10.885
2020 5 9.146
2020 6 6.7275
2020 7 6.6903
2020 8 7.3774
2020 9 9.7292
2020 10 10.8323
2020 11 14.0083
2020 12 14.5185
2021 1 15.5927
2021 2 16.9295
2021 3 14.5395
2021 4 12.73
2021 5 9.9944
2021 6 7.9692
2021 7 5.5806
2021 8 7.4871
2021 9 9.7317
2021 10 12.4242
2021 11 13.9142
2021 12 16.4984
2022 1 14.9032
2022 2 14.9652
2022 3 11.8266
2022 4 8.8667
2022 5 5.2016
2022 6 2.6842
2022 7 2.5347
2022 8 5.3403
2022 9 7.2608
2022 10 8.9935
2022 11 13.0567
2022 12 13.2863
2023 1 15.2855
2023 2 14.5536
2023 3 10.3968
2023 4 8.9775
2023 5 7.425
2023 6 3.9875
2023 7 4.0468
2023 8 5.5911
2023 9 6.7767
2023 10 9.4758
2023 11 9.74
2023 12 13.7976
2024 1 15.7774
2024 2 15.0741
2024 3 10.7685
2024 4 7.085
2024 5 2.6403
2024 6 4.5517
2024 7 3.5758
2024 8 4.2774
2024 9 5.525
2024 10 8.5548
2024 11 9.2817
2024 12 11.9339
2025 1 13.3484
2025 2 11.8518
2025 3 10.3605
2025 4 8.595
2025 5 4.6177
2025 6 2.1975
