1991 1 14.9
1991 2 15.1
1991 3 13.1
1991 4 10.8
1991 5 8.5
1991 6 6.2
1991 7 4.8
1991 8 5.1
1991 9 8.3
1991 10 9.2
1991 11 12.5
1991 12 12.0
1992 1 16.5
1992 2 13.6
1992 3 14.0
1992 4 9.6
1992 5 6.5
1992 6 5.0
1992 7 3.6
1992 8 6.9
1992 9 8.0
1992 10 8.9
1992 11 12.8
1992 12 13.2
1993 1 15.0
1993 2 15.6
1993 3 13.6
1993 4 10.5
1993 5 7.4
1993 6 6.4
1993 7 4.9
1993 8 7.3
1993 9 8.2
1993 10 10.2
1993 11 11.4
1993 12 13.7
1994 1 15.7
1994 2 14.2
1994 3 13.9
1994 4 9.9
1994 5 9.3
1994 6 7.9
1994 7 5.8
1994 8 6.3
1994 9 7.8
1994 10 9.9
1994 11 12.0
1994 12 14.3
1995 1 14.0
1995 2 14.1
1995 3 12.4
1995 4 10.9
1995 5 8.6
1995 6 5.7
1995 7 3.8
1995 8 4.4
1995 9 7.2
1995 10 9.5
1995 11 11.9
1995 12 16.6
1996 1 13.9
1996 2 14.1
1996 3 13.4
1996 4 9.2
1996 5 8.6
1996 6 3.8
1996 7 6.5
1996 8 7.2
1996 9 8.8
1996 10 10.0
1996 11 12.0
1996 12 13.5
1997 1 15.1
1997 2 12.9
1997 3 13.9
1997 4 11.7
1997 5 9.0
1997 6 7.1
1997 7 6.3
1997 8 6.6
1997 9 7.6
1997 10 8.9
1997 11 11.4
1997 12 13.6
1998 1 14.4
1998 2 15.7
1998 3 12.7
1998 4 10.3
1998 5 10.3
1998 6 7.0
1998 7 7.3
1998 8 6.9
1998 9 6.7
1998 10 9.7
1998 11 11.9
1998 12 14.5
1999 1 16.6
1999 2 15.4
1999 3 12.3
1999 4 9.7
1999 5 7.7
1999 6 4.6
1999 7 4.6
1999 8 7.1
1999 9 8.6
1999 10 11.1
1999 11 12.9
1999 12 14.1
2000 1 15.1
2000 2 13.6
2000 3 11.6
2000 4 10.6
2000 5 8.0
2000 6 6.3
2000 7 4.4
2000 8 6.2
2000 9 6.4
2000 10 10.3
2000 11 10.8
2000 12 13.2
2001 1 13.9
2001 2 14.8
2001 3 12.0
2001 4 9.5
2001 5 7.8
2001 6 6.3
2001 7 4.6
2001 8 7.1
2001 9 8.2
2001 10 10.8
2001 11 10.9
2001 12 15.4
2002 1 15.3
2002 2 15.5
2002 3 11.2
2002 4 9.7
2002 5 8.3
2002 6 4.3
2002 7 6.7
2002 8 6.8
2002 9 7.6
2002 10 9.0
2002 11 11.0
2002 12 13.7
2003 1 14.6
2003 2 13.3
2003 3 14.1
2003 4 9.2
2003 5 8.7
2003 6 7.2
2003 7 5.8
2003 8 6.7
2003 9 8.0
2003 10 9.9
2003 11 11.6
2003 12 11.6
2004 1 16.1
2004 2 16.1
2004 3 13.8
2004 4 9.9
2004 5 7.3
2004 6 7.9
2004 7 5.5
2004 8 6.6
2004 9 7.9
2004 10 9.9
2004 11 12.1
2004 12 13.9
2005 1 14.2
2005 2 17.0
2005 3 12.2
2005 4 9.3
2005 5 7.1
2005 6 5.4
2005 7 5.9
2005 8 5.2
2005 9 7.5
2005 10 9.2
2005 11 12.1
2005 12 14.1
2006 1 14.6
2006 2 15.6
2006 3 12.2
2006 4 10.6
2006 5 7.6
2006 6 6.9
2006 7 6.0
2006 8 5.7
2006 9 7.6
2006 10 9.2
2006 11 11.2
2006 12 12.8
2007 1 14.9
2007 2 13.8
2007 3 12.8
2007 4 10.2
2007 5 6.5
2007 6 5.1
2007 7 4.4
2007 8 3.8
2007 9 7.9
2007 10 9.5
2007 11 11.0
2007 12 14.2
2008 1 16.4
2008 2 17.0
2008 3 13.8
2008 4 9.7
2008 5 7.3
2008 6 6.5
2008 7 6.5
2008 8 5.6
2008 9 7.3
2008 10 10.0
2008 11 13.1
2008 12 16.0
2009 1 15.7
2009 2 14.9
2009 3 13.4
2009 4 11.4
2009 5 8.2
2009 6 6.0
2009 7 5.4
2009 8 7.4
2009 9 7.0
2009 10 8.7
2009 11 9.3
2009 12 12.7
2010 1 14.2
2010 2 13.1
2010 3 13.9
2010 4 9.7
2010 5 7.5
2010 6 7.1
2010 7 4.8
2010 8 4.6
2010 9 7.6
2010 10 9.9
2010 11 11.6
2010 12 13.1
2011 1 15.2
2011 2 15.4
2011 3 12.4
2011 4 10.1
2011 5 8.2
2011 6 6.2
2011 7 5.3
2011 8 5.4
2011 9 8.3
2011 10 9.4
2011 11 12.5
2011 12 15.5
2012 1 16.9
2012 2 13.7
2012 3 13.2
2012 4 9.7
2012 5 8.5
2012 6 5.7
2012 7 5.0
2012 8 6.4
2012 9 8.7
2012 10 9.9
2012 11 12.9
2012 12 12.5
2013 1 17.7
2013 2 15.5
2013 3 12.5
2013 4 11.5
2013 5 9.3
2013 6 7.4
2013 7 5.6
2013 8 5.7
2013 9 6.9
2013 10 10.6
2013 11 12.0
2013 12 15.4
2014 1 15.1
2014 2 14.8
2014 3 12.4
2014 4 9.9
2014 5 8.8
2014 6 6.6
2014 7 6.4
2014 8 8.1
2014 9 8.4
2014 10 10.2
2014 11 11.6
2014 12 13.9
2015 1 16.4
2015 2 15.6
2015 3 13.9
2015 4 11.4
2015 5 9.9
2015 6 7.4
2015 7 6.8
2015 8 7.4
2015 9 7.3
2015 10 9.1
2015 11 12.7
2015 12 13.9
2016 1 16.9
2016 2 15.4
2016 3 15.0
2016 4 8.9
2016 5 9.1
2016 6 6.4
2016 7 6.0
2016 8 8.1
2016 9 9.4
2016 10 10.7
2016 11 13.5
2016 12 14.6
2017 1 15.4
2017 2 16.7
2017 3 13.3
2017 4 11.8
2017 5 8.7
2017 6 6.1
2017 7 6.0
2017 8 6.8
2017 9 7.8
2017 10 9.1
2017 11 12.2
2017 12 14.3
2018 1 15.6
2018 2 16.4
2018 3 12.4
2018 4 10.1
2018 5 8.9
2018 6 5.2
2018 7 4.4
2018 8 7.1
2018 9 8.2
2018 10 9.3
2018 11 11.6
2018 12 14.7
2019 1 13.8
2019 2 15.7
2019 3 12.5
2019 4 11.1
2019 5 8.4
2019 6 6.8
2019 7 6.7
2019 8 7.0
2019 9 7.9
2019 10 9.4
2019 11 12.1
2019 12 14.1
2020 1 15.9
2020 2 14.8
2020 3 15.1
2020 4 11.4
2020 5 9.4
2020 6 6.8
2020 7 4.7
2020 8 7.1
2020 9 8.6
2020 10 10.2
2020 11 13.5
2020 12 14.1
2021 1 15.3
2021 2 16.7
2021 3 15.1
2021 4 12.8
2021 5 9.4
2021 6 6.0
2021 7 7.7
2021 8 7.4
2021 9 8.9
2021 10 10.9
2021 11 13.3
2021 12 16.3
2022 1 15.8
2022 2 15.9
2022 3 12.7
2022 4 10.2
2022 5 7.5
2022 6 5.0
2022 7 4.9
2022 8 6.6
2022 9 8.6
2022 10 10.3
2022 11 14.9
2022 12 15.2
2023 1 16.1
2023 2 15.9
2023 3 13.5
2023 4 11.4
2023 5 9.5
2023 6 6.9
2023 7 6.2
2023 8 6.7
2023 9 7.0
2023 10 9.6
2023 11 11.0
2023 12 14.3
2024 1 17.0
2024 2 17.1
2024 3 12.9
2024 4 10.0
2024 5 5.8
2024 6 6.8
2024 7 5.1
2024 8 6.9
2024 9 8.0
2024 10 11.6
2024 11 11.6
2024 12 14.4
2025 1 16.5
2025 2 15.3
2025 3 13.7
2025 4 10.8
2025 5 8.9
2025 6 6.6
