1981 1 19.8661
1981 2 20.3232
1981 3 18.65
1981 4 15.34
1981 5 12.8597
1981 6 8.3117
1981 7 8.4677
1981 8 9.5371
1981 9 11.055
1981 10 13.9661
1981 11 17.1283
1981 12 20.0935
1982 1 21.1468
1982 2 20.1214
1982 3 18.5839
1982 4 14.5883
1982 5 10.9177
1982 6 8.71
1982 7 10.1145
1982 8 10.2758
1982 9 13.0383
1982 10 15.4
1982 11 16.8733
1982 12 20.6484
1983 1 21.6613
1983 2 20.7054
1983 3 17.9758
1983 4 14.8883
1983 5 9.3597
1983 6 6.6283
1983 7 7.4242
1983 8 9.5871
1983 9 11.065
1983 10 15.5565
1983 11 18.175
1983 12 20.4758
1984 1 21.0565
1984 2 19.2379
1984 3 17.9532
1984 4 14.06
1984 5 9.6984
1984 6 7.5367
1984 7 8.371
1984 8 9.1935
1984 9 12.1383
1984 10 14.4113
1984 11 15.9833
1984 12 19.0532
1985 1 20.3145
1985 2 19.7768
1985 3 17.8097
1985 4 12.825
1985 5 10.921
1985 6 10.5733
1985 7 8.9032
1985 8 8.9887
1985 9 12.0583
1985 10 13.9435
1985 11 17.15
1985 12 19.629
1986 1 20.771
1986 2 20.5
1986 3 17.5129
1986 4 13.6133
1986 5 12.0758
1986 6 9.2333
1986 7 8.1258
1986 8 10.0355
1986 9 11.5317
1986 10 15.4806
1986 11 16.0
1986 12 20.2581
1987 1 21.3548
1987 2 21.5554
1987 3 19.2323
1987 4 14.0583
1987 5 10.279
1987 6 9.015
1987 7 9.1226
1987 8 9.8306
1987 9 11.7417
1987 10 15.2419
1987 11 18.2933
1987 12 19.6726
1988 1 20.5532
1988 2 21.2552
1988 3 18.3323
1988 4 14.2667
1988 5 9.2774
1988 6 8.585
1988 7 7.3452
1988 8 8.9871
1988 9 10.6433
1988 10 14.15
1988 11 18.035
1988 12 19.9516
1989 1 21.6935
1989 2 21.4839
1989 3 17.921
1989 4 13.7633
1989 5 10.3694
1989 6 9.295
1989 7 8.3952
1989 8 9.2032
1989 9 11.1583
1989 10 14.821
1989 11 21.6883
1989 12 20.5452
1990 1 21.579
1990 2 20.1893
1990 3 17.7516
1990 4 14.4233
1990 5 10.7742
1990 6 8.2717
1990 7 7.4532
1990 8 10.129
1990 9 11.56
1990 10 13.6226
1990 11 17.105
1990 12 19.6016
1991 1 20.771
1991 2 20.2911
1991 3 17.4935
1991 4 14.8217
1991 5 11.9742
1991 6 9.135
1991 7 8.2
1991 8 8.6516
1991 9 12.3767
1991 10 13.8177
1991 11 17.445
1991 12 18.3726
1992 1 21.7145
1992 2 20.0
1992 3 19.0226
1992 4 13.8883
1992 5 11.2952
1992 6 8.0083
1992 7 6.8806
1992 8 9.6516
1992 9 11.755
1992 10 14.2371
1992 11 16.9067
1992 12 19.6806
1993 1 21.7145
1993 2 21.1411
1993 3 19.4694
1993 4 14.32
1993 5 9.8758
1993 6 9.2233
1993 7 6.7242
1993 8 9.3935
1993 9 11.095
1993 10 14.2484
1993 11 17.0983
1993 12 19.8032
1994 1 21.4016
1994 2 19.8018
1994 3 18.8839
1994 4 14.3
1994 5 11.1258
1994 6 10.75
1994 7 8.4645
1994 8 9.0726
1994 9 13.0917
1994 10 15.2258
1994 11 18.1633
1994 12 20.2226
1995 1 21.3065
1995 2 20.3232
1995 3 18.15
1995 4 14.9683
1995 5 11.3403
1995 6 10.1367
1995 7 7.2145
1995 8 9.0613
1995 9 11.9733
1995 10 14.379
1995 11 17.8217
1995 12 21.2839
1996 1 20.45
1996 2 20.7414
1996 3 18.9226
1996 4 13.19
1996 5 10.2855
1996 6 7.7517
1996 7 9.079
1996 8 10.2274
1996 9 12.2033
1996 10 14.879
1996 11 18.7467
1996 12 20.2855
1997 1 22.0452
1997 2 20.8839
1997 3 19.3806
1997 4 16.5667
1997 5 12.5306
1997 6 9.7967
1997 7 9.3081
1997 8 10.6871
1997 9 12.2
1997 10 13.8645
1997 11 17.49
1997 12 19.6726
1998 1 20.8032
1998 2 19.8554
1998 3 18.2581
1998 4 14.2833
1998 5 12.7226
1998 6 9.23
1998 7 8.0935
1998 8 9.4226
1998 9 11.9767
1998 10 16.4548
1998 11 18.1333
1998 12 21.1903
1999 1 21.2677
1999 2 21.4804
1999 3 17.8548
1999 4 13.9933
1999 5 11.7581
1999 6 9.7333
1999 7 7.5774
1999 8 10.2452
1999 9 12.1867
1999 10 14.5516
1999 11 18.5283
1999 12 20.5597
2000 1 21.4742
2000 2 19.8845
2000 3 17.8629
2000 4 14.355
2000 5 11.3597
2000 6 9.7517
2000 7 6.9258
2000 8 10.0145
2000 9 11.6483
2000 10 15.379
2000 11 18.085
2000 12 20.8048
2001 1 21.4323
2001 2 21.8125
2001 3 19.4161
2001 4 14.1633
2001 5 10.7839
2001 6 8.6017
2001 7 9.5968
2001 8 9.9694
2001 9 11.3167
2001 10 15.2306
2001 11 17.535
2001 12 21.7355
2002 1 21.7516
2002 2 20.8661
2002 3 18.2371
2002 4 13.4433
2002 5 10.2903
2002 6 6.5917
2002 7 7.3823
2002 8 10.4984
2002 9 12.4417
2002 10 14.7065
2002 11 17.1667
2002 12 20.4194
2003 1 21.9661
2003 2 20.8375
2003 3 18.8629
2003 4 14.64
2003 5 10.0161
2003 6 9.7767
2003 7 8.2726
2003 8 9.9403
2003 9 12.795
2003 10 15.9774
2003 11 18.535
2003 12 19.0839
2004 1 21.9452
2004 2 20.7966
2004 3 19.2742
2004 4 14.715
2004 5 10.2661
2004 6 8.9183
2004 7 9.1661
2004 8 10.6903
2004 9 12.24
2004 10 14.3984
2004 11 17.3233
2004 12 20.4935
2005 1 20.9
2005 2 20.8661
2005 3 18.5726
2005 4 14.6933
2005 5 10.6129
2005 6 10.3317
2005 7 9.2806
2005 8 10.7113
2005 9 11.8083
2005 10 14.55
2005 11 18.24
2005 12 19.6984
2006 1 21.5032
2006 2 20.8446
2006 3 17.8145
2006 4 14.4833
2006 5 10.7435
2006 6 10.1617
2006 7 10.1
2006 8 9.7581
2006 9 12.3333
2006 10 14.0548
2006 11 16.795
2006 12 19.5339
2007 1 21.2081
2007 2 19.4357
2007 3 17.729
2007 4 13.005
2007 5 9.0129
2007 6 5.7733
2007 7 6.9226
2007 8 6.7984
2007 9 10.805
2007 10 14.5274
2007 11 17.3667
2007 12 19.2903
2008 1 21.8129
2008 2 21.6034
2008 3 18.8516
2008 4 13.86
2008 5 10.5968
2008 6 7.5967
2008 7 9.1177
2008 8 9.1
2008 9 12.7267
2008 10 14.921
2008 11 18.3267
2008 12 20.2613
2009 1 21.4581
2009 2 19.8054
2009 3 19.1726
2009 4 16.095
2009 5 10.4806
2009 6 7.9117
2009 7 8.129
2009 8 9.6081
2009 9 10.3167
2009 10 13.9806
2009 11 13.7317
2009 12 18.8387
2010 1 19.221
2010 2 19.3482
2010 3 18.5935
2010 4 13.2733
2010 5 10.0435
2010 6 8.7267
2010 7 6.6242
2010 8 9.55
2010 9 11.665
2010 10 14.0806
2010 11 17.3633
2010 12 17.9081
2011 1 21.0355
2011 2 20.4821
2011 3 17.921
2011 4 14.505
2011 5 11.0565
2011 6 8.6767
2011 7 7.0065
2011 8 8.3903
2011 9 12.63
2011 10 14.2645
2011 11 17.5317
2011 12 20.8935
2012 1 21.7613
2012 2 21.8328
2012 3 20.1903
2012 4 16.3633
2012 5 12.9435
2012 6 9.8083
2012 7 8.0032
2012 8 9.1226
2012 9 13.0933
2012 10 13.3339
2012 11 17.395
2012 12 17.9435
2013 1 20.721
2013 2 20.8107
2013 3 16.6887
2013 4 14.8
2013 5 10.6903
2013 6 8.5067
2013 7 8.1935
2013 8 9.1597
2013 9 11.4183
2013 10 14.5419
2013 11 17.3367
2013 12 20.4016
2014 1 21.6258
2014 2 20.0946
2014 3 17.9823
2014 4 12.7717
2014 5 11.7968
2014 6 7.9883
2014 7 8.4629
2014 8 10.5548
2014 9 12.1533
2014 10 15.6758
2014 11 16.8483
2014 12 19.1048
2015 1 21.7339
2015 2 21.0732
2015 3 20.6226
2015 4 15.6917
2015 5 11.4016
2015 6 8.77
2015 7 8.8968
2015 8 11.1952
2015 9 12.1033
2015 10 13.25
2015 11 17.265
2015 12 20.1387
2016 1 21.6629
2016 2 21.0138
2016 3 17.3032
2016 4 11.985
2016 5 11.0419
2016 6 6.105
2016 7 7.9403
2016 8 9.0758
2016 9 13.3967
2016 10 14.2484
2016 11 18.73
2016 12 19.5597
2017 1 23.271
2017 2 22.1179
2017 3 19.2581
2017 4 15.0383
2017 5 11.0661
2017 6 8.3133
2017 7 7.8032
2017 8 9.45
2017 9 11.7517
2017 10 13.7597
2017 11 17.7433
2017 12 20.8387
2018 1 21.6645
2018 2 21.6982
2018 3 18.3032
2018 4 14.6567
2018 5 11.6355
2018 6 7.4583
2018 7 8.2113
2018 8 9.4726
2018 9 12.3367
2018 10 14.3355
2018 11 18.2283
2018 12 20.5839
2019 1 21.8145
2019 2 22.2839
2019 3 18.7581
2019 4 14.85
2019 5 11.1403
2019 6 8.8883
2019 7 8.6097
2019 8 10.7903
2019 9 12.2717
2019 10 14.8435
2019 11 19.0867
2019 12 22.0387
2020 1 22.9097
2020 2 22.131
2020 3 20.679
2020 4 16.6167
2020 5 12.3694
2020 6 9.4083
2020 7 9.5758
2020 8 9.6726
2020 9 13.0333
2020 10 15.8694
2020 11 18.84
2020 12 20.7903
2021 1 20.721
2021 2 19.3062
2021 3 18.1823
2021 4 14.1467
2021 5 10.5887
2021 6 8.9817
2021 7 7.1532
2021 8 13.1363
2021 9 13.3908
2021 10 14.1129
2021 11 15.4492
2021 12 17.3871
2022 1 21.3137
2022 2 21.2134
2022 3 18.9532
2022 4 15.0325
2022 5 11.0758
2022 6 9.6858
2022 7 8.5194
2022 8 10.3315
2022 9 12.4358
2022 10 15.7129
2022 11 19.6333
2022 12 22.1766
2023 1 22.4145
2023 2 23.1286
2023 3 21.35
2023 4 16.77
2023 5 12.3895
2023 6 11.1633
2023 7 10.6573
2023 8 11.7091
2023 9 12.6258
2023 10 14.5145
2023 11 16.3558
2023 12 20.0524
2024 1 22.9113
2024 2 23.0655
2024 3 18.0766
2024 4 13.0242
2024 5 6.475
2024 6 8.7008
2024 7 5.1573
2024 8 7.0984
2024 9 10.2112
2024 10 13.5375
2024 11 15.0421
2024 12 17.231
2025 1 19.6379
2025 2 19.5911
2025 3 16.7702
2025 4 12.9408
2025 5 9.7605
2025 6 6.1242
