1981 1 22.5081
1981 2 22.6375
1981 3 22.9516
1981 4 21.095
1981 5 18.9065
1981 6 17.7017
1981 7 15.5
1981 8 16.6468
1981 9 17.2717
1981 10 17.6081
1981 11 19.325
1981 12 21.5935
1982 1 22.5129
1982 2 22.85
1982 3 21.1548
1982 4 20.185
1982 5 18.8532
1982 6 16.665
1982 7 16.7419
1982 8 17.2419
1982 9 18.4633
1982 10 20.0306
1982 11 21.9
1982 12 24.179
1983 1 26.5323
1983 2 26.9214
1983 3 25.8048
1983 4 23.9217
1983 5 22.2935
1983 6 18.6733
1983 7 18.6032
1983 8 18.7306
1983 9 18.1917
1983 10 18.5887
1983 11 20.4183
1983 12 21.9016
1984 1 23.0129
1984 2 23.2103
1984 3 22.1177
1984 4 20.4567
1984 5 18.6935
1984 6 16.9483
1984 7 16.5145
1984 8 17.0032
1984 9 17.9667
1984 10 19.5855
1984 11 20.1783
1984 12 21.3145
1985 1 22.2645
1985 2 22.6643
1985 3 22.8355
1985 4 20.0733
1985 5 17.9984
1985 6 17.845
1985 7 16.3242
1985 8 15.6194
1985 9 17.4383
1985 10 19.1774
1985 11 19.7083
1985 12 21.5
1986 1 22.6355
1986 2 23.0125
1986 3 21.8177
1986 4 20.0183
1986 5 19.0048
1986 6 16.2467
1986 7 15.329
1986 8 16.4032
1986 9 16.995
1986 10 17.9742
1986 11 19.9967
1986 12 21.8113
1987 1 23.779
1987 2 24.4357
1987 3 23.929
1987 4 20.765
1987 5 18.6468
1987 6 18.2833
1987 7 17.2774
1987 8 17.4484
1987 9 17.43
1987 10 18.7371
1987 11 20.4933
1987 12 21.7258
1988 1 22.8871
1988 2 22.0828
1988 3 21.8484
1988 4 19.945
1988 5 17.7581
1988 6 15.2117
1988 7 15.3048
1988 8 15.721
1988 9 16.3333
1988 10 17.8742
1988 11 19.0483
1988 12 20.4516
1989 1 21.2097
1989 2 23.7554
1989 3 22.3548
1989 4 20.465
1989 5 16.9403
1989 6 17.1417
1989 7 16.1903
1989 8 16.3581
1989 9 16.185
1989 10 17.9194
1989 11 19.255
1989 12 20.5613
1990 1 22.4
1990 2 22.2375
1990 3 21.9839
1990 4 20.1467
1990 5 17.3919
1990 6 16.0517
1990 7 15.6516
1990 8 15.6935
1990 9 17.0783
1990 10 17.7
1990 11 18.845
1990 12 21.0081
1991 1 22.5629
1991 2 22.7804
1991 3 21.6081
1991 4 19.5033
1991 5 18.1371
1991 6 17.8833
1991 7 16.6806
1991 8 16.1887
1991 9 17.465
1991 10 17.8048
1991 11 20.2233
1991 12 21.029
1992 1 22.9532
1992 2 22.3983
1992 3 23.8323
1992 4 23.0183
1992 5 21.3113
1992 6 18.2467
1992 7 16.371
1992 8 16.5194
1992 9 17.34
1992 10 19.029
1992 11 20.4267
1992 12 21.2855
1993 1 23.2016
1993 2 22.8179
1993 3 21.9032
1993 4 21.5517
1993 5 20.1452
1993 6 18.0633
1993 7 17.3532
1993 8 17.3758
1993 9 17.245
1993 10 18.271
1993 11 19.3883
1993 12 20.7968
1994 1 22.2
1994 2 22.5054
1994 3 22.0871
1994 4 20.6583
1994 5 18.8516
1994 6 17.425
1994 7 16.3597
1994 8 16.1323
1994 9 17.87
1994 10 19.1532
1994 11 20.225
1994 12 22.0194
1995 1 23.1113
1995 2 22.3982
1995 3 21.9306
1995 4 20.3517
1995 5 17.5952
1995 6 16.415
1995 7 15.7903
1995 8 16.0468
1995 9 16.8933
1995 10 17.9048
1995 11 19.1217
1995 12 20.0661
1996 1 21.3919
1996 2 21.9276
1996 3 20.6806
1996 4 18.9683
1996 5 17.7097
1996 6 16.1833
1996 7 15.1065
1996 8 15.5145
1996 9 16.2917
1996 10 17.5661
1996 11 19.0667
1996 12 20.2758
1997 1 22.9806
1997 2 22.7518
1997 3 23.0048
1997 4 21.0133
1997 5 20.5323
1997 6 19.3433
1997 7 19.4597
1997 8 20.0726
1997 9 20.0017
1997 10 20.4726
1997 11 21.475
1997 12 23.4758
1998 1 25.9629
1998 2 25.5268
1998 3 24.1177
1998 4 21.6717
1998 5 19.5355
1998 6 17.6967
1998 7 17.8565
1998 8 16.821
1998 9 16.2483
1998 10 17.9048
1998 11 19.79
1998 12 20.9839
1999 1 21.5306
1999 2 22.8982
1999 3 22.6468
1999 4 19.055
1999 5 17.2742
1999 6 16.4183
1999 7 16.4468
1999 8 16.7694
1999 9 16.9567
1999 10 17.9484
1999 11 19.2433
1999 12 21.15
2000 1 23.171
2000 2 22.2724
2000 3 21.7194
2000 4 21.4433
2000 5 17.9258
2000 6 17.0067
2000 7 15.7371
2000 8 16.0548
2000 9 17.1983
2000 10 18.3065
2000 11 19.035
2000 12 21.5194
2001 1 23.0145
2001 2 23.8643
2001 3 22.5613
2001 4 20.275
2001 5 18.1984
2001 6 16.785
2001 7 15.7694
2001 8 16.25
2001 9 16.5733
2001 10 17.9097
2001 11 19.6767
2001 12 21.1968
2002 1 21.7855
2002 2 23.1125
2002 3 22.8613
2002 4 20.7533
2002 5 18.5919
2002 6 17.42
2002 7 16.0452
2002 8 16.1516
2002 9 17.1583
2002 10 18.7016
2002 11 19.7233
2002 12 21.3306
2003 1 22.321
2003 2 23.7786
2003 3 21.8016
2003 4 19.4317
2003 5 18.121
2003 6 15.88
2003 7 15.9
2003 8 16.5226
2003 9 16.9117
2003 10 19.1065
2003 11 20.7633
2003 12 21.379
2004 1 22.7758
2004 2 22.1931
2004 3 22.0516
2004 4 19.77
2004 5 17.1694
2004 6 15.7733
2004 7 16.0806
2004 8 16.2758
2004 9 17.2633
2004 10 18.7242
2004 11 19.9133
2004 12 22.2403
2005 1 23.421
2005 2 22.45
2005 3 21.3242
2005 4 19.725
2005 5 18.3097
2005 6 16.6133
2005 7 16.0597
2005 8 16.5694
2005 9 16.1933
2005 10 16.9065
2005 11 18.8317
2005 12 21.2613
2006 1 22.9726
2006 2 23.4839
2006 3 22.4661
2006 4 19.3167
2006 5 18.3806
2006 6 17.4617
2006 7 17.3613
2006 8 16.9839
2006 9 17.73
2006 10 19.1387
2006 11 19.7683
2006 12 21.5323
2007 1 23.3323
2007 2 22.5714
2007 3 21.8258
2007 4 19.1183
2007 5 16.5645
2007 6 15.315
2007 7 14.7258
2007 8 14.6435
2007 9 15.1783
2007 10 16.5613
2007 11 18.8317
2007 12 19.8016
2008 1 22.9726
2008 2 22.3552
2008 3 21.8016
2008 4 18.8033
2008 5 16.421
2008 6 17.0333
2008 7 16.3097
2008 8 16.4355
2008 9 17.2183
2008 10 17.9597
2008 11 19.005
2008 12 20.5823
2009 1 22.1306
2009 2 23.0518
2009 3 22.2968
2009 4 20.58
2009 5 18.9387
2009 6 17.69
2009 7 16.7371
2009 8 16.1306
2009 9 16.895
2009 10 17.8565
2009 11 20.7217
2009 12 22.0306
2010 1 22.6581
2010 2 24.0554
2010 3 21.9871
2010 4 21.375
2010 5 19.2597
2010 6 16.3967
2010 7 14.7032
2010 8 15.2145
2010 9 16.09
2010 10 17.3177
2010 11 18.49
2010 12 19.7161
2011 1 21.4371
2011 2 23.2786
2011 3 21.1258
2011 4 20.3083
2011 5 18.3435
2011 6 17.8217
2011 7 16.5952
2011 8 16.0258
2011 9 16.6583
2011 10 17.3097
2011 11 19.7
2011 12 21.3903
2012 1 22.4484
2012 2 23.3431
2012 3 23.5903
2012 4 21.3868
2012 5 19.1726
2012 6 18.7517
2012 7 17.3242
2012 8 16.5871
2012 9 17.5867
2012 10 18.1919
2012 11 19.6517
2012 12 21.2339
2013 1 22.2129
2013 2 23.4804
2013 3 21.5419
2013 4 18.4083
2013 5 17.9871
2013 6 16.1417
2013 7 15.0871
2013 8 15.9306
2013 9 16.6283
2013 10 17.6677
2013 11 19.0383
2013 12 21.3274
2014 1 23.1629
2014 2 21.5554
2014 3 21.2048
2014 4 20.4217
2014 5 18.7935
2014 6 17.275
2014 7 15.6581
2014 8 16.2355
2014 9 16.8117
2014 10 18.4597
2014 11 20.155
2014 12 20.9613
2015 1 22.0645
2015 2 24.0464
2015 3 24.0371
2015 4 22.1483
2015 5 20.6
2015 6 18.8533
2015 7 17.3919
2015 8 17.2306
2015 9 18.5833
2015 10 19.3748
2015 11 20.5017
2015 12 22.3113
2016 1 23.3806
2016 2 24.519
2016 3 23.4548
2016 4 20.9783
2016 5 18.9839
2016 6 17.9667
2016 7 17.3177
2016 8 17.5242
2016 9 17.5683
2016 10 19.1694
2016 11 19.82
2016 12 21.3452
2017 1 24.6419
2017 2 24.5464
2017 3 23.3548
2017 4 20.8317
2017 5 19.9984
2017 6 17.9867
2017 7 17.1968
2017 8 17.0613
2017 9 16.8033
2017 10 17.95
2017 11 18.92
2017 12 20.5694
2018 1 22.0774
2018 2 23.5054
2018 3 22.3887
2018 4 20.4633
2018 5 19.5129
2018 6 17.62
2018 7 16.1839
2018 8 16.3339
2018 9 17.415
2018 10 19.0
2018 11 20.8867
2018 12 21.4952
2019 1 23.2726
2019 2 23.7518
2019 3 22.1097
2019 4 20.8217
2019 5 18.5839
2019 6 17.495
2019 7 16.4274
2019 8 16.0887
2019 9 16.655
2019 10 17.5468
2019 11 20.1883
2019 12 21.3565
2020 1 23.9274
2020 2 23.9845
2020 3 23.6032
2020 4 21.37
2020 5 18.7565
2020 6 17.7333
2020 7 16.2145
2020 8 16.8113
2020 9 16.7433
2020 10 18.1323
2020 11 18.455
2020 12 20.7355
2021 1 22.0226
2021 2 22.0393
2021 3 21.9355
2021 4 19.9967
2021 5 18.679
2021 6 16.975
2021 7 16.2274
2021 8 16.1871
2021 9 16.105
2021 10 16.7081
2021 11 18.9017
2021 12 20.7726
2022 1 21.6661
2022 2 21.5214
2022 3 20.7129
2022 4 18.6067
2022 5 17.7984
2022 6 16.2683
2022 7 16.0919
2022 8 15.7726
2022 9 15.83
2022 10 16.3565
2022 11 18.9067
2022 12 21.4081
2023 1 21.9742
2023 2 23.9143
2023 3 23.8742
2023 4 22.06
2023 5 20.0839
2023 6 19.28
2023 7 18.7129
2023 8 18.9573
2023 9 19.2217
2023 10 19.0919
2023 11 20.1967
2023 12 21.529
2024 1 23.0823
2024 2 24.6431
2024 3 21.9177
2024 4 19.6292
2024 5 17.3984
2024 6 16.4967
2024 7 14.8008
2024 8 15.2823
2024 9 16.0
2024 10 17.1153
2024 11 19.0917
2024 12 19.1952
2025 1 21.171
2025 2 22.7107
2025 3 21.0919
2025 4 18.8383
2025 5 17.8758
2025 6 16.505
