1981 1 15.2194
1981 2 14.9536
1981 3 13.5597
1981 4 10.9418
1981 5 6.0113
1981 6 6.3883
1981 7 5.2089
1981 8 6.3473
1981 9 5.9567
1981 10 10.0239
1981 11 11.635
1981 12 13.7935
1982 1 15.8855
1982 2 13.3643
1982 3 12.5855
1982 4 11.645
1982 5 7.5484
1982 6 1.9383
1982 7 1.9613
1982 8 5.1435
1982 9 8.4533
1982 10 8.7645
1982 11 11.1267
1982 12 14.0194
1983 1 16.5516
1983 2 14.4214
1983 3 13.1952
1983 4 10.16
1983 5 7.5758
1983 6 3.2533
1983 7 3.3984
1983 8 5.5903
1983 9 6.4633
1983 10 10.571
1983 11 12.6933
1983 12 16.1661
1984 1 14.8306
1984 2 13.2448
1984 3 13.0806
1984 4 9.1701
1984 5 5.2129
1984 6 1.6392
1984 7 2.6242
1984 8 5.4532
1984 9 8.105
1984 10 8.2145
1984 11 12.0883
1984 12 15.0758
1985 1 15.0581
1985 2 14.6839
1985 3 12.606
1985 4 8.9389
1985 5 6.3306
1985 6 6.8333
1985 7 5.1565
1985 8 5.9823
1985 9 7.1983
1985 10 9.1484
1985 11 13.2367
1985 12 14.2306
1986 1 14.8435
1986 2 14.3625
1986 3 11.629
1986 4 8.725
1986 5 6.8598
1986 6 3.7767
1986 7 4.2306
1986 8 4.8629
1986 9 6.9933
1986 10 11.0903
1986 11 10.0083
1986 12 13.8274
1987 1 15.7935
1987 2 15.5732
1987 3 14.6532
1987 4 10.2333
1987 5 6.3113
1987 6 6.535
1987 7 4.582
1987 8 5.6691
1987 9 8.9133
1987 10 10.5661
1987 11 13.3217
1987 12 13.4371
1988 1 14.3129
1988 2 17.5879
1988 3 13.4722
1988 4 9.7211
1988 5 6.3753
1988 6 4.1265
1988 7 2.7452
1988 8 5.2871
1988 9 8.615
1988 10 8.7046
1988 11 12.6317
1988 12 12.9207
1989 1 15.9437
1989 2 15.4505
1989 3 12.6626
1989 4 9.5418
1989 5 6.0032
1989 6 6.1483
1989 7 3.5782
1989 8 4.2856
1989 9 6.745
1989 10 10.6123
1989 11 12.236
1989 12 12.5419
1990 1 14.2824
1990 2 16.455
1990 3 12.8301
1990 4 7.8274
1990 5 6.7927
1990 6 5.6693
1990 7 5.067
1990 8 6.5642
1990 9 8.1452
1990 10 9.8702
1990 11 10.5489
1990 12 13.1546
1991 1 15.3953
1991 2 15.1658
1991 3 12.0957
1991 4 9.3288
1991 5 5.8698
1991 6 4.2767
1991 7 3.0235
1991 8 3.0557
1991 9 7.0098
1991 10 8.813
1991 11 12.3735
1991 12 11.4938
1992 1 16.5591
1992 2 12.8825
1992 3 12.9023
1992 4 9.0396
1992 5 4.9134
1992 6 2.655
1992 7 2.0705
1992 8 6.2299
1992 9 7.2033
1992 10 7.6613
1992 11 13.11
1992 12 12.3758
1993 1 13.4025
1993 2 16.2188
1993 3 13.3538
1993 4 9.0851
1993 5 5.1542
1993 6 3.7762
1993 7 2.5231
1993 8 6.5842
1993 9 8.0161
1993 10 10.5011
1993 11 11.2672
1993 12 13.2677
1994 1 16.5548
1994 2 14.3173
1994 3 13.9355
1994 4 8.84
1994 5 6.7355
1994 6 5.605
1994 7 3.8581
1994 8 4.9065
1994 9 6.5467
1994 10 9.2952
1994 11 11.3
1994 12 13.3899
1995 1 13.7435
1995 2 14.1143
1995 3 12.7903
1995 4 10.07
1995 5 7.5097
1995 6 2.0833
1995 7 2.0645
1995 8 3.4661
1995 9 7.0517
1995 10 9.5081
1995 11 12.0383
1995 12 16.4581
1996 1 14.15
1996 2 13.6517
1996 3 12.3903
1996 4 8.4683
1996 5 8.0387
1996 6 3.2917
1996 7 5.3048
1996 8 6.0548
1996 9 8.8783
1996 10 9.8758
1996 11 11.4967
1996 12 13.5048
1997 1 14.3968
1997 2 12.7161
1997 3 14.1033
1997 4 10.6933
1997 5 8.1617
1997 6 5.5595
1997 7 4.037
1997 8 5.34
1997 9 6.9737
1997 10 9.3457
1997 11 11.3957
1997 12 13.8625
1998 1 13.9024
1998 2 17.1675
1998 3 13.0955
1998 4 10.6898
1998 5 9.9184
1998 6 6.1258
1998 7 6.2435
1998 8 6.4119
1998 9 7.2425
1998 10 9.9524
1998 11 12.2667
1998 12 14.7952
1999 1 17.9325
1999 2 15.205
1999 3 12.7239
1999 4 9.3286
1999 5 6.8475
1999 6 2.2525
1999 7 2.5045
1999 8 5.9886
1999 9 8.196
1999 10 10.4125
1999 11 13.031
1999 12 13.7381
2000 1 14.6282
2000 2 13.6143
2000 3 11.2783
2000 4 10.3763
2000 5 6.8977
2000 6 4.235
2000 7 2.9048
2000 8 5.7159
2000 9 6.8444
2000 10 10.4286
2000 11 10.8071
2000 12 11.9605
2001 1 13.4241
2001 2 13.8083
2001 3 11.5333
2001 4 8.9
2001 5 5.8759
2001 6 4.4038
2001 7 0.65
2001 8 6.15
2001 9 8.1846
2001 10 11.487
2001 11 10.4519
2001 12 15.3926
2002 1 15.892
2002 2 16.35
2002 3 10.35
2002 4 9.5231
2002 5 7.2346
2002 6 2.9825
2002 7 5.4783
2002 8 5.1381
2002 9 7.2875
2002 10 8.2907
2002 11 10.1923
2002 12 14.1442
2003 1 14.2827
2003 2 14.0167
2003 3 14.0167
2003 4 9.2788
2003 5 8.1519
2003 6 4.982
2003 7 4.7407
2003 8 5.1308
2003 9 8.0135
2003 10 9.9185
2003 11 11.9225
2003 12 11.8276
2004 1 15.8762
2004 2 17.56
2004 3 14.1739
2004 4 9.019
2004 5 6.52
2004 6 5.765
2004 7 4.7273
2004 8 6.7409
2004 9 7.9857
2004 10 10.245
2004 11 13.2405
2004 12 14.0
2005 1 14.2619
2005 2 17.96
2005 3 11.89
2005 4 8.92
2005 5 5.3164
2005 6 2.96
2005 7 3.9238
2005 8 4.3273
2005 9 7.4476
2005 10 9.9
2005 11 10.9048
2005 12 15.2857
2006 1 14.1818
2006 2 15.99
2006 3 11.2652
2006 4 10.2316
2006 5 6.6909
2006 6 4.79
2006 7 3.3521
2006 8 4.8502
2006 9 8.3474
2006 10 8.9571
2006 11 11.11
2006 12 12.2474
2007 1 15.1409
2007 2 13.6105
2007 3 12.319
2007 4 9.51
2007 5 5.7357
2007 6 3.7438
2007 7 3.0684
2007 8 3.819
2007 9 7.5824
2007 10 8.8227
2007 11 11.835
2007 12 14.1515
2008 1 17.5476
2008 2 18.0333
2008 3 13.8975
2008 4 9.65
2008 5 5.7413
2008 6 5.1333
2008 7 3.4614
2008 8 4.3892
2008 9 7.295
2008 10 9.8866
2008 11 13.7028
2008 12 16.2406
2009 1 16.3955
2009 2 15.8229
2009 3 13.635
2009 4 10.4233
2009 5 6.7412
2009 6 4.88
2009 7 4.2489
2009 8 5.2652
2009 9 8.0232
2009 10 8.6058
2009 11 9.2719
2009 12 12.9033
2010 1 11.7125
2010 2 12.7093
2010 3 15.05
2010 4 10.4471
2010 5 6.6649
2010 6 3.9312
2010 7 3.4448
2010 8 4.6545
2010 9 8.0496
2010 10 9.753
2010 11 11.5905
2010 12 13.378
2011 1 14.6373
2011 2 14.9525
2011 3 11.6012
2011 4 10.7184
2011 5 7.1968
2011 6 5.8421
2011 7 4.3621
2011 8 5.2893
2011 9 8.3447
2011 10 9.8411
2011 11 12.1643
2011 12 15.6975
2012 1 17.5403
2012 2 13.2606
2012 3 13.3326
2012 4 10.5964
2012 5 8.0414
2012 6 4.2533
2012 7 5.271
2012 8 6.0981
2012 9 10.2207
2012 10 10.5694
2012 11 14.0756
2012 12 13.5633
2013 1 18.5569
2013 2 15.6875
2013 3 13.454
2013 4 11.1959
2013 5 7.9083
2013 6 6.8733
2013 7 3.4983
2013 8 4.4592
2013 9 6.7062
2013 10 10.6969
2013 11 11.6231
2013 12 14.9723
2014 1 14.8661
2014 2 15.3018
2014 3 12.4468
2014 4 10.0317
2014 5 7.0145
2014 6 5.4433
2014 7 5.7283
2014 8 8.4166
2014 9 8.4026
2014 10 11.3887
2014 11 12.3082
2014 12 14.3162
2015 1 16.9707
2015 2 16.425
2015 3 13.6726
2015 4 10.435
2015 5 8.5975
2015 6 5.5667
2015 7 4.6645
2015 8 5.6065
2015 9 7.2183
2015 10 9.3484
2015 11 12.5417
2015 12 14.0097
2016 1 17.2032
2016 2 15.6121
2016 3 14.9871
2016 4 8.9567
2016 5 8.1226
2016 6 5.1617
2016 7 4.6726
2016 8 6.1484
2016 9 8.7783
2016 10 10.2904
2016 11 13.1583
2016 12 14.5927
2017 1 14.6258
2017 2 16.4268
2017 3 13.0645
2017 4 11.752
2017 5 6.6605
2017 6 4.93
2017 7 4.5275
2017 8 5.0523
2017 9 6.5075
2017 10 8.346
2017 11 12.213
2017 12 14.3452
2018 1 15.2727
2018 2 15.6642
2018 3 11.5757
2018 4 9.3211
2018 5 6.7047
2018 6 3.55
2018 7 2.9515
2018 8 5.5198
2018 9 7.0099
2018 10 8.5348
2018 11 11.1733
2018 12 14.4168
2019 1 13.6323
2019 2 16.1161
2019 3 12.9645
2019 4 10.6017
2019 5 6.5056
2019 6 4.95
2019 7 4.7548
2019 8 5.9976
2019 9 7.2433
2019 10 11.3177
2019 11 16.9175
2019 12 17.6895
2020 1 19.3556
2020 2 14.1948
2020 3 13.4532
2020 4 9.9767
2020 5 7.6726
2020 6 4.715
2020 7 3.8855
2020 8 5.4516
2020 9 6.8817
2020 10 9.521
2020 11 13.3683
2020 12 13.8895
2021 1 16.404
2021 2 18.3268
2021 3 14.1452
2021 4 11.3517
2021 5 7.0419
2021 6 3.9683
2021 7 4.9548
2021 8 5.3565
2021 9 8.0017
2021 10 10.3468
2021 11 12.995
2021 12 16.4815
2022 1 15.1774
2022 2 16.0098
2022 3 11.7685
2022 4 9.0583
2022 5 6.1202
2022 6 3.0533
2022 7 3.3758
2022 8 5.4935
2022 9 7.9854
2022 10 9.5823
2022 11 14.3258
2022 12 14.2476
2023 1 16.1089
2023 2 15.1982
2023 3 11.8476
2023 4 10.4142
2023 5 7.7097
2023 6 3.5625
2023 7 3.9911
2023 8 5.1792
2023 9 5.8167
2023 10 8.8065
2023 11 10.1275
2023 12 14.1815
2024 1 17.0508
2024 2 17.05
2024 3 11.1798
2024 4 7.2958
2024 5 3.0258
2024 6 5.1558
2024 7 2.0302
2024 8 4.0661
2024 9 5.3754
2024 10 7.596
2024 11 9.0608
2024 12 11.5319
2025 1 13.1226
2025 2 12.9071
2025 3 10.6339
2025 4 8.2575
2025 5 6.4456
2025 6 3.7808
