1981 1 13.8419
1981 2 13.075
1981 3 11.2645
1981 4 8.0767
1981 5 4.1979
1981 6 2.1363
1981 7 2.4129
1981 8 4.7677
1981 9 5.965
1981 10 9.8581
1981 11 10.8033
1981 12 12.5339
1982 1 15.5032
1982 2 11.9679
1982 3 11.0129
1982 4 8.5717
1982 5 5.3097
1982 6 -2.3417
1982 7 -2.821
1982 8 3.371
1982 9 6.74
1982 10 8.6226
1982 11 11.7767
1982 12 13.3855
1983 1 15.071
1983 2 13.3125
1983 3 12.2903
1983 4 8.66
1983 5 4.7919
1983 6 1.7867
1983 7 1.9081
1983 8 4.6935
1983 9 6.1
1983 10 9.0645
1983 11 11.805
1983 12 15.1839
1984 1 14.1629
1984 2 12.6828
1984 3 12.1839
1984 4 8.26
1984 5 1.95
1984 6 -1.7533
1984 7 -0.4645
1984 8 2.9371
1984 9 8.28
1984 10 8.3258
1984 11 12.405
1984 12 15.4113
1985 1 15.3645
1985 2 15.0232
1985 3 11.1419
1985 4 7.8
1985 5 4.5762
1985 6 3.1567
1985 7 2.7677
1985 8 4.579
1985 9 6.4783
1985 10 8.8532
1985 11 12.2083
1985 12 13.3742
1986 1 13.5984
1986 2 12.2179
1986 3 10.0387
1986 4 6.48
1986 5 5.3258
1986 6 0.385
1986 7 2.179
1986 8 3.3629
1986 9 6.0
1986 10 9.8661
1986 11 10.625
1986 12 12.9145
1987 1 14.8855
1987 2 14.1661
1987 3 11.9565
1987 4 9.78
1987 5 4.4419
1987 6 4.0983
1987 7 2.2323
1987 8 2.9597
1987 9 6.3133
1987 10 9.8387
1987 11 12.6
1987 12 12.6452
1988 1 13.5274
1988 2 15.4379
1988 3 11.1887
1988 4 8.0283
1988 5 4.9323
1988 6 2.3017
1988 7 0.9242
1988 8 2.8823
1988 9 7.5567
1988 10 8.6065
1988 11 11.4983
1988 12 11.4161
1989 1 13.0823
1989 2 14.1214
1989 3 11.3871
1989 4 7.3717
1989 5 5.6565
1989 6 2.4083
1989 7 1.2435
1989 8 2.8677
1989 9 6.4383
1989 10 10.2403
1989 11 11.51
1989 12 10.9597
1990 1 12.6258
1990 2 15.5857
1990 3 11.9032
1990 4 7.015
1990 5 4.85
1990 6 3.3933
1990 7 3.5516
1990 8 3.9032
1990 9 6.1433
1990 10 9.3081
1990 11 9.34
1990 12 12.4113
1991 1 13.4435
1991 2 13.2089
1991 3 10.7
1991 4 8.3867
1991 5 3.6903
1991 6 0.0633
1991 7 0.6097
1991 8 2.4968
1991 9 5.635
1991 10 8.0806
1991 11 10.6767
1991 12 9.7129
1992 1 15.7371
1992 2 12.081
1992 3 11.9452
1992 4 8.1783
1992 5 3.35
1992 6 0.2083
1992 7 -0.6371
1992 8 3.4
1992 9 5.4467
1992 10 6.1242
1992 11 11.48
1992 12 12.0258
1993 1 12.2645
1993 2 13.9393
1993 3 11.3806
1993 4 7.045
1993 5 3.8145
1993 6 0.9483
1993 7 1.6694
1993 8 4.9194
1993 9 7.5317
1993 10 10.5452
1993 11 10.8917
1993 12 12.7258
1994 1 15.2855
1994 2 12.8571
1994 3 11.9532
1994 4 8.045
1994 5 3.7258
1994 6 1.115
1994 7 0.2806
1994 8 3.9694
1994 9 5.215
1994 10 8.4581
1994 11 11.1983
1994 12 12.9855
1995 1 13.7226
1995 2 13.7786
1995 3 11.6081
1995 4 8.4533
1995 5 4.6065
1995 6 -0.4867
1995 7 -1.421
1995 8 1.6435
1995 9 6.135
1995 10 9.4097
1995 11 10.95
1995 12 14.929
1996 1 12.8403
1996 2 12.5448
1996 3 10.9581
1996 4 7.57
1996 5 6.221
1996 6 0.9133
1996 7 2.2919
1996 8 3.6484
1996 9 7.5433
1996 10 8.9952
1996 11 9.9233
1996 12 12.4419
1997 1 12.5823
1997 2 12.1036
1997 3 12.329
1997 4 7.8067
1997 5 4.4065
1997 6 2.7167
1997 7 1.121
1997 8 3.1468
1997 9 6.74
1997 10 8.7306
1997 11 11.2317
1997 12 12.9655
1998 1 12.879
1998 2 16.8214
1998 3 12.2419
1998 4 9.04
1998 5 6.8581
1998 6 3.115
1998 7 4.7323
1998 8 5.2565
1998 9 6.5
1998 10 9.5694
1998 11 11.4967
1998 12 13.1435
1999 1 15.2145
1999 2 13.6875
1999 3 11.7274
1999 4 8.5083
1999 5 4.7403
1999 6 1.0
1999 7 1.6548
1999 8 4.9984
1999 9 6.8883
1999 10 10.979
1999 11 12.045
1999 12 12.8694
2000 1 14.029
2000 2 13.0914
2000 3 11.4758
2000 4 8.37
2000 5 4.9306
2000 6 0.95
2000 7 0.7661
2000 8 3.5306
2000 9 4.1567
2000 10 9.15
2000 11 10.105
2000 12 10.6565
2001 1 12.2532
2001 2 12.6196
2001 3 9.1755
2001 4 7.77
2001 5 3.2952
2001 6 1.395
2001 7 -1.2903
2001 8 3.0145
2001 9 7.2583
2001 10 9.8629
2001 11 9.755
2001 12 14.2419
2002 1 14.7145
2002 2 14.3432
2002 3 8.7452
2002 4 8.1333
2002 5 2.1129
2002 6 -0.015
2002 7 1.4274
2002 8 3.5468
2002 9 6.7317
2002 10 7.6339
2002 11 10.0883
2002 12 12.4968
2003 1 13.1258
2003 2 13.0375
2003 3 12.5048
2003 4 8.7636
2003 5 5.8505
2003 6 1.7117
2003 7 3.8629
2003 8 4.9938
2003 9 6.77
2003 10 8.0484
2003 11 10.2667
2003 12 11.0129
2004 1 15.2871
2004 2 16.419
2004 3 11.5532
2004 4 6.9233
2004 5 4.5016
2004 6 3.8333
2004 7 0.7774
2004 8 4.0183
2004 9 7.1467
2004 10 9.601
2004 11 13.4952
2004 12 12.6455
2005 1 14.5962
2005 2 18.345
2005 3 11.9523
2005 4 8.2373
2005 5 3.131
2005 6 -0.219
2005 7 0.224
2005 8 2.9659
2005 9 6.65
2005 10 9.1175
2005 11 9.7854
2005 12 13.4179
2006 1 14.252
2006 2 14.0625
2006 3 10.4
2006 4 6.8395
2006 5 4.1273
2006 6 1.3875
2006 7 1.4667
2006 8 3.3318
2006 9 7.5366
2006 10 8.9102
2006 11 10.658
2006 12 11.6974
2007 1 15.4183
2007 2 12.8771
2007 3 11.7387
2007 4 8.9167
2007 5 4.1048
2007 6 2.345
2007 7 0.5903
2007 8 3.6403
2007 9 6.9467
2007 10 7.8613
2007 11 10.965
2007 12 13.7032
2008 1 15.5087
2008 2 16.2962
2008 3 13.1925
2008 4 8.1841
2008 5 2.495
2008 6 2.7143
2008 7 1.4977
2008 8 1.8025
2008 9 7.1075
2008 10 9.4068
2008 11 12.11
2008 12 16.4286
2009 1 15.3833
2009 2 14.2606
2009 3 11.6509
2009 4 9.2762
2009 5 5.8254
2009 6 2.1857
2009 7 2.8477
2009 8 3.5405
2009 9 6.9381
2009 10 7.1143
2009 11 8.803
2009 12 11.8952
2010 1 13.1038
2010 2 11.2906
2010 3 12.7973
2010 4 8.3286
2010 5 5.715
2010 6 1.6548
2010 7 0.905
2010 8 3.2949
2010 9 6.9167
2010 10 9.4774
2010 11 10.87
2010 12 11.8452
2011 1 14.5871
2011 2 14.3018
2011 3 10.7209
2011 4 8.4
2011 5 5.1
2011 6 2.0733
2011 7 1.6065
2011 8 3.1548
2011 9 7.47
2011 10 9.4903
2011 11 10.7867
2011 12 14.9323
2012 1 16.5435
2012 2 13.4069
2012 3 12.6419
2012 4 7.8083
2012 5 4.829
2012 6 1.4483
2012 7 1.8177
2012 8 3.9403
2012 9 6.9383
2012 10 8.921
2012 11 11.7083
2012 12 12.2452
2013 1 17.4645
2013 2 15.2929
2013 3 12.1758
2013 4 11.0333
2013 5 5.1129
2013 6 4.6433
2013 7 2.0935
2013 8 2.7194
2013 9 5.6417
2013 10 9.5274
2013 11 11.04
2013 12 14.0403
2014 1 13.2613
2014 2 14.6482
2014 3 11.8065
2014 4 8.49
2014 5 5.2532
2014 6 1.6517
2014 7 2.0124
2014 8 5.7
2014 9 6.9683
2014 10 9.5532
2014 11 11.415
2014 12 12.7661
2015 1 14.8355
2015 2 15.0107
2015 3 12.1242
2015 4 8.8433
2015 5 6.8597
2015 6 3.6133
2015 7 2.6964
2015 8 4.0645
2015 9 6.4483
2015 10 8.9
2015 11 11.8717
2015 12 13.129
2016 1 16.904
2016 2 14.8707
2016 3 13.9738
2016 4 7.1511
2016 5 5.3323
2016 6 2.7079
2016 7 3.0952
2016 8 3.8145
2016 9 7.6659
2016 10 10.1548
2016 11 12.27
2016 12 13.5613
2017 1 12.9548
2017 2 15.2143
2017 3 12.3684
2017 4 8.835
2017 5 4.9242
2017 6 0.585
2017 7 3.3968
2017 8 4.5452
2017 9 7.235
2017 10 9.129
2017 11 12.2052
2017 12 13.5419
2018 1 14.6065
2018 2 16.2071
2018 3 10.5048
2018 4 7.3683
2018 5 4.9371
2018 6 0.34
2018 7 0.5371
2018 8 4.6866
2018 9 6.915
2018 10 8.9274
2018 11 11.4733
2018 12 14.5935
2019 1 12.9403
2019 2 15.4786
2019 3 12.6694
2019 4 9.3233
2019 5 4.9355
2019 6 3.0508
2019 7 3.0774
2019 8 10.3298
2019 9 6.8933
2019 10 9.3258
2019 11 11.1375
2019 12 13.0081
2020 1 14.3258
2020 2 13.6966
2020 3 13.6919
2020 4 9.21
2020 5 5.9258
2020 6 2.5117
2020 7 0.7887
2020 8 4.15
2020 9 6.5567
2020 10 9.4145
2020 11 13.2317
2020 12 13.9145
2021 1 14.1274
2021 2 17.5464
2021 3 13.4435
2021 4 9.9567
2021 5 5.0081
2021 6 2.1567
2021 7 3.8839
2021 8 4.4919
2021 9 7.5983
2021 10 9.229
2021 11 12.1083
2021 12 16.0065
2022 1 14.9968
2022 2 15.8232
2022 3 12.0581
2022 4 7.7388
2022 5 3.8952
2022 6 0.6858
2022 7 -0.3444
2022 8 3.721
2022 9 6.1667
2022 10 8.8121
2022 11 12.8954
2022 12 13.175
2023 1 15.6379
2023 2 14.5871
2023 3 9.6863
2023 4 8.5271
2023 5 6.177
2023 6 1.5333
2023 7 -0.2161
2023 8 3.702
2023 9 5.1308
2023 10 8.9427
2023 11 9.5875
2023 12 13.6113
2024 1 15.8468
2024 2 15.694
2024 3 8.1536
2024 4 4.8754
2024 5 -0.0036
2024 6 0.3875
2024 7 1.1036
2024 8 1.4056
2024 9 3.0467
2024 10 6.3593
2024 11 7.1712
2024 12 9.7569
2025 1 11.096
2025 2 9.6496
2025 3 8.4629
2025 4 5.6788
2025 5 3.0581
2025 6 0.8654
