1991 1 18.0
1991 2 17.9
1991 3 17.8
1991 4 16.6
1991 5 15.8
1991 6 14.2
1991 7 13.5
1991 8 12.6
1991 9 14.5
1991 10 13.7
1991 11 15.0
1991 12 15.8
1992 1 18.2
1992 2 18.6
1992 3 18.5
1992 4 15.6
1992 5 14.1
1992 6 13.6
1992 7 11.4
1992 8 12.2
1992 9 13.2
1992 10 14.0
1992 11 14.5
1992 12 16.3
1993 1 17.8
1993 2 17.4
1993 3 17.0
1993 4 15.9
1993 5 13.5
1993 6 13.5
1993 7 11.8
1993 8 13.0
1993 9 13.3
1993 10 13.8
1993 11 14.7
1993 12 16.0
1994 1 17.5
1994 2 17.0
1994 3 16.6
1994 4 15.3
1994 5 14.4
1994 6 13.7
1994 7 12.5
1994 8 12.8
1994 9 14.0
1994 10 14.3
1994 11 15.1
1994 12 17.1
1995 1 18.1
1995 2 17.1
1995 3 16.4
1995 4 14.9
1995 5 13.9
1995 6 13.6
1995 7 11.7
1995 8 11.6
1995 9 13.1
1995 10 13.3
1995 11 14.3
1995 12 16.5
1996 1 17.2
1996 2 17.0
1996 3 16.5
1996 4 14.7
1996 5 13.5
1996 6 11.4
1996 7 12.2
1996 8 13.3
1996 9 12.7
1996 10 13.7
1996 11 15.0
1996 12 15.9
1997 1 18.2
1997 2 17.5
1997 3 17.3
1997 4 16.7
1997 5 15.7
1997 6 14.6
1997 7 14.0
1997 8 14.4
1997 9 14.7
1997 10 14.1
1997 11 15.7
1997 12 16.9
1998 1 18.6
1998 2 17.7
1998 3 17.1
1998 4 15.6
1998 5 14.5
1998 6 13.7
1998 7 13.1
1998 8 12.4
1998 9 12.6
1998 10 13.8
1998 11 14.5
1998 12 15.7
1999 1 16.5
1999 2 18.6
1999 3 16.4
1999 4 13.7
1999 5 13.9
1999 6 13.1
1999 7 11.4
1999 8 12.6
1999 9 14.0
1999 10 13.1
1999 11 14.2
1999 12 15.4
2000 1 17.3
2000 2 17.3
2000 3 15.9
2000 4 15.1
2000 5 13.2
2000 6 13.3
2000 7 11.8
2000 8 12.6
2000 9 13.1
2000 10 13.4
2000 11 14.0
2000 12 16.0
2001 1 17.7
2001 2 19.3
2001 3 17.1
2001 4 15.3
2001 5 13.1
2001 6 12.3
2001 7 12.7
2001 8 13.4
2001 9 12.4
2001 10 13.6
2001 11 14.1
2001 12 16.1
2002 1 17.4
2002 2 17.7
2002 3 17.5
2002 4 15.2
2002 5 14.6
2002 6 11.9
2002 7 12.4
2002 8 13.3
2002 9 13.6
2002 10 14.1
2002 11 14.5
2002 12 15.3
2003 1 17.7
2003 2 17.4
2003 3 16.7
2003 4 14.7
2003 5 13.6
2003 6 14.1
2003 7 12.1
2003 8 12.1
2003 9 13.2
2003 10 14.5
2003 11 15.5
2003 12 14.7
2004 1 17.7
2004 2 17.3
2004 3 17.2
2004 4 15.8
2004 5 12.1
2004 6 12.8
2004 7 12.6
2004 8 12.7
2004 9 13.5
2004 10 13.0
2004 11 14.2
2004 12 15.9
2005 1 17.7
2005 2 17.8
2005 3 16.9
2005 4 14.1
2005 5 13.7
2005 6 13.9
2005 7 12.6
2005 8 13.1
2005 9 12.4
2005 10 12.4
2005 11 14.8
2005 12 15.4
2006 1 18.2
2006 2 18.5
2006 3 16.4
2006 4 15.4
2006 5 13.7
2006 6 14.1
2006 7 14.7
2006 8 13.3
2006 9 14.1
2006 10 14.8
2006 11 14.6
2006 12 16.0
2007 1 17.6
2007 2 18.3
2007 3 16.4
2007 4 15.7
2007 5 12.5
2007 6 11.8
2007 7 11.2
2007 8 10.2
2007 9 13.6
2007 10 14.0
2007 11 14.3
2007 12 15.6
2008 1 17.8
2008 2 18.2
2008 3 17.0
2008 4 15.3
2008 5 14.1
2008 6 12.2
2008 7 13.7
2008 8 13.0
2008 9 13.1
2008 10 13.7
2008 11 15.7
2008 12 16.3
2009 1 17.4
2009 2 18.0
2009 3 17.7
2009 4 17.1
2009 5 14.9
2009 6 12.9
2009 7 11.7
2009 8 13.9
2009 9 12.3
2009 10 14.0
2009 11 15.0
2009 12 15.1
2010 1 18.0
2010 2 18.1
2010 3 17.9
2010 4 14.8
2010 5 13.3
2010 6 12.8
2010 7 10.7
2010 8 11.6
2010 9 12.9
2010 10 12.9
2010 11 14.0
2010 12 15.2
2011 1 17.6
2011 2 17.3
2011 3 16.4
2011 4 15.7
2011 5 13.4
2011 6 12.8
2011 7 11.7
2011 8 11.9
2011 9 14.2
2011 10 13.1
2011 11 15.3
2011 12 16.2
2012 1 18.9
2012 2 18.6
2012 3 17.3
2012 4 15.8
2012 5 14.8
2012 6 13.5
2012 7 11.4
2012 8 12.7
2012 9 14.2
2012 10 13.5
2012 11 15.3
2012 12 16.8
2013 1 18.2
2013 2 18.7
2013 3 15.9
2013 4 15.7
2013 5 14.4
2013 6 13.9
2013 7 12.2
2013 8 12.5
2013 9 12.6
2013 10 13.9
2013 11 14.6
2013 12 17.5
2014 1 18.0
2014 2 16.5
2014 3 14.7
2014 4 14.1
2014 5 13.3
2014 6 12.9
2014 7 12.4
2014 8 13.2
2014 9 13.4
2014 10 13.9
2014 11 13.2
2014 12 15.0
2015 1 18.9
2015 2 17.4
2015 3 17.8
2015 4 16.6
2015 5 14.5
2015 6 13.2
2015 7 13.0
2015 8 14.8
2015 9 14.4
2015 10 14.3
2015 11 15.1
2015 12 16.4
2016 1 19.3
2016 2 19.1
2016 3 17.7
2016 4 14.4
2016 5 16.3
2016 6 14.4
2016 7 14.6
2016 8 14.4
2016 9 14.2
2016 10 15.4
2016 11 15.8
2016 12 16.9
2017 1 19.4
2017 2 19.6
2017 3 17.7
2017 4 16.7
2017 5 15.0
2017 6 14.1
2017 7 13.5
2017 8 13.7
2017 9 14.1
2017 10 13.4
2017 11 15.0
2017 12 14.9
2018 1 17.9
2018 2 18.4
2018 3 16.1
2018 4 15.9
2018 5 14.4
2018 6 12.9
2018 7 13.3
2018 8 13.5
2018 9 14.5
2018 10 13.9
2018 11 15.4
2018 12 16.3
2019 1 17.8
2019 2 18.4
2019 3 16.4
2019 4 16.1
2019 5 13.6
2019 6 12.8
2019 7 13.2
2019 8 14.0
2019 9 13.8
2019 10 13.9
2019 11 17.0
2019 12 15.5
2020 1 18.3
2020 2 17.8
2020 3 18.0
2020 4 17.1
2020 5 15.3
2020 6 14.6
2020 7 14.2
2020 8 13.1
2020 9 14.1
2020 10 13.8
2020 11 14.4
2020 12 14.9
2021 1 17.2
2021 2 17.8
2021 3 17.3
2021 4 17.0
2021 5 15.1
2021 6 12.9
2021 7 12.8
2021 8 14.1
2021 9 13.8
2021 10 13.5
2021 11 14.1
2021 12 15.8
2022 1 17.2
2022 2 17.9
2022 3 16.5
2022 4 14.5
2022 5 13.9
2022 6 14.2
2022 7 13.4
2022 8 13.2
2022 9 13.4
2022 10 13.5
2022 11 14.8
2022 12 16.4
2023 1 17.6
2023 2 18.6
2023 3 18.5
2023 4 16.5
2023 5 15.4
2023 6 15.9
2023 7 15.0
2023 8 16.3
2023 9 15.3
2023 10 14.3
2023 11 14.6
2023 12 15.5
2024 1 20.6
2024 2 19.1
2024 3 17.7
2024 4 16.2
2024 5 14.2
2024 6 14.6
2024 7 12.8
2024 8 13.4
2024 9 13.7
2024 10 14.4
2024 11 14.7
2024 12 15.9
2025 1 17.7
2025 2 23.7
2025 3 17.4
2025 4 15.5
2025 5 14.7
2025 6 14.0
