1981 1 20.9323
1981 2 21.7875
1981 3 19.8677
1981 4 16.64
1981 5 13.3274
1981 6 10.1317
1981 7 9.7903
1981 8 12.3855
1981 9 14.6167
1981 10 15.4839
1981 11 18.24
1981 12 20.4016
1982 1 21.0468
1982 2 20.4446
1982 3 19.5887
1982 4 16.1633
1982 5 12.3032
1982 6 10.0783
1982 7 10.5129
1982 8 12.3452
1982 9 14.0533
1982 10 16.529
1982 11 18.0067
1982 12 21.2516
1983 1 21.6952
1983 2 21.9536
1983 3 19.4694
1983 4 16.625
1983 5 12.2194
1983 6 8.0867
1983 7 9.0113
1983 8 10.8226
1983 9 12.02
1983 10 17.6306
1983 11 19.7717
1983 12 21.2355
1984 1 21.3565
1984 2 20.2103
1984 3 19.4855
1984 4 16.6033
1984 5 10.1129
1984 6 9.0283
1984 7 10.0645
1984 8 11.0661
1984 9 13.9233
1984 10 17.0129
1984 11 17.4033
1984 12 20.2129
1985 1 21.021
1985 2 21.0643
1985 3 19.3532
1985 4 15.4717
1985 5 13.1823
1985 6 12.3283
1985 7 9.721
1985 8 11.5242
1985 9 14.55
1985 10 16.1887
1985 11 19.1233
1985 12 20.2242
1986 1 21.2258
1986 2 20.8536
1986 3 19.3597
1986 4 15.8217
1986 5 13.9355
1986 6 10.4483
1986 7 11.9887
1986 8 11.9226
1986 9 13.72
1986 10 17.8081
1986 11 17.725
1986 12 21.8548
1987 1 22.0645
1987 2 22.2321
1987 3 20.7968
1987 4 16.565
1987 5 11.2032
1987 6 12.555
1987 7 9.7989
1987 8 10.9113
1987 9 13.285
1987 10 16.4919
1987 11 19.91
1987 12 20.6839
1988 1 20.979
1988 2 21.7638
1988 3 19.7952
1988 4 16.3517
1988 5 12.2423
1988 6 10.3083
1988 7 9.8871
1988 8 11.7323
1988 9 13.0567
1988 10 16.8919
1988 11 19.5567
1988 12 20.8358
1989 1 22.2645
1989 2 22.1161
1989 3 19.1274
1989 4 16.6267
1989 5 12.0032
1989 6 10.8122
1989 7 10.0419
1989 8 12.2387
1989 9 13.1783
1989 10 16.9306
1989 11 19.5533
1989 12 21.0903
1990 1 22.0403
1990 2 20.9554
1990 3 18.9123
1990 4 15.765
1990 5 12.9113
1990 6 12.1967
1990 7 10.1355
1990 8 13.2194
1990 9 14.0033
1990 10 15.8839
1990 11 19.115
1990 12 20.7177
1991 1 21.3
1991 2 21.3518
1991 3 20.1355
1991 4 16.685
1991 5 14.5065
1991 6 11.3327
1991 7 9.7065
1991 8 10.6992
1991 9 14.7817
1991 10 15.6726
1991 11 18.82
1991 12 19.829
1992 1 22.3226
1992 2 20.7414
1992 3 19.8629
1992 4 15.4767
1992 5 11.5484
1992 6 9.0592
1992 7 8.8484
1992 8 11.7373
1992 9 14.1333
1992 10 17.2745
1992 11 18.8067
1992 12 20.7048
1993 1 22.5274
1993 2 21.8393
1993 3 20.7218
1993 4 16.3783
1993 5 11.2855
1993 6 11.8433
1993 7 9.4097
1993 8 12.1516
1993 9 13.335
1993 10 16.6323
1993 11 18.6033
1993 12 21.2532
1994 1 21.8927
1994 2 20.4429
1994 3 20.1758
1994 4 17.335
1994 5 13.4145
1994 6 11.3633
1994 7 9.9645
1994 8 11.886
1994 9 16.0667
1994 10 16.3016
1994 11 19.4
1994 12 21.6016
1995 1 21.7468
1995 2 20.2018
1995 3 19.2145
1995 4 17.0533
1995 5 14.8823
1995 6 12.1717
1995 7 9.3371
1995 8 10.4661
1995 9 14.2833
1995 10 16.8984
1995 11 18.7683
1995 12 21.4871
1996 1 20.6871
1996 2 21.0259
1996 3 19.8823
1996 4 14.7617
1996 5 13.1597
1996 6 10.33
1996 7 11.4984
1996 8 11.0306
1996 9 14.1133
1996 10 16.8468
1996 11 19.61
1996 12 20.6129
1997 1 22.1484
1997 2 21.5821
1997 3 20.4065
1997 4 18.24
1997 5 13.5145
1997 6 9.9867
1997 7 11.0603
1997 8 13.0742
1997 9 14.28
1997 10 14.929
1997 11 18.4717
1997 12 20.0677
1998 1 22.6339
1998 2 20.9446
1998 3 19.5016
1998 4 15.9283
1998 5 13.6548
1998 6 11.6667
1998 7 9.7855
1998 8 11.7484
1998 9 13.4983
1998 10 18.6339
1998 11 18.545
1998 12 21.0597
1999 1 20.2113
1999 2 21.2607
1999 3 19.0097
1999 4 16.3567
1999 5 13.021
1999 6 10.3617
1999 7 9.5774
1999 8 10.8581
1999 9 12.5483
1999 10 15.8871
1999 11 18.745
1999 12 20.3242
2000 1 21.1694
2000 2 20.5207
2000 3 19.179
2000 4 15.8167
2000 5 11.9919
2000 6 9.8717
2000 7 10.7887
2000 8 11.7117
2000 9 13.2833
2000 10 16.3839
2000 11 18.3733
2000 12 21.3097
2001 1 21.6323
2001 2 22.7196
2001 3 19.9194
2001 4 15.8617
2001 5 12.1065
2001 6 11.1633
2001 7 10.6452
2001 8 12.1984
2001 9 12.4633
2001 10 17.4484
2001 11 18.6783
2001 12 22.4952
2002 1 22.3032
2002 2 21.6929
2002 3 20.3452
2002 4 15.245
2002 5 13.0048
2002 6 9.6217
2002 7 10.5839
2002 8 12.029
2002 9 14.0933
2002 10 16.5774
2002 11 18.7667
2002 12 20.4548
2003 1 22.6097
2003 2 21.6286
2003 3 20.2661
2003 4 16.52
2003 5 13.6
2003 6 12.32
2003 7 10.0113
2003 8 12.3
2003 9 15.11
2003 10 18.7274
2003 11 20.0167
2003 12 20.6806
2004 1 22.2645
2004 2 21.2603
2004 3 20.5387
2004 4 15.84
2004 5 11.3935
2004 6 11.1533
2004 7 10.3984
2004 8 10.9823
2004 9 14.88
2004 10 15.9903
2004 11 18.6983
2004 12 21.5629
2005 1 22.2242
2005 2 22.1143
2005 3 19.7581
2005 4 16.1117
2005 5 11.2323
2005 6 11.8683
2005 7 10.2935
2005 8 13.1226
2005 9 12.9783
2005 10 16.371
2005 11 19.9633
2005 12 20.4065
2006 1 22.3677
2006 2 21.5661
2006 3 19.3306
2006 4 16.8583
2006 5 13.2645
2006 6 11.3133
2006 7 11.7935
2006 8 12.5339
2006 9 15.055
2006 10 16.4194
2006 11 18.01
2006 12 21.6532
2007 1 21.2198
2007 2 20.8643
2007 3 19.921
2007 4 16.0667
2007 5 11.6081
2007 6 8.5367
2007 7 9.1581
2007 8 9.1887
2007 9 12.715
2007 10 16.2177
2007 11 19.0067
2007 12 20.3968
2008 1 22.5758
2008 2 21.819
2008 3 20.8113
2008 4 16.8667
2008 5 13.5532
2008 6 10.165
2008 7 9.3355
2008 8 10.9677
2008 9 13.56
2008 10 16.4694
2008 11 20.2283
2008 12 21.3935
2009 1 22.3758
2009 2 21.2732
2009 3 20.8774
2009 4 17.9067
2009 5 13.9274
2009 6 10.235
2009 7 9.7274
2009 8 11.444
2009 9 12.1183
2009 10 17.0258
2009 11 17.7783
2009 12 20.4065
2010 1 21.7597
2010 2 20.7375
2010 3 19.7323
2010 4 15.9367
2010 5 13.4903
2010 6 9.9183
2010 7 8.2113
2010 8 10.9323
2010 9 13.8117
2010 10 16.0339
2010 11 18.8717
2010 12 19.3177
2011 1 21.6597
2011 2 21.7393
2011 3 20.0452
2011 4 15.6017
2011 5 12.5645
2011 6 8.1767
2011 7 8.3919
2011 8 9.9661
2011 9 16.0283
2011 10 16.971
2011 11 19.6983
2011 12 22.38
2012 1 22.7935
2012 2 23.1034
2012 3 22.0081
2012 4 17.0883
2012 5 14.0258
2012 6 11.655
2012 7 10.7435
2012 8 11.4774
2012 9 15.1267
2012 10 16.0081
2012 11 20.2567
2012 12 21.9419
2013 1 24.0065
2013 2 23.7893
2013 3 19.2534
2013 4 16.2117
2013 5 12.3855
2013 6 11.75
2013 7 9.55
2013 8 11.1758
2013 9 12.295
2013 10 17.7242
2013 11 19.5417
2013 12 22.2581
2014 1 22.0903
2014 2 20.8321
2014 3 19.3129
2014 4 15.5367
2014 5 12.9306
2014 6 9.63
2014 7 10.4968
2014 8 12.2113
2014 9 13.3833
2014 10 18.4565
2014 11 18.555
2014 12 20.1323
2015 1 22.8903
2015 2 22.2089
2015 3 21.7645
2015 4 18.1883
2015 5 14.0758
2015 6 11.6967
2015 7 10.2952
2015 8 11.8258
2015 9 13.405
2015 10 14.1952
2015 11 16.815
2015 12 20.3806
2016 1 22.2677
2016 2 22.5259
2016 3 20.3565
2016 4 15.2017
2016 5 13.1661
2016 6 10.9733
2016 7 9.9339
2016 8 12.5419
2016 9 15.4917
2016 10 15.8339
2016 11 20.135
2016 12 21.7274
2017 1 24.9403
2017 2 23.6018
2017 3 21.4081
2017 4 17.9283
2017 5 11.9597
2017 6 8.2417
2017 7 9.0419
2017 8 9.3403
2017 9 12.37
2017 10 14.2435
2017 11 18.12
2017 12 21.7914
2018 1 22.7274
2018 2 22.8357
2018 3 21.0597
2018 4 18.8083
2018 5 13.8226
2018 6 9.6933
2018 7 8.2677
2018 8 11.1452
2018 9 13.67
2018 10 15.7581
2018 11 20.0833
2018 12 21.8323
2019 1 23.3
2019 2 23.7714
2019 3 21.0726
2019 4 17.7767
2019 5 13.55
2019 6 8.3567
2019 7 9.121
2019 8 12.1935
2019 9 13.595
2019 10 15.4871
2019 11 19.2423
2019 12 20.5016
2020 1 23.0952
2020 2 22.2448
2020 3 21.25
2020 4 17.8083
2020 5 14.8387
2020 6 9.0567
2020 7 10.6516
2020 8 11.4242
2020 9 14.0817
2020 10 17.1484
2020 11 19.1842
2020 12 21.0871
2021 1 21.7581
2021 2 21.25
2021 3 19.6839
2021 4 16.63
2021 5 13.55
2021 6 11.8917
2021 7 10.6911
2021 8 13.1532
2021 9 14.48
2021 10 17.221
2021 11 19.4583
2021 12 21.4387
2022 1 21.8153
2022 2 21.1304
2022 3 20.1935
2022 4 16.1217
2022 5 13.2145
2022 6 10.0467
2022 7 8.4629
2022 8 9.4242
2022 9 9.5317
2022 10 14.0411
2022 11 19.705
2022 12 17.5484
2023 1 19.1613
2023 2 20.0759
2023 3 20.7694
2023 4 14.915
2023 5 13.2548
2023 6 10.9917
2023 7 11.4726
2023 8 13.3924
2023 9 14.0433
2023 10 16.0403
2023 11 18.135
2023 12 21.0984
2024 1 23.2823
2024 2 23.5586
2024 3 17.8468
2024 4 12.37
2024 5 5.8387
2024 6 8.56
2024 7 6.7597
2024 8 6.8968
2024 9 10.1317
2024 10 13.3371
2024 11 14.5133
2024 12 16.2444
2025 1 18.4645
2025 2 18.9
2025 3 16.0661
2025 4 11.7733
2025 5 8.6758
2025 6 5.27
