1981 1 20.0739
1981 2 20.2829
1981 3 19.1074
1981 4 16.1867
1981 5 13.6142
1981 6 10.4587
1981 7 9.5779
1981 8 10.9205
1981 9 12.9305
1981 10 13.6284
1981 11 16.6367
1981 12 19.4644
1982 1 19.8161
1982 2 19.4432
1982 3 18.8844
1982 4 15.896
1982 5 12.9821
1982 6 10.2208
1982 7 10.2865
1982 8 11.4939
1982 9 12.5348
1982 10 14.4182
1982 11 16.3963
1982 12 19.99
1983 1 21.4006
1983 2 21.2607
1983 3 18.9111
1983 4 16.536
1983 5 12.1997
1983 6 8.8487
1983 7 8.5395
1983 8 10.1079
1983 9 11.3487
1983 10 15.3365
1983 11 17.8632
1983 12 19.2503
1984 1 20.6231
1984 2 19.4362
1984 3 18.2515
1984 4 16.0778
1984 5 10.9811
1984 6 8.4188
1984 7 8.8494
1984 8 9.7627
1984 9 12.3163
1984 10 14.6219
1984 11 15.7108
1984 12 18.9571
1985 1 19.8197
1985 2 20.2896
1985 3 18.3676
1985 4 15.0007
1985 5 12.5768
1985 6 11.2422
1985 7 9.0615
1985 8 9.8627
1985 9 12.6162
1985 10 14.2324
1985 11 17.2233
1985 12 18.8837
1986 1 20.0745
1986 2 20.0111
1986 3 18.2531
1986 4 15.4898
1986 5 13.2726
1986 6 10.6372
1986 7 10.956
1986 8 10.9158
1986 9 12.009
1986 10 15.3487
1986 11 15.9953
1986 12 20.2398
1987 1 20.7006
1987 2 20.5346
1987 3 18.874
1987 4 16.2045
1987 5 12.0008
1987 6 11.4028
1987 7 9.1958
1987 8 10.3895
1987 9 12.5362
1987 10 15.1
1987 11 17.7543
1987 12 19.5302
1988 1 19.5868
1988 2 19.9474
1988 3 18.6661
1988 4 15.8673
1988 5 12.2237
1988 6 9.5913
1988 7 8.476
1988 8 9.9985
1988 9 11.2458
1988 10 14.9403
1988 11 17.3275
1988 12 18.685
1989 1 20.5868
1989 2 20.5055
1989 3 18.199
1989 4 16.0308
1989 5 12.8516
1989 6 10.7785
1989 7 9.2973
1989 8 10.6092
1989 9 11.9135
1989 10 14.6466
1989 11 17.6193
1989 12 19.0163
1990 1 20.3479
1990 2 19.7055
1990 3 18.6932
1990 4 15.3867
1990 5 12.9073
1990 6 10.9407
1990 7 9.01
1990 8 11.7739
1990 9 12.6672
1990 10 13.7769
1990 11 17.171
1990 12 19.1684
1991 1 20.4563
1991 2 20.6738
1991 3 18.9292
1991 4 16.1178
1991 5 13.9079
1991 6 10.8763
1991 7 9.5539
1991 8 9.934
1991 9 13.4492
1991 10 14.0827
1991 11 16.9328
1991 12 18.5216
1992 1 21.2215
1992 2 19.9276
1992 3 19.0755
1992 4 15.3392
1992 5 12.3221
1992 6 9.7255
1992 7 8.4869
1992 8 10.4781
1992 9 13.1357
1992 10 15.1639
1992 11 16.9742
1992 12 19.4435
1993 1 21.2798
1993 2 20.3964
1993 3 19.6916
1993 4 16.3465
1993 5 11.8011
1993 6 11.2205
1993 7 8.6158
1993 8 10.4905
1993 9 11.8813
1993 10 14.5642
1993 11 17.0643
1993 12 19.185
1994 1 20.4398
1994 2 19.7927
1994 3 18.8629
1994 4 16.3448
1994 5 13.2247
1994 6 10.7473
1994 7 9.2992
1994 8 10.2515
1994 9 14.095
1994 10 15.0187
1994 11 17.8162
1994 12 19.8144
1995 1 21.1677
1995 2 19.9338
1995 3 19.0715
1995 4 16.6508
1995 5 14.4908
1995 6 11.2863
1995 7 8.0835
1995 8 9.5335
1995 9 12.7193
1995 10 14.9479
1995 11 17.1465
1995 12 19.4616
1996 1 19.7894
1996 2 19.7571
1996 3 19.0274
1996 4 15.204
1996 5 12.799
1996 6 9.6437
1996 7 10.586
1996 8 10.3723
1996 9 13.0213
1996 10 14.7965
1996 11 18.2217
1996 12 19.1487
1997 1 21.2263
1997 2 21.0054
1997 3 19.541
1997 4 17.7282
1997 5 14.1142
1997 6 10.1762
1997 7 10.4335
1997 8 12.1171
1997 9 12.7537
1997 10 13.0834
1997 11 16.4492
1997 12 19.2195
1998 1 21.5561
1998 2 19.8225
1998 3 19.0624
1998 4 15.6215
1998 5 13.4458
1998 6 10.7257
1998 7 9.1015
1998 8 9.404
1998 9 11.745
1998 10 16.4382
1998 11 16.9002
1998 12 19.1524
1999 1 19.7044
1999 2 19.9571
1999 3 17.6965
1999 4 15.8668
1999 5 12.7508
1999 6 10.082
1999 7 8.5589
1999 8 10.7769
1999 9 11.8595
1999 10 13.8081
1999 11 16.3128
1999 12 18.6811
2000 1 20.4031
2000 2 19.6476
2000 3 18.4363
2000 4 15.6135
2000 5 11.9298
2000 6 9.2905
2000 7 9.4718
2000 8 10.4505
2000 9 11.864
2000 10 14.3382
2000 11 16.3732
2000 12 19.4608
2001 1 19.8263
2001 2 20.2127
2001 3 18.4984
2001 4 15.1645
2001 5 12.0877
2001 6 9.8375
2001 7 9.7153
2001 8 10.4653
2001 9 11.3575
2001 10 14.82
2001 11 16.0412
2001 12 19.6835
2002 1 20.2498
2002 2 19.7893
2002 3 18.8026
2002 4 15.011
2002 5 12.889
2002 6 9.6975
2002 7 9.3852
2002 8 10.8797
2002 9 12.7383
2002 10 14.2063
2002 11 16.036
2002 12 18.4573
2003 1 20.6342
2003 2 19.3336
2003 3 18.3237
2003 4 15.2242
2003 5 12.5819
2003 6 11.5997
2003 7 9.2861
2003 8 10.7485
2003 9 12.6248
2003 10 15.8311
2003 11 17.3873
2003 12 18.2866
2004 1 19.7669
2004 2 19.5747
2004 3 18.7684
2004 4 15.8228
2004 5 12.0442
2004 6 10.3293
2004 7 9.6724
2004 8 10.1374
2004 9 12.9378
2004 10 13.7192
2004 11 15.958
2004 12 19.2947
2005 1 19.9223
2005 2 20.1209
2005 3 18.4106
2005 4 15.583
2005 5 11.6605
2005 6 11.1918
2005 7 9.5627
2005 8 10.9571
2005 9 11.3872
2005 10 13.6616
2005 11 16.8532
2005 12 17.9944
2006 1 20.3873
2006 2 19.908
2006 3 17.7692
2006 4 15.6808
2006 5 13.0466
2006 6 10.8875
2006 7 10.6432
2006 8 10.8377
2006 9 13.1795
2006 10 14.3784
2006 11 16.4662
2006 12 18.7063
2007 1 20.3126
2007 2 19.0164
2007 3 18.2385
2007 4 15.0862
2007 5 11.186
2007 6 8.7333
2007 7 8.4521
2007 8 7.7885
2007 9 11.0898
2007 10 14.3729
2007 11 16.8938
2007 12 18.3811
2008 1 20.4468
2008 2 20.1841
2008 3 18.3905
2008 4 15.1735
2008 5 12.4953
2008 6 10.0082
2008 7 9.3726
2008 8 9.9419
2008 9 11.8782
2008 10 14.1816
2008 11 17.2343
2008 12 18.8931
2009 1 20.5839
2009 2 19.8873
2009 3 19.4723
2009 4 16.8357
2009 5 13.0535
2009 6 10.475
2009 7 8.8995
2009 8 10.8211
2009 9 10.911
2009 10 15.0248
2009 11 15.6343
2009 12 18.8444
2010 1 19.4629
2010 2 18.6946
2010 3 18.2113
2010 4 14.4033
2010 5 12.8484
2010 6 10.16
2010 7 8.3531
2010 8 10.8661
2010 9 13.3533
2010 10 14.6016
2010 11 16.6193
2010 12 16.8903
2011 1 19.389
2011 2 19.2804
2011 3 18.1403
2011 4 15.3817
2011 5 12.2363
2011 6 10.1
2011 7 9.345
2011 8 10.1758
2011 9 14.4067
2011 10 14.521
2011 11 17.0
2011 12 18.7758
2012 1 19.9645
2012 2 20.1084
2012 3 19.2595
2012 4 15.3633
2012 5 13.9194
2012 6 11.9333
2012 7 10.2765
2012 8 10.7355
2012 9 12.8917
2012 10 13.8452
2012 11 16.5833
2012 12 18.3629
2013 1 20.0474
2013 2 20.5859
2013 3 17.6532
2013 4 15.085
2013 5 12.5131
2013 6 10.9568
2013 7 10.5095
2013 8 11.7398
2013 9 12.7935
2013 10 14.7919
2013 11 16.525
2013 12 18.6119
2014 1 19.9142
2014 2 18.2734
2014 3 17.1082
2014 4 14.5735
2014 5 12.4979
2014 6 9.6183
2014 7 9.88
2014 8 12.0529
2014 9 12.2653
2014 10 16.0784
2014 11 16.3463
2014 12 17.6839
2015 1 19.5653
2015 2 18.9707
2015 3 19.2592
2015 4 15.1697
2015 5 12.4361
2015 6 10.922
2015 7 10.7368
2015 8 11.9298
2015 9 12.8487
2015 10 13.6103
2015 11 16.0417
2015 12 18.5421
2016 1 20.3292
2016 2 19.8334
2016 3 18.5734
2016 4 14.905
2016 5 13.3774
2016 6 10.0483
2016 7 10.4306
2016 8 12.3274
2016 9 13.5872
2016 10 15.229
2016 11 17.809
2016 12 18.2584
2017 1 20.8853
2017 2 19.9284
2017 3 17.9055
2017 4 15.5747
2017 5 12.106
2017 6 11.4933
2017 7 10.2032
2017 8 10.3118
2017 9 12.3312
2017 10 14.3177
2017 11 16.7893
2017 12 18.3742
2018 1 19.3405
2018 2 19.45
2018 3 18.1295
2018 4 15.19
2018 5 13.1931
2018 6 10.1367
2018 7 9.2529
2018 8 11.2726
2018 9 13.2202
2018 10 15.1113
2018 11 17.892
2018 12 18.0339
2019 1 18.9529
2019 2 19.6845
2019 3 17.4339
2019 4 15.5335
2019 5 12.1705
2019 6 10.0765
2019 7 10.0011
2019 8 12.1831
2019 9 12.3507
2019 10 15.031
2019 11 18.2825
2019 12 19.2013
2020 1 20.6681
2020 2 19.9876
2020 3 19.6232
2020 4 17.0732
2020 5 15.7839
2020 6 11.305
2020 7 12.3758
2020 8 10.8871
2020 9 14.0767
2020 10 14.6935
2020 11 16.8308
2020 12 19.05
2021 1 20.0016
2021 2 19.4518
2021 3 17.95
2021 4 16.0892
2021 5 14.5887
2021 6 13.1267
2021 7 11.0137
2021 8 13.1363
2021 9 13.3908
2021 10 14.1129
2021 11 15.4492
2021 12 17.3871
2022 1 19.5903
2022 2 19.7429
2022 3 18.5379
2022 4 14.5708
2022 5 13.0081
2022 6 11.4033
2022 7 9.8468
2022 8 9.8048
2022 9 9.97
2022 10 13.3903
2022 11 17.165
2022 12 16.8468
2023 1 17.6774
2023 2 18.6321
2023 3 18.6758
2023 4 15.2717
2023 5 13.7645
2023 6 12.2092
2023 7 12.4847
2023 8 13.6401
2023 9 14.4608
2023 10 15.621
2023 11 17.0525
2023 12 19.0056
2024 1 20.7387
2024 2 21.681
2024 3 15.9694
2024 4 12.5608
2024 5 7.5226
2024 6 10.2883
2024 7 7.779
2024 8 7.9177
2024 9 10.3875
2024 10 13.7379
2024 11 14.0583
2024 12 14.2952
2025 1 16.3161
2025 2 16.3268
2025 3 16.8194
2025 4 12.8692
2025 5 10.2395
2025 6 7.1108
