1991 1 17.4
1991 2 17.3
1991 3 15.2
1991 4 12.4
1991 5 9.8
1991 6 7.4
1991 7 6.4
1991 8 6.6
1991 9 9.7
1991 10 10.3
1991 11 14.0
1991 12 15.2
1992 1 18.0
1992 2 16.3
1992 3 16.0
1992 4 11.0
1992 5 8.6
1992 6 6.6
1992 7 5.2
1992 8 7.3
1992 9 9.0
1992 10 11.2
1992 11 13.8
1992 12 15.9
1993 1 18.1
1993 2 17.5
1993 3 16.0
1993 4 11.5
1993 5 7.8
1993 6 7.9
1993 7 5.0
1993 8 7.2
1993 9 8.0
1993 10 10.9
1993 11 13.7
1993 12 16.3
1994 1 17.9
1994 2 16.3
1994 3 15.1
1994 4 11.4
1994 5 9.2
1994 6 8.8
1994 7 6.0
1994 8 6.5
1994 9 9.9
1994 10 11.4
1994 11 14.6
1994 12 17.4
1995 1 17.6
1995 2 16.2
1995 3 14.3
1995 4 12.0
1995 5 9.0
1995 6 8.2
1995 7 5.0
1995 8 6.2
1995 9 8.9
1995 10 11.2
1995 11 14.2
1995 12 17.7
1996 1 17.0
1996 2 16.6
1996 3 15.3
1996 4 10.2
1996 5 8.3
1996 6 5.3
1996 7 6.4
1996 8 7.7
1996 9 8.8
1996 10 11.6
1996 11 15.0
1996 12 16.2
1997 1 18.4
1997 2 16.6
1997 3 15.3
1997 4 13.1
1997 5 10.1
1997 6 7.5
1997 7 7.3
1997 8 8.0
1997 9 9.4
1997 10 10.7
1997 11 14.0
1997 12 16.0
1998 1 17.6
1998 2 16.1
1998 3 14.6
1998 4 10.9
1998 5 10.2
1998 6 7.4
1998 7 6.8
1998 8 6.9
1998 9 7.9
1998 10 12.5
1998 11 14.0
1998 12 16.7
1999 1 17.2
1999 2 17.5
1999 3 13.9
1999 4 10.5
1999 5 8.9
1999 6 7.0
1999 7 5.1
1999 8 7.6
1999 9 9.3
1999 10 11.3
1999 11 14.2
1999 12 15.9
2000 1 17.5
2000 2 16.7
2000 3 13.9
2000 4 11.3
2000 5 8.1
2000 6 7.4
2000 7 5.1
2000 8 7.2
2000 9 8.4
2000 10 11.3
2000 11 13.6
2000 12 16.3
2001 1 17.5
2001 2 18.4
2001 3 14.9
2001 4 10.8
2001 5 8.4
2001 6 7.2
2001 7 7.0
2001 8 7.9
2001 9 8.2
2001 10 11.6
2001 11 13.0
2001 12 17.4
2002 1 17.7
2002 2 17.0
2002 3 14.8
2002 4 10.7
2002 5 8.9
2002 6 5.3
2002 7 6.4
2002 8 7.8
2002 9 9.0
2002 10 11.2
2002 11 13.4
2002 12 15.8
2003 1 18.4
2003 2 16.8
2003 3 15.3
2003 4 11.0
2003 5 8.5
2003 6 9.1
2003 7 5.9
2003 8 6.9
2003 9 9.5
2003 10 12.4
2003 11 14.9
2003 12 15.4
2004 1 18.4
2004 2 16.9
2004 3 15.6
2004 4 11.7
2004 5 6.9
2004 6 8.0
2004 7 6.7
2004 8 7.2
2004 9 9.3
2004 10 11.2
2004 11 13.1
2004 12 16.2
2005 1 17.2
2005 2 17.3
2005 3 14.6
2005 4 10.4
2005 5 8.2
2005 6 7.7
2005 7 6.8
2005 8 7.1
2005 9 7.7
2005 10 10.4
2005 11 14.5
2005 12 15.7
2006 1 18.0
2006 2 17.3
2006 3 14.0
2006 4 11.6
2006 5 8.4
2006 6 8.7
2006 7 7.8
2006 8 7.6
2006 9 9.2
2006 10 11.5
2006 11 13.5
2006 12 16.1
2007 1 17.4
2007 2 16.2
2007 3 14.5
2007 4 11.2
2007 5 6.5
2007 6 5.4
2007 7 5.3
2007 8 4.3
2007 9 8.8
2007 10 11.5
2007 11 13.5
2007 12 15.9
2008 1 18.1
2008 2 17.7
2008 3 15.2
2008 4 11.3
2008 5 8.7
2008 6 6.9
2008 7 7.5
2008 8 7.1
2008 9 8.9
2008 10 11.5
2008 11 15.4
2008 12 16.7
2009 1 17.7
2009 2 17.4
2009 3 16.2
2009 4 13.5
2009 5 9.8
2009 6 7.3
2009 7 5.7
2009 8 8.5
2009 9 7.3
2009 10 11.4
2009 11 12.8
2009 12 15.5
2010 1 18.0
2010 2 16.5
2010 3 15.9
2010 4 10.4
2010 5 8.1
2010 6 7.5
2010 7 4.8
2010 8 6.0
2010 9 8.6
2010 10 11.0
2010 11 13.7
2010 12 15.2
2011 1 17.6
2011 2 16.4
2011 3 14.5
2011 4 11.5
2011 5 8.6
2011 6 6.8
2011 7 5.3
2011 8 6.4
2011 9 10.1
2011 10 10.9
2011 11 14.4
2011 12 16.6
2012 1 18.5
2012 2 17.4
2012 3 16.0
2012 4 11.6
2012 5 9.8
2012 6 7.6
2012 7 5.5
2012 8 7.1
2012 9 9.7
2012 10 10.9
2012 11 14.8
2012 12 16.1
2013 1 18.7
2013 2 17.9
2013 3 14.3
2013 4 12.2
2013 5 9.1
2013 6 7.8
2013 7 6.5
2013 8 6.8
2013 9 8.0
2013 10 11.8
2013 11 14.1
2013 12 17.6
2014 1 19.0
2014 2 15.2
2014 3 13.4
2014 4 10.9
2014 5 9.4
2014 6 6.9
2014 7 7.1
2014 8 8.7
2014 9 9.5
2014 10 12.6
2014 11 13.5
2014 12 15.1
2015 1 18.7
2015 2 16.5
2015 3 16.7
2015 4 13.1
2015 5 9.2
2015 6 7.9
2015 7 7.0
2015 8 9.0
2015 9 9.1
2015 10 9.4
2015 11 12.8
2015 12 15.6
2016 1 17.6
2016 2 18.1
2016 3 15.6
2016 4 10.0
2016 5 9.2
2016 6 6.8
2016 7 7.6
2016 8 9.7
2016 9 10.9
2016 10 11.8
2016 11 14.5
2016 12 16.4
2017 1 20.5
2017 2 17.9
2017 3 15.3
2017 4 12.2
2017 5 9.5
2017 6 8.0
2017 7 7.2
2017 8 7.8
2017 9 9.1
2017 10 10.3
2017 11 14.1
2017 12 16.2
2018 1 17.7
2018 2 17.6
2018 3 15.4
2018 4 12.7
2018 5 10.0
2018 6 7.0
2018 7 6.0
2018 8 7.5
2018 9 10.2
2018 10 11.2
2018 11 15.0
2018 12 15.6
2019 1 17.5
2019 2 17.4
2019 3 13.9
2019 4 12.6
2019 5 9.4
2019 6 7.2
2019 7 7.4
2019 8 8.6
2019 9 9.5
2019 10 10.8
2019 11 16.0
2019 12 16.6
2020 1 18.6
2020 2 17.1
2020 3 17.0
2020 4 13.2
2020 5 10.9
2020 6 7.3
2020 7 7.2
2020 8 7.6
2020 9 9.9
2020 10 11.3
2020 11 14.2
2020 12 16.1
2021 1 16.4
2021 2 16.8
2021 3 15.0
2021 4 12.9
2021 5 10.2
2021 6 7.3
2021 7 7.4
2021 8 8.0
2021 9 9.7
2021 10 11.6
2021 11 14.1
2021 12 16.4
2022 1 17.5
2022 2 16.8
2022 3 14.6
2022 4 11.9
2022 5 8.8
2022 6 7.3
2022 7 6.9
2022 8 8.0
2022 9 9.0
2022 10 11.4
2022 11 15.3
2022 12 17.2
2023 1 17.7
2023 2 18.0
2023 3 17.2
2023 4 13.5
2023 5 10.5
2023 6 9.2
2023 7 8.4
2023 8 8.9
2023 9 9.1
2023 10 10.6
2023 11 12.8
2023 12 16.3
2024 1 20.1
2024 2 19.9
2024 3 17.5
2024 4 12.2
2024 5 6.5
2024 6 8.6
2024 7 6.4
2024 8 6.8
2024 9 10.2
2024 10 12.9
2024 11 14.9
2024 12 16.6
2025 1 19.9
2025 2 20.4
2025 3 15.4
2025 4 11.9
2025 5 10.5
2025 6 7.4
