1991 1 3.3
1991 2 3.1
1991 3 1.8
1991 4 -0.8
1991 5 -4.6
1991 6 -6.6
1991 7 -9.8
1991 8 -7.2
1991 9 -4.5
1991 10 -1.6
1991 11 1.2
1991 12 -0.5
1992 1 4.5
1992 2 1.9
1992 3 1.3
1992 4 -1.0
1992 5 -5.7
1992 6 -7.6
1992 7 -8.6
1992 8 -5.9
1992 9 -3.9
1992 10 -2.4
1992 11 2.3
1992 12 2.3
1993 1 2.3
1993 2 3.5
1993 3 1.7
1993 4 -1.9
1993 5 -5.1
1993 6 -7.5
1993 7 -6.4
1993 8 -4.1
1993 9 -2.4
1993 10 0.4
1993 11 1.0
1993 12 2.7
1994 1 3.9
1994 2 2.1
1994 3 1.8
1994 4 -2.2
1994 5 -4.6
1994 6 -6.8
1994 7 -8.4
1994 8 -5.7
1994 9 -3.9
1994 10 -1.4
1994 11 -0.3
1994 12 2.9
1995 1 3.0
1995 2 2.6
1995 3 0.5
1995 4 -1.3
1995 5 -4.6
1995 6 -9.9
1995 7 -9.3
1995 8 -9.0
1995 9 -4.5
1995 10 -1.8
1995 11 0.5
1995 12 4.0
1996 1 1.9
1996 2 1.1
1996 3 1.2
1996 4 -2.5
1996 5 -3.2
1996 6 -8.1
1996 7 -6.9
1996 8 -6.6
1996 9 -2.6
1996 10 -1.5
1996 11 -0.4
1996 12 1.9
1997 1 2.0
1997 2 1.1
1997 3 1.6
1997 4 -1.3
1997 5 -5.6
1997 6 -7.8
1997 7 -8.3
1997 8 -7.1
1997 9 -4.9
1997 10 -2.7
1997 11 0.2
1997 12 1.4
1998 1 2.4
1998 2 5.0
1998 3 1.6
1998 4 -0.5
1998 5 -3.2
1998 6 -6.0
1998 7 -4.2
1998 8 -5.0
1998 9 -4.7
1998 10 -0.8
1998 11 0.5
1998 12 2.2
1999 1 4.6
1999 2 2.7
1999 3 0.7
1999 4 -2.0
1999 5 -4.9
1999 6 -9.4
1999 7 -8.0
1999 8 -6.1
1999 9 -4.5
1999 10 -0.2
1999 11 1.6
1999 12 2.2
2000 1 4.1
2000 2 2.3
2000 3 0.1
2000 4 -1.9
2000 5 -5.0
2000 6 -8.9
2000 7 -9.9
2000 8 -7.9
2000 9 -7.4
2000 10 -1.4
2000 11 -0.7
2000 12 0.5
2001 1 0.9
2001 2 2.5
2001 3 -0.3
2001 4 -2.0
2001 5 -6.2
2001 6 -7.3
2001 7 -10.7
2001 8 -6.8
2001 9 -3.9
2001 10 -0.7
2001 11 -0.6
2001 12 3.5
2002 1 3.2
2002 2 4.1
2002 3 -1.6
2002 4 -2.0
2002 5 -7.1
2002 6 -11.3
2002 7 -7.4
2002 8 -7.5
2002 9 -4.4
2002 10 -2.6
2002 11 -0.9
2002 12 2.3
2003 1 2.2
2003 2 3.2
2003 3 1.9
2003 4 -2.9
2003 5 -4.6
2003 6 -7.6
2003 7 -6.1
2003 8 -5.7
2003 9 -4.2
2003 10 -2.1
2003 11 -0.3
2003 12 0.6
2004 1 4.4
2004 2 5.5
2004 3 2.4
2004 4 -2.0
2004 5 -4.9
2004 6 -4.6
2004 7 -9.2
2004 8 -6.5
2004 9 -3.7
2004 10 -1.4
2004 11 1.2
2004 12 2.5
2005 1 2.3
2005 2 5.7
2005 3 1.0
2005 4 -1.9
2005 5 -6.3
2005 6 -8.9
2005 7 -7.5
2005 8 -7.8
2005 9 -3.6
2005 10 -1.8
2005 11 -0.2
2005 12 2.3
2006 1 3.2
2006 2 3.8
2006 3 1.9
2006 4 -1.1
2006 5 -4.9
2006 6 -7.3
2006 7 -8.6
2006 8 -7.6
2006 9 -4.0
2006 10 -2.4
2006 11 -0.2
2006 12 0.9
2007 1 2.6
2007 2 1.8
2007 3 1.4
2007 4 -1.4
2007 5 -6.7
2007 6 -8.0
2007 7 -8.9
2007 8 -8.2
2007 9 -4.3
2007 10 -2.1
2007 11 -0.6
2007 12 2.7
2008 1 4.0
2008 2 3.8
2008 3 1.5
2008 4 -2.5
2008 5 -6.1
2008 6 -6.4
2008 7 -7.8
2008 8 -8.3
2008 9 -4.6
2008 10 -1.5
2008 11 0.9
2008 12 4.2
2009 1 3.5
2009 2 3.5
2009 3 1.7
2009 4 -0.8
2009 5 -4.9
2009 6 -7.1
2009 7 -7.3
2009 8 -6.5
2009 9 -4.5
2009 10 -3.1
2009 11 -2.3
2009 12 0.8
2010 1 2.1
2010 2 0.8
2010 3 1.9
2010 4 -2.5
2010 5 -4.8
2010 6 -7.3
2010 7 -9.6
2010 8 -9.3
2010 9 -4.4
2010 10 -1.5
2010 11 -0.2
2010 12 1.3
2011 1 3.3
2011 2 3.6
2011 3 0.6
2011 4 -1.6
2011 5 -4.3
2011 6 -7.3
2011 7 -8.1
2011 8 -8.2
2011 9 -4.1
2011 10 -2.0
2011 11 0.5
2011 12 3.6
2012 1 4.9
2012 2 2.0
2012 3 1.7
2012 4 -2.1
2012 5 -4.7
2012 6 -8.1
2012 7 -7.9
2012 8 -6.4
2012 9 -3.6
2012 10 -1.8
2012 11 1.3
2012 12 0.7
2013 1 5.2
2013 2 2.7
2013 3 0.1
2013 4 -0.0
2013 5 -4.2
2013 6 -5.0
2013 7 -7.9
2013 8 -7.9
2013 9 -5.6
2013 10 -0.9
2013 11 0.3
2013 12 3.2
2014 1 3.2
2014 2 4.4
2014 3 2.0
2014 4 -0.9
2014 5 -4.0
2014 6 -5.5
2014 7 -6.6
2014 8 -3.7
2014 9 -3.0
2014 10 -0.2
2014 11 1.4
2014 12 5.1
2015 1 5.2
2015 2 5.4
2015 3 3.1
2015 4 -0.3
2015 5 -2.6
2015 6 -5.2
2015 7 -5.5
2015 8 -5.3
2015 9 -3.9
2015 10 -1.6
2015 11 3.0
2015 12 2.9
2016 1 4.3
2016 2 4.5
2016 3 4.3
2016 4 -4.4
2016 5 -4.7
2016 6 -5.3
2016 7 -6.4
2016 8 -4.5
2016 9 0.8
2016 10 1.2
2016 11 2.7
2016 12 4.0
2017 1 5.5
2017 2 5.7
2017 3 2.6
2017 4 -0.0
2017 5 -3.6
2017 6 -8.0
2017 7 -5.6
2017 8 -5.0
2017 9 -2.7
2017 10 -1.0
2017 11 1.6
2017 12 2.5
2018 1 4.8
2018 2 7.4
2018 3 1.9
2018 4 -0.8
2018 5 -3.6
2018 6 -8.3
2018 7 -8.1
2018 8 -4.6
2018 9 -3.0
2018 10 -1.0
2018 11 1.5
2018 12 4.7
2019 1 3.0
2019 2 4.8
2019 3 1.2
2019 4 0.2
2019 5 -3.8
2019 6 -6.0
2019 7 -5.1
2019 8 -5.1
2019 9 -3.4
2019 10 -1.1
2019 11 1.4
2019 12 3.4
2020 1 4.9
2020 2 4.1
2020 3 4.4
2020 4 0.4
2020 5 -2.7
2020 6 -6.3
2020 7 -8.7
2020 8 -4.5
2020 9 -1.9
2020 10 0.6
2020 11 4.1
2020 12 5.0
2021 1 5.4
2021 2 5.8
2021 3 5.1
2021 4 2.5
2021 5 -3.2
2021 6 -6.2
2021 7 -3.5
2021 8 -3.9
2021 9 -0.8
2021 10 1.2
2021 11 3.6
2021 12 6.1
2022 1 5.1
2022 2 5.6
2022 3 2.4
2022 4 -0.9
2022 5 -5.2
2022 6 -7.8
2022 7 -8.8
2022 8 -4.9
2022 9 -2.4
2022 10 -0.2
2022 11 3.9
2022 12 4.2
2023 1 4.6
2023 2 5.4
2023 3 1.9
2023 4 -0.4
2023 5 -2.6
2023 6 -6.5
2023 7 -7.9
2023 8 -5.3
2023 9 -4.4
2023 10 -0.8
2023 11 0.5
2023 12 3.8
2024 1 6.1
2024 2 6.4
2024 3 1.8
2024 4 -0.8
2024 5 -6.7
2024 6 -7.4
2024 7 -6.7
2024 8 -5.0
2024 9 -3.0
2024 10 1.2
2024 11 1.1
2024 12 3.8
2025 1 5.6
2025 2 3.6
2025 3 2.6
2025 4 -0.6
2025 5 -3.5
2025 6 -6.0
