1991 1 9.8
1991 2 10.1
1991 3 9.2
1991 4 6.8
1991 5 5.3
1991 6 2.8
1991 7 1.9
1991 8 1.7
1991 9 4.6
1991 10 4.5
1991 11 7.4
1991 12 8.6
1992 1 10.1
1992 2 9.5
1992 3 9.7
1992 4 5.9
1992 5 3.7
1992 6 2.3
1992 7 0.6
1992 8 2.2
1992 9 3.5
1992 10 5.8
1992 11 6.6
1992 12 8.9
1993 1 10.3
1993 2 9.8
1993 3 9.4
1993 4 6.2
1993 5 3.2
1993 6 2.8
1993 7 0.6
1993 8 2.1
1993 9 2.8
1993 10 5.1
1993 11 7.1
1993 12 9.4
1994 1 10.4
1994 2 9.1
1994 3 8.5
1994 4 6.1
1994 5 4.9
1994 6 3.6
1994 7 1.8
1994 8 2.0
1994 9 4.7
1994 10 5.7
1994 11 8.2
1994 12 10.9
1995 1 10.6
1995 2 9.1
1995 3 8.3
1995 4 6.1
1995 5 4.6
1995 6 3.1
1995 7 1.0
1995 8 1.5
1995 9 3.8
1995 10 5.7
1995 11 7.8
1995 12 10.8
1996 1 10.2
1996 2 9.5
1996 3 8.9
1996 4 5.3
1996 5 4.3
1996 6 0.9
1996 7 1.8
1996 8 3.3
1996 9 3.3
1996 10 6.3
1996 11 8.7
1996 12 9.4
1997 1 10.9
1997 2 9.8
1997 3 9.3
1997 4 8.0
1997 5 5.7
1997 6 3.1
1997 7 3.4
1997 8 3.6
1997 9 5.0
1997 10 5.6
1997 11 8.1
1997 12 9.6
1998 1 11.0
1998 2 8.9
1998 3 8.5
1998 4 6.2
1998 5 5.2
1998 6 3.2
1998 7 2.9
1998 8 2.5
1998 9 3.2
1998 10 7.2
1998 11 7.8
1998 12 9.8
1999 1 9.7
1999 2 11.2
1999 3 8.1
1999 4 5.0
1999 5 4.6
1999 6 2.6
1999 7 0.9
1999 8 2.5
1999 9 5.2
1999 10 5.5
1999 11 7.3
1999 12 9.2
2000 1 10.7
2000 2 10.0
2000 3 8.2
2000 4 6.7
2000 5 3.6
2000 6 2.9
2000 7 0.9
2000 8 2.3
2000 9 3.4
2000 10 6.1
2000 11 7.4
2000 12 10.2
2001 1 11.2
2001 2 12.7
2001 3 9.4
2001 4 6.0
2001 5 3.4
2001 6 2.3
2001 7 2.4
2001 8 3.4
2001 9 3.2
2001 10 5.8
2001 11 7.4
2001 12 10.5
2002 1 10.5
2002 2 10.3
2002 3 9.6
2002 4 6.2
2002 5 5.0
2002 6 1.1
2002 7 2.0
2002 8 3.2
2002 9 4.6
2002 10 6.7
2002 11 7.9
2002 12 9.2
2003 1 11.8
2003 2 10.4
2003 3 9.5
2003 4 6.3
2003 5 4.4
2003 6 4.4
2003 7 1.7
2003 8 1.9
2003 9 4.9
2003 10 8.0
2003 11 9.4
2003 12 9.0
2004 1 11.5
2004 2 10.2
2004 3 10.0
2004 4 6.9
2004 5 2.1
2004 6 2.8
2004 7 2.0
2004 8 2.4
2004 9 4.8
2004 10 5.8
2004 11 7.3
2004 12 10.3
2005 1 10.9
2005 2 10.7
2005 3 8.9
2005 4 5.5
2005 5 3.9
2005 6 3.7
2005 7 2.2
2005 8 2.7
2005 9 2.9
2005 10 5.1
2005 11 8.9
2005 12 9.8
2006 1 11.8
2006 2 11.0
2006 3 8.7
2006 4 7.0
2006 5 4.1
2006 6 3.9
2006 7 4.1
2006 8 3.3
2006 9 4.9
2006 10 7.3
2006 11 8.1
2006 12 10.4
2007 1 10.7
2007 2 10.6
2007 3 8.7
2007 4 6.7
2007 5 2.4
2007 6 1.0
2007 7 0.6
2007 8 -0.7
2007 9 4.4
2007 10 6.8
2007 11 8.0
2007 12 10.0
2008 1 11.2
2008 2 10.8
2008 3 9.3
2008 4 6.8
2008 5 4.6
2008 6 1.4
2008 7 3.0
2008 8 2.7
2008 9 4.0
2008 10 6.5
2008 11 9.7
2008 12 10.5
2009 1 11.0
2009 2 11.2
2009 3 10.8
2009 4 9.1
2009 5 5.5
2009 6 2.6
2009 7 1.4
2009 8 4.1
2009 9 2.8
2009 10 6.8
2009 11 8.3
2009 12 9.7
2010 1 12.0
2010 2 11.0
2010 3 10.7
2010 4 6.0
2010 5 3.9
2010 6 2.3
2010 7 -0.1
2010 8 1.5
2010 9 4.0
2010 10 5.8
2010 11 7.9
2010 12 9.4
2011 1 10.7
2011 2 9.8
2011 3 8.6
2011 4 7.0
2011 5 3.8
2011 6 1.7
2011 7 0.8
2011 8 1.4
2011 9 5.1
2011 10 5.7
2011 11 8.8
2011 12 10.3
2012 1 11.9
2012 2 11.1
2012 3 10.0
2012 4 6.8
2012 5 5.2
2012 6 2.9
2012 7 0.8
2012 8 2.2
2012 9 4.9
2012 10 5.6
2012 11 8.9
2012 12 10.4
2013 1 11.3
2013 2 11.5
2013 3 8.1
2013 4 7.1
2013 5 4.7
2013 6 3.5
2013 7 1.5
2013 8 2.1
2013 9 2.8
2013 10 6.7
2013 11 8.1
2013 12 11.6
2014 1 12.6
2014 2 9.0
2014 3 7.5
2014 4 5.8
2014 5 4.5
2014 6 2.2
2014 7 2.3
2014 8 3.9
2014 9 4.7
2014 10 7.6
2014 11 7.6
2014 12 9.1
2015 1 12.3
2015 2 10.1
2015 3 10.4
2015 4 8.5
2015 5 5.2
2015 6 3.3
2015 7 2.7
2015 8 5.0
2015 9 4.7
2015 10 4.3
2015 11 7.2
2015 12 10.4
2016 1 11.7
2016 2 11.5
2016 3 9.8
2016 4 5.8
2016 5 5.4
2016 6 2.7
2016 7 3.6
2016 8 5.1
2016 9 5.9
2016 10 6.9
2016 11 8.9
2016 12 10.2
2017 1 13.7
2017 2 12.0
2017 3 9.9
2017 4 7.8
2017 5 5.1
2017 6 3.1
2017 7 2.9
2017 8 3.4
2017 9 4.6
2017 10 5.9
2017 11 8.5
2017 12 10.5
2018 1 10.9
2018 2 11.4
2018 3 8.9
2018 4 8.0
2018 5 5.8
2018 6 2.2
2018 7 2.2
2018 8 2.8
2018 9 5.8
2018 10 6.2
2018 11 8.6
2018 12 9.9
2019 1 10.8
2019 2 11.3
2019 3 8.5
2019 4 7.8
2019 5 4.5
2019 6 2.2
2019 7 2.9
2019 8 4.0
2019 9 4.7
2019 10 6.1
2019 11 10.7
2019 12 10.5
2020 1 11.8
2020 2 11.0
2020 3 11.1
2020 4 8.5
2020 5 6.2
2020 6 3.1
2020 7 3.1
2020 8 3.0
2020 9 5.4
2020 10 6.3
2020 11 8.5
2020 12 9.7
2021 1 10.3
2021 2 10.3
2021 3 9.3
2021 4 8.2
2021 5 5.7
2021 6 2.6
2021 7 2.8
2021 8 4.1
2021 9 5.2
2021 10 6.7
2021 11 8.2
2021 12 10.1
2022 1 11.0
2022 2 10.4
2022 3 9.2
2022 4 7.0
2022 5 4.8
2022 6 3.0
2022 7 2.8
2022 8 3.4
2022 9 4.2
2022 10 6.3
2022 11 9.4
2022 12 11.1
2023 1 11.2
2023 2 11.7
2023 3 11.5
2023 4 8.5
2023 5 6.3
2023 6 4.8
2023 7 4.4
2023 8 5.3
2023 9 5.2
2023 10 6.3
2023 11 7.6
2023 12 10.4
2024 1 13.4
2024 2 13.5
2024 3 11.8
2024 4 7.6
2024 5 2.8
2024 6 4.3
2024 7 2.1
2024 8 2.7
2024 9 5.7
2024 10 7.7
2024 11 9.3
2024 12 10.6
2025 1 12.6
2025 2 15.5
2025 3 9.8
2025 4 7.3
2025 5 6.2
2025 6 3.1
