1981 1 14.8065
1981 2 15.3429
1981 3 13.4887
1981 4 11.0283
1981 5 5.3855
1981 6 5.78
1981 7 3.1226
1981 8 6.2419
1981 9 5.955
1981 10 10.271
1981 11 11.7117
1981 12 13.8339
1982 1 16.229
1982 2 14.0482
1982 3 13.121
1982 4 11.5633
1982 5 7.55
1982 6 2.1767
1982 7 1.3613
1982 8 4.8339
1982 9 8.2033
1982 10 8.8226
1982 11 11.2083
1982 12 14.5726
1983 1 16.95
1983 2 14.6411
1983 3 13.1177
1983 4 10.1
1983 5 6.8274
1983 6 2.7267
1983 7 3.0548
1983 8 4.921
1983 9 6.775
1983 10 10.5242
1983 11 12.8383
1983 12 16.15
1984 1 15.0565
1984 2 13.5293
1984 3 12.9984
1984 4 9.145
1984 5 5.1565
1984 6 1.025
1984 7 2.0871
1984 8 5.1323
1984 9 8.0117
1984 10 8.1742
1984 11 12.2567
1984 12 15.0387
1985 1 15.3645
1985 2 14.8625
1985 3 12.7323
1985 4 9.2283
1985 5 6.5806
1985 6 6.2617
1985 7 4.7758
1985 8 6.4468
1985 9 7.67
1985 10 9.2629
1985 11 13.6983
1985 12 14.221
1986 1 14.8645
1986 2 14.8804
1986 3 12.0645
1986 4 8.8567
1986 5 6.8242
1986 6 3.9283
1986 7 4.4613
1986 8 4.5371
1986 9 7.37
1986 10 11.3629
1986 11 10.285
1986 12 14.2871
1987 1 16.3161
1987 2 16.1679
1987 3 14.7129
1987 4 10.285
1987 5 5.7903
1987 6 6.6533
1987 7 4.9355
1987 8 4.6306
1987 9 7.3
1987 10 10.8435
1987 11 13.425
1987 12 13.6935
1988 1 14.6629
1988 2 18.0483
1988 3 13.7435
1988 4 10.09
1988 5 5.3452
1988 6 4.38
1988 7 1.8532
1988 8 4.6629
1988 9 7.945
1988 10 8.4306
1988 11 12.4817
1988 12 13.2903
1989 1 16.0
1989 2 16.4643
1989 3 13.0887
1989 4 9.945
1989 5 6.1242
1989 6 6.255
1989 7 3.6403
1989 8 3.9694
1989 9 6.6817
1989 10 10.9145
1989 11 13.0217
1989 12 13.129
1990 1 14.7774
1990 2 17.5161
1990 3 13.4032
1990 4 8.7683
1990 5 6.8306
1990 6 5.215
1990 7 4.5113
1990 8 6.679
1990 9 7.7467
1990 10 10.079
1990 11 11.145
1990 12 13.5871
1991 1 15.0258
1991 2 15.4625
1991 3 12.8452
1991 4 9.6417
1991 5 5.9968
1991 6 4.1783
1991 7 2.7806
1991 8 2.8968
1991 9 7.0917
1991 10 8.8435
1991 11 12.2133
1991 12 11.3903
1992 1 17.1871
1992 2 13.8983
1992 3 13.8323
1992 4 8.845
1992 5 4.2661
1992 6 2.1367
1992 7 1.6565
1992 8 6.2161
1992 9 7.1133
1992 10 7.6355
1992 11 13.0133
1992 12 12.6323
1993 1 14.3984
1993 2 16.2286
1993 3 13.5887
1993 4 9.0533
1993 5 4.9387
1993 6 4.15
1993 7 2.029
1993 8 6.0887
1993 9 8.0217
1993 10 10.4613
1993 11 11.3817
1993 12 13.429
1994 1 16.1968
1994 2 14.175
1994 3 13.7823
1994 4 8.5533
1994 5 6.6597
1994 6 5.4717
1994 7 3.2097
1994 8 5.171
1994 9 6.8067
1994 10 9.0984
1994 11 11.395
1994 12 13.8968
1995 1 14.1403
1995 2 14.2804
1995 3 12.9177
1995 4 10.0083
1995 5 7.4032
1995 6 2.5883
1995 7 2.329
1995 8 3.1613
1995 9 6.8267
1995 10 9.4758
1995 11 12.405
1995 12 17.2032
1996 1 14.75
1996 2 14.0845
1996 3 13.1048
1996 4 8.81
1996 5 7.679
1996 6 2.535
1996 7 4.4935
1996 8 5.8048
1996 9 8.7583
1996 10 10.2242
1996 11 11.8
1996 12 13.5419
1997 1 14.7242
1997 2 12.9679
1997 3 14.4194
1997 4 10.9317
1997 5 7.6484
1997 6 5.1
1997 7 3.95
1997 8 5.4387
1997 9 6.9133
1997 10 8.8581
1997 11 11.4383
1997 12 14.1048
1998 1 14.0677
1998 2 17.0964
1998 3 13.1823
1998 4 10.4383
1998 5 9.5145
1998 6 5.405
1998 7 6.821
1998 8 6.3903
1998 9 6.985
1998 10 10.5242
1998 11 12.2383
1998 12 14.8097
1999 1 17.2161
1999 2 15.2321
1999 3 12.5242
1999 4 10.0533
1999 5 6.4355
1999 6 2.355
1999 7 2.6419
1999 8 6.1419
1999 9 8.0467
1999 10 11.2419
1999 11 12.8567
1999 12 13.9742
2000 1 15.0742
2000 2 13.7759
2000 3 11.6774
2000 4 10.2533
2000 5 6.6597
2000 6 3.615
2000 7 2.9468
2000 8 5.3048
2000 9 6.635
2000 10 10.6581
2000 11 10.89
2000 12 12.9645
2001 1 13.7694
2001 2 14.6929
2001 3 12.2661
2001 4 9.3383
2001 5 6.0452
2001 6 4.2183
2001 7 0.3355
2001 8 5.8403
2001 9 7.995
2001 10 11.4145
2001 11 11.0233
2001 12 15.8677
2002 1 15.8581
2002 2 16.6018
2002 3 10.7387
2002 4 9.4817
2002 5 6.3274
2002 6 1.7183
2002 7 5.3839
2002 8 5.271
2002 9 7.2483
2002 10 8.3355
2002 11 10.565
2002 12 14.029
2003 1 14.9194
2003 2 14.5375
2003 3 14.3468
2003 4 9.0733
2003 5 8.021
2003 6 4.7383
2003 7 4.5629
2003 8 5.9484
2003 9 7.8617
2003 10 9.8581
2003 11 11.7067
2003 12 12.179
2004 1 16.6048
2004 2 17.7828
2004 3 13.7855
2004 4 9.705
2004 5 5.6871
2004 6 5.7767
2004 7 3.9306
2004 8 6.0081
2004 9 7.7967
2004 10 10.1903
2004 11 12.9383
2004 12 14.2661
2005 1 14.179
2005 2 18.4214
2005 3 12.7226
2005 4 9.3433
2005 5 5.221
2005 6 2.62
2005 7 3.171
2005 8 3.6952
2005 9 7.4183
2005 10 10.0419
2005 11 11.3783
2005 12 15.2484
2006 1 14.5855
2006 2 16.3821
2006 3 12.0677
2006 4 10.0767
2006 5 6.3435
2006 6 4.195
2006 7 2.6774
2006 8 4.4484
2006 9 8.2667
2006 10 9.0613
2006 11 11.6917
2006 12 12.7032
2007 1 15.9968
2007 2 14.8268
2007 3 13.45
2007 4 9.8867
2007 5 5.9468
2007 6 3.645
2007 7 3.2194
2007 8 3.9984
2007 9 7.8917
2007 10 9.2
2007 11 11.7367
2007 12 14.7581
2008 1 17.5935
2008 2 18.9931
2008 3 14.2177
2008 4 9.6467
2008 5 5.4419
2008 6 4.1017
2008 7 3.7903
2008 8 3.6613
2008 9 7.6317
2008 10 10.2065
2008 11 12.7733
2008 12 16.4274
2009 1 15.821
2009 2 15.6929
2009 3 13.5935
2009 4 10.9817
2009 5 6.0935
2009 6 3.365
2009 7 3.8403
2009 8 5.6419
2009 9 7.1433
2009 10 8.129
2009 11 8.6667
2009 12 12.7597
2010 1 13.8081
2010 2 13.1714
2010 3 14.2887
2010 4 9.4767
2010 5 6.5161
2010 6 4.545
2010 7 2.35
2010 8 3.75
2010 9 7.0433
2010 10 9.7387
2010 11 11.365
2010 12 12.9081
2011 1 15.5065
2011 2 16.325
2011 3 11.9
2011 4 9.7467
2011 5 6.6532
2011 6 4.4217
2011 7 2.7306
2011 8 3.7387
2011 9 7.51
2011 10 9.5113
2011 11 11.8483
2011 12 15.7306
2012 1 17.3806
2012 2 13.4121
2012 3 13.6016
2012 4 9.1967
2012 5 6.4403
2012 6 3.78
2012 7 3.6452
2012 8 4.8694
2012 9 8.28
2012 10 9.3935
2012 11 13.07
2012 12 12.45
2013 1 17.9323
2013 2 16.0964
2013 3 13.0532
2013 4 11.3683
2013 5 7.5306
2013 6 6.4217
2013 7 3.4597
2013 8 4.321
2013 9 6.2583
2013 10 10.5387
2013 11 11.5183
2013 12 14.8806
2014 1 14.8387
2014 2 14.9089
2014 3 12.0242
2014 4 9.1033
2014 5 6.4919
2014 6 3.72
2014 7 3.7468
2014 8 6.9387
2014 9 7.4067
2014 10 9.6403
2014 11 11.375
2014 12 13.5
2015 1 16.4935
2015 2 16.8339
2015 3 14.0677
2015 4 10.2733
2015 5 8.2613
2015 6 4.9833
2015 7 4.5887
2015 8 5.1065
2015 9 6.8367
2015 10 8.9726
2015 11 12.3133
2015 12 13.8581
2016 1 17.1226
2016 2 15.6897
2016 3 15.3387
2016 4 8.5217
2016 5 6.7226
2016 6 3.9467
2016 7 3.7032
2016 8 6.0919
2016 9 8.0567
2016 10 10.1048
2016 11 13.1417
2016 12 14.3452
2017 1 14.7484
2017 2 16.5839
2017 3 12.879
2017 4 11.0367
2017 5 6.5855
2017 6 3.6
2017 7 3.3952
2017 8 4.4565
2017 9 6.7083
2017 10 8.2323
2017 11 11.8767
2017 12 14.3694
2018 1 15.4387
2018 2 15.7393
2018 3 12.0226
2018 4 8.9017
2018 5 6.3532
2018 6 2.9683
2018 7 2.2177
2018 8 5.4871
2018 9 6.9883
2018 10 8.6258
2018 11 11.1683
2018 12 14.6806
2019 1 13.6548
2019 2 12.7982
2019 3 12.9694
2019 4 10.69
2019 5 5.9113
2019 6 4.5283
2019 7 4.1226
2019 8 5.2306
2019 9 6.9667
2019 10 8.8516
2019 11 11.3417
2019 12 13.4048
2020 1 15.3871
2020 2 14.6517
2020 3 14.6548
2020 4 10.1283
2020 5 7.2613
2020 6 5.0633
2020 7 2.9032
2020 8 5.5919
2020 9 7.5283
2020 10 10.0403
2020 11 13.4167
2020 12 14.0194
2021 1 15.9274
2021 2 18.5232
2021 3 15.0048
2021 4 11.7833
2021 5 7.0887
2021 6 3.5433
2021 7 5.5694
2021 8 5.5339
2021 9 8.4617
2021 10 10.7274
2021 11 13.2883
2021 12 16.7435
2022 1 15.7145
2022 2 16.5661
2022 3 12.3645
2022 4 9.27
2022 5 5.4758
2022 6 2.0133
2022 7 2.5645
2022 8 5.1242
2022 9 8.2183
2022 10 9.6048
2022 11 15.1167
2022 12 14.796
2023 1 17.2419
2023 2 16.325
2023 3 12.8774
2023 4 10.6767
2023 5 7.421
2023 6 3.6017
2023 7 3.3484
2023 8 4.929
2023 9 5.865
2023 10 9.5016
2023 11 10.1617
2023 12 14.6548
2024 1 17.7839
2024 2 17.8897
2024 3 11.3726
2024 4 7.0867
2024 5 2.0565
2024 6 4.0733
2024 7 1.4613
2024 8 3.5468
2024 9 5.0783
2024 10 8.1645
2024 11 8.8167
2024 12 12.2661
2025 1 13.9129
2025 2 13.6643
2025 3 11.2242
2025 4 7.8833
2025 5 5.5387
2025 6 3.005
