1981 1 14.1903
1981 2 14.2571
1981 3 13.0194
1981 4 12.535
1981 5 9.7403
1981 6 7.9767
1981 7 7.5
1981 8 7.5694
1981 9 7.8917
1981 10 10.45
1981 11 10.7217
1981 12 13.1129
1982 1 15.7484
1982 2 12.9821
1982 3 12.3565
1982 4 11.8433
1982 5 10.7839
1982 6 5.99
1982 7 7.2581
1982 8 7.8677
1982 9 10.4617
1982 10 9.6742
1982 11 11.1733
1982 12 14.3452
1983 1 15.9452
1983 2 14.2929
1983 3 13.0677
1983 4 11.37
1983 5 9.529
1983 6 5.9217
1983 7 5.4839
1983 8 7.3065
1983 9 7.45
1983 10 10.7274
1983 11 12.5483
1983 12 15.3774
1984 1 15.0274
1984 2 13.7948
1984 3 13.2081
1984 4 9.7133
1984 5 7.8048
1984 6 5.1333
1984 7 5.7887
1984 8 6.7532
1984 9 9.9
1984 10 9.5161
1984 11 11.3817
1984 12 14.1661
1985 1 15.3952
1985 2 14.4518
1985 3 12.3823
1985 4 10.395
1985 5 9.0355
1985 6 10.27
1985 7 7.4758
1985 8 7.8871
1985 9 8.3867
1985 10 9.6726
1985 11 12.7683
1985 12 13.5081
1986 1 14.2226
1986 2 14.1429
1986 3 12.0403
1986 4 10.7417
1986 5 9.1145
1986 6 6.89
1986 7 7.421
1986 8 6.7774
1986 9 8.5267
1986 10 11.6935
1986 11 10.9017
1986 12 13.0806
1987 1 14.8516
1987 2 15.0946
1987 3 13.9435
1987 4 10.635
1987 5 8.2484
1987 6 7.9417
1987 7 8.3742
1987 8 7.3452
1987 9 8.335
1987 10 11.1258
1987 11 12.9083
1987 12 13.1968
1988 1 13.6065
1988 2 14.781
1988 3 13.2387
1988 4 10.9383
1988 5 8.4403
1988 6 6.9217
1988 7 5.7403
1988 8 7.2452
1988 9 8.4767
1988 10 9.0661
1988 11 12.18
1988 12 13.3823
1989 1 14.6758
1989 2 14.8518
1989 3 12.721
1989 4 10.98
1989 5 7.8113
1989 6 8.7817
1989 7 7.1887
1989 8 7.5806
1989 9 8.2233
1989 10 10.0645
1989 11 12.5967
1989 12 14.2629
1990 1 13.8323
1990 2 14.8018
1990 3 12.5323
1990 4 9.9683
1990 5 8.7742
1990 6 7.0783
1990 7 7.2548
1990 8 8.2065
1990 9 8.8067
1990 10 9.7226
1990 11 10.795
1990 12 13.0548
1991 1 14.4581
1991 2 14.2
1991 3 12.5935
1991 4 10.5717
1991 5 8.8435
1991 6 7.1567
1991 7 6.2903
1991 8 6.371
1991 9 8.98
1991 10 8.9048
1991 11 12.4967
1991 12 12.0887
1992 1 15.7371
1992 2 13.2276
1992 3 14.3097
1992 4 10.3133
1992 5 7.0935
1992 6 6.06
1992 7 5.3581
1992 8 7.7
1992 9 8.1317
1992 10 8.8065
1992 11 12.6
1992 12 13.0258
1993 1 13.779
1993 2 15.1893
1993 3 13.4694
1993 4 10.89
1993 5 8.371
1993 6 7.7217
1993 7 6.3613
1993 8 7.2839
1993 9 8.1467
1993 10 10.3452
1993 11 11.415
1993 12 12.9048
1994 1 14.7742
1994 2 13.2089
1994 3 14.1161
1994 4 10.39
1994 5 10.1919
1994 6 9.0417
1994 7 7.1
1994 8 6.8129
1994 9 8.3367
1994 10 10.1145
1994 11 12.0983
1994 12 14.1371
1995 1 13.4919
1995 2 13.7411
1995 3 12.3565
1995 4 11.7333
1995 5 9.4919
1995 6 7.015
1995 7 4.9419
1995 8 5.9129
1995 9 7.8267
1995 10 9.8468
1995 11 11.3983
1995 12 15.1097
1996 1 13.5839
1996 2 13.6948
1996 3 12.5919
1996 4 9.8167
1996 5 9.5597
1996 6 5.2133
1996 7 8.1419
1996 8 8.4871
1996 9 9.3983
1996 10 10.129
1996 11 12.0517
1996 12 13.2629
1997 1 14.9919
1997 2 12.2286
1997 3 13.5419
1997 4 12.0367
1997 5 10.6984
1997 6 8.1083
1997 7 8.0468
1997 8 7.7016
1997 9 8.5767
1997 10 9.7597
1997 11 12.0467
1997 12 13.3548
1998 1 14.029
1998 2 16.0321
1998 3 13.1661
1998 4 11.6367
1998 5 12.4887
1998 6 8.685
1998 7 7.8581
1998 8 7.6742
1998 9 7.6633
1998 10 10.4952
1998 11 11.2933
1998 12 13.5613
1999 1 14.4661
1999 2 14.5018
1999 3 12.6032
1999 4 10.5567
1999 5 8.5403
1999 6 5.9083
1999 7 5.9274
1999 8 8.2871
1999 9 9.1383
1999 10 11.15
1999 11 12.2383
1999 12 12.779
2000 1 13.95
2000 2 13.7914
2000 3 11.3097
2000 4 10.8233
2000 5 9.5161
2000 6 8.0117
2000 7 6.0258
2000 8 7.9823
2000 9 7.97
2000 10 10.3
2000 11 10.5733
2000 12 12.9839
2001 1 13.8823
2001 2 14.5857
2001 3 12.1677
2001 4 9.5767
2001 5 8.771
2001 6 7.575
2001 7 6.7065
2001 8 8.1806
2001 9 8.8867
2001 10 10.3806
2001 11 10.8783
2001 12 14.3694
2002 1 14.8677
2002 2 14.2911
2002 3 12.2694
2002 4 10.2717
2002 5 9.6919
2002 6 6.1033
2002 7 7.6468
2002 8 8.5242
2002 9 8.7
2002 10 10.1242
2002 11 11.4983
2002 12 13.4032
2003 1 14.4468
2003 2 13.1964
2003 3 13.7581
2003 4 10.2283
2003 5 9.6274
2003 6 8.8517
2003 7 6.6887
2003 8 7.9935
2003 9 8.9283
2003 10 10.6984
2003 11 12.3033
2003 12 11.9258
2004 1 15.2016
2004 2 15.3776
2004 3 14.3823
2004 4 11.0083
2004 5 8.7339
2004 6 8.6417
2004 7 7.5806
2004 8 7.8097
2004 9 8.5467
2004 10 10.7145
2004 11 12.3067
2004 12 13.5242
2005 1 13.7532
2005 2 16.2339
2005 3 13.1403
2005 4 10.29
2005 5 8.2876
2005 6 6.9633
2005 7 7.6532
2005 8 6.9258
2005 9 8.3433
2005 10 9.7355
2005 11 12.075
2005 12 13.3194
2006 1 14.4048
2006 2 15.4786
2006 3 12.2677
2006 4 10.84
2006 5 8.5629
2006 6 9.025
2006 7 7.5581
2006 8 7.6065
2006 9 8.4183
2006 10 9.5774
2006 11 11.0583
2006 12 13.2629
2007 1 14.6694
2007 2 14.0768
2007 3 13.4032
2007 4 10.2283
2007 5 7.7903
2007 6 6.1733
2007 7 6.1016
2007 8 5.0661
2007 9 8.8233
2007 10 9.7048
2007 11 10.6567
2007 12 12.9823
2008 1 15.6532
2008 2 16.1621
2008 3 13.6694
2008 4 10.5683
2008 5 9.0339
2008 6 7.8583
2008 7 7.7726
2008 8 7.221
2008 9 8.8
2008 10 10.3065
2008 11 12.5133
2008 12 15.2323
2009 1 15.0323
2009 2 14.7679
2009 3 13.4952
2009 4 12.4433
2009 5 9.1645
2009 6 7.11
2009 7 6.3065
2009 8 8.7194
2009 9 7.5117
2009 10 9.1661
2009 11 9.6333
2009 12 12.2548
2010 1 14.3548
2010 2 13.1839
2010 3 13.9419
2010 4 10.6
2010 5 7.9677
2010 6 8.4033
2010 7 6.121
2010 8 6.8677
2010 9 8.28
2010 10 9.9855
2010 11 11.135
2010 12 12.6323
2011 1 14.4597
2011 2 14.75
2011 3 12.4306
2011 4 10.6267
2011 5 8.8823
2011 6 7.4867
2011 7 6.6871
2011 8 6.6629
2011 9 8.8167
2011 10 9.4645
2011 11 11.6717
2011 12 14.1484
2012 1 15.9387
2012 2 13.5431
2012 3 13.4113
2012 4 10.415
2012 5 9.3694
2012 6 6.3567
2012 7 5.3903
2012 8 7.5016
2012 9 9.15
2012 10 9.6226
2012 11 11.9583
2012 12 12.8177
2013 1 16.1919
2013 2 14.9393
2013 3 13.3453
2013 4 11.9283
2013 5 10.0387
2013 6 7.735
2013 7 6.8129
2013 8 6.8403
2013 9 7.675
2013 10 10.1016
2013 11 11.595
2013 12 14.2258
2014 1 14.4403
2014 2 14.0518
2014 3 11.6855
2014 4 10.0833
2014 5 9.4371
2014 6 7.2733
2014 7 7.4339
2014 8 8.7742
2014 9 8.9083
2014 10 10.0565
2014 11 11.6817
2014 12 13.3629
2015 1 15.0984
2015 2 14.1661
2015 3 13.8645
2015 4 11.6833
2015 5 10.679
2015 6 7.7883
2015 7 7.5629
2015 8 7.9113
2015 9 8.0215
2015 10 9.9774
2015 11 11.93
2015 12 13.8679
2016 1 15.8919
2016 2 15.0776
2016 3 13.5113
2016 4 9.7517
2016 5 10.8742
2016 6 7.2667
2016 7 7.4097
2016 8 8.6823
2016 9 9.04
2016 10 10.7065
2016 11 12.7883
2016 12 13.7323
2017 1 15.0081
2017 2 15.9714
2017 3 13.0839
2017 4 12.32
2017 5 9.3081
2017 6 7.19
2017 7 6.8823
2017 8 7.6129
2017 9 7.655
2017 10 9.7387
2017 11 11.7033
2017 12 13.7065
2018 1 14.5677
2018 2 15.3464
2018 3 12.3242
2018 4 10.3783
2018 5 9.3387
2018 6 6.54
2018 7 6.021
2018 8 7.4129
2018 9 8.9033
2018 10 10.0194
2018 11 11.33
2018 12 13.6806
2019 1 12.5452
2019 2 14.7696
2019 3 12.55
2019 4 10.45
2019 5 9.1823
2019 6 7.4383
2019 7 7.4677
2019 8 7.1226
2019 9 8.125
2019 10 9.8274
2019 11 11.685
2019 12 13.2323
2020 1 14.6065
2020 2 14.1741
2020 3 14.0226
2020 4 11.235
2020 5 9.6113
2020 6 7.89
2020 7 6.6661
2020 8 7.1306
2020 9 8.0717
2020 10 9.3435
2020 11 12.0567
2020 12 13.2387
2021 1 14.1694
2021 2 15.0071
2021 3 13.8274
2021 4 12.5667
2021 5 9.4032
2021 6 6.8117
2021 7 7.1371
2021 8 7.6452
2021 9 9.1067
2021 10 10.35
2021 11 12.1183
2021 12 14.3177
2022 1 14.8565
2022 2 15.3429
2022 3 12.1435
2022 4 9.89
2022 5 8.3613
2022 6 5.7233
2022 7 6.0548
2022 8 6.5161
2022 9 7.9875
2022 10 9.8177
2022 11 13.6367
2022 12 14.4661
2023 1 14.8258
2023 2 14.675
2023 3 12.2919
2023 4 11.11
2023 5 9.2952
2023 6 7.5067
2023 7 7.4129
2023 8 7.0428
2023 9 7.4483
2023 10 9.3968
2023 11 10.595
2023 12 13.2661
2024 1 15.5645
2024 2 15.4983
2024 3 11.3145
2024 4 8.5017
2024 5 4.5306
2024 6 7.54
2024 7 3.6089
2024 8 4.9242
2024 9 5.9825
2024 10 7.6161
2024 11 9.4633
2024 12 10.7927
2025 1 12.3629
2025 2 12.7696
2025 3 10.8145
2025 4 9.2
2025 5 7.9347
2025 6 5.4533
