1991 1 21.2
1991 2 21.4
1991 3 19.9
1991 4 17.9
1991 5 16.4
1991 6 14.2
1991 7 13.1
1991 8 12.8
1991 9 15.8
1991 10 15.4
1991 11 18.3
1991 12 19.4
1992 1 21.6
1992 2 20.4
1992 3 20.5
1992 4 16.6
1992 5 15.0
1992 6 13.5
1992 7 12.2
1992 8 13.5
1992 9 14.9
1992 10 16.5
1992 11 17.9
1992 12 19.8
1993 1 21.9
1993 2 21.2
1993 3 20.5
1993 4 17.1
1993 5 14.2
1993 6 14.6
1993 7 11.7
1993 8 13.4
1993 9 14.0
1993 10 16.0
1993 11 18.1
1993 12 20.3
1994 1 21.9
1994 2 20.6
1994 3 19.8
1994 4 17.1
1994 5 15.7
1994 6 15.4
1994 7 13.0
1994 8 13.0
1994 9 16.1
1994 10 16.6
1994 11 19.1
1994 12 21.5
1995 1 21.9
1995 2 20.4
1995 3 19.1
1995 4 17.5
1995 5 15.7
1995 6 15.0
1995 7 12.1
1995 8 12.6
1995 9 15.2
1995 10 16.5
1995 11 18.7
1995 12 21.6
1996 1 21.3
1996 2 20.7
1996 3 19.9
1996 4 15.9
1996 5 14.9
1996 6 12.4
1996 7 13.3
1996 8 14.2
1996 9 14.8
1996 10 16.9
1996 11 19.7
1996 12 20.3
1997 1 22.3
1997 2 21.0
1997 3 20.2
1997 4 18.8
1997 5 16.6
1997 6 14.6
1997 7 14.3
1997 8 14.7
1997 9 15.9
1997 10 16.1
1997 11 18.8
1997 12 20.3
1998 1 22.0
1998 2 20.3
1998 3 19.5
1998 4 16.9
1998 5 16.5
1998 6 14.5
1998 7 13.7
1998 8 13.4
1998 9 14.5
1998 10 18.1
1998 11 18.8
1998 12 20.9
1999 1 21.2
1999 2 22.0
1999 3 18.9
1999 4 16.3
1999 5 15.6
1999 6 14.2
1999 7 12.0
1999 8 13.8
1999 9 15.7
1999 10 16.6
1999 11 18.8
1999 12 20.3
2000 1 22.0
2000 2 21.1
2000 3 19.1
2000 4 17.3
2000 5 14.6
2000 6 14.2
2000 7 12.0
2000 8 13.6
2000 9 14.6
2000 10 16.9
2000 11 18.6
2000 12 21.0
2001 1 22.1
2001 2 23.5
2001 3 20.1
2001 4 16.6
2001 5 14.6
2001 6 13.8
2001 7 13.8
2001 8 14.4
2001 9 14.3
2001 10 16.6
2001 11 18.1
2001 12 21.9
2002 1 22.0
2002 2 21.5
2002 3 20.2
2002 4 16.6
2002 5 15.7
2002 6 12.3
2002 7 13.2
2002 8 14.2
2002 9 15.6
2002 10 17.1
2002 11 18.6
2002 12 20.3
2003 1 23.0
2003 2 21.6
2003 3 20.3
2003 4 17.0
2003 5 15.1
2003 6 15.9
2003 7 12.7
2003 8 13.3
2003 9 16.1
2003 10 18.5
2003 11 20.1
2003 12 20.2
2004 1 22.8
2004 2 21.3
2004 3 20.8
2004 4 17.6
2004 5 13.3
2004 6 14.5
2004 7 13.4
2004 8 13.5
2004 9 15.9
2004 10 16.8
2004 11 18.2
2004 12 21.0
2005 1 21.9
2005 2 21.8
2005 3 19.7
2005 4 16.5
2005 5 14.8
2005 6 15.0
2005 7 13.7
2005 8 13.8
2005 9 14.0
2005 10 16.0
2005 11 19.7
2005 12 20.5
2006 1 22.8
2006 2 21.9
2006 3 19.3
2006 4 17.6
2006 5 15.2
2006 6 15.4
2006 7 14.9
2006 8 14.4
2006 9 15.9
2006 10 17.5
2006 11 18.8
2006 12 21.0
2007 1 21.9
2007 2 21.1
2007 3 19.5
2007 4 17.2
2007 5 13.1
2007 6 12.3
2007 7 11.9
2007 8 10.5
2007 9 15.4
2007 10 17.3
2007 11 18.7
2007 12 20.7
2008 1 22.5
2008 2 21.9
2008 3 20.2
2008 4 17.5
2008 5 15.4
2008 6 13.2
2008 7 14.2
2008 8 13.7
2008 9 15.3
2008 10 17.2
2008 11 20.5
2008 12 21.2
2009 1 22.3
2009 2 22.2
2009 3 21.6
2009 4 19.7
2009 5 16.5
2009 6 14.2
2009 7 12.7
2009 8 15.0
2009 9 13.7
2009 10 17.4
2009 11 18.6
2009 12 20.4
2010 1 23.0
2010 2 21.6
2010 3 21.3
2010 4 16.6
2010 5 15.0
2010 6 14.0
2010 7 11.3
2010 8 12.7
2010 9 15.2
2010 10 16.6
2010 11 18.9
2010 12 20.0
2011 1 22.0
2011 2 21.0
2011 3 19.6
2011 4 17.6
2011 5 15.1
2011 6 13.3
2011 7 12.0
2011 8 12.7
2011 9 16.5
2011 10 16.6
2011 11 19.5
2011 12 21.2
2012 1 22.9
2012 2 22.2
2012 3 21.3
2012 4 17.7
2012 5 16.5
2012 6 14.6
2012 7 12.3
2012 8 13.5
2012 9 16.0
2012 10 16.4
2012 11 19.8
2012 12 20.8
2013 1 22.8
2013 2 22.6
2013 3 19.3
2013 4 18.0
2013 5 15.6
2013 6 14.9
2013 7 13.1
2013 8 13.3
2013 9 14.2
2013 10 17.5
2013 11 19.1
2013 12 22.2
2014 1 23.5
2014 2 20.0
2014 3 18.6
2014 4 16.8
2014 5 16.2
2014 6 13.9
2014 7 14.1
2014 8 15.2
2014 9 15.8
2014 10 18.2
2014 11 19.0
2014 12 19.7
2015 1 23.2
2015 2 21.0
2015 3 21.5
2015 4 19.0
2015 5 15.9
2015 6 14.8
2015 7 14.0
2015 8 16.1
2015 9 15.8
2015 10 15.2
2015 11 18.0
2015 12 20.5
2016 1 22.4
2016 2 22.2
2016 3 20.7
2016 4 16.6
2016 5 16.4
2016 6 14.1
2016 7 14.9
2016 8 16.3
2016 9 17.8
2016 10 18.0
2016 11 19.8
2016 12 20.8
2017 1 25.3
2017 2 22.6
2017 3 20.6
2017 4 18.6
2017 5 16.5
2017 6 14.9
2017 7 14.4
2017 8 14.6
2017 9 15.8
2017 10 16.4
2017 11 19.3
2017 12 21.1
2018 1 21.9
2018 2 22.2
2018 3 20.3
2018 4 18.5
2018 5 17.0
2018 6 14.0
2018 7 13.5
2018 8 14.3
2018 9 16.5
2018 10 16.8
2018 11 19.8
2018 12 20.3
2019 1 21.7
2019 2 22.2
2019 3 19.3
2019 4 18.4
2019 5 16.1
2019 6 14.2
2019 7 14.4
2019 8 15.5
2019 9 16.0
2019 10 16.8
2019 11 21.1
2019 12 21.1
2020 1 22.6
2020 2 21.7
2020 3 21.8
2020 4 19.3
2020 5 17.7
2020 6 14.6
2020 7 14.6
2020 8 14.3
2020 9 16.5
2020 10 17.0
2020 11 19.1
2020 12 20.4
2021 1 21.1
2021 2 21.2
2021 3 20.2
2021 4 18.8
2021 5 17.0
2021 6 14.0
2021 7 14.4
2021 8 15.0
2021 9 16.1
2021 10 17.4
2021 11 19.1
2021 12 20.8
2022 1 21.6
2022 2 21.2
2022 3 19.9
2022 4 17.9
2022 5 15.9
2022 6 14.7
2022 7 13.9
2022 8 14.7
2022 9 15.4
2022 10 17.2
2022 11 20.2
2022 12 21.7
2023 1 22.0
2023 2 22.6
2023 3 22.2
2023 4 19.4
2023 5 17.3
2023 6 16.5
2023 7 15.8
2023 8 16.1
2023 9 15.9
2023 10 16.5
2023 11 17.9
2023 12 21.3
2024 1 24.3
2024 2 24.8
2024 3 23.0
2024 4 18.3
2024 5 13.6
2024 6 15.9
2024 7 13.6
2024 8 13.8
2024 9 16.6
2024 10 18.4
2024 11 20.3
2024 12 21.6
2025 1 24.3
2025 2 25.0
2025 3 20.6
2025 4 18.1
2025 5 17.4
2025 6 14.6
