1981 1 10.6645
1981 2 10.6125
1981 3 8.1984
1981 4 7.1683
1981 5 3.7855
1981 6 2.1433
1981 7 2.0645
1981 8 2.9516
1981 9 4.495
1981 10 7.929
1981 11 8.5133
1981 12 10.3048
1982 1 12.2194
1982 2 11.0625
1982 3 9.2065
1982 4 7.7933
1982 5 5.4306
1982 6 1.2933
1982 7 0.7806
1982 8 2.1597
1982 9 4.4
1982 10 5.9726
1982 11 9.1383
1982 12 10.4629
1983 1 11.3952
1983 2 9.8125
1983 3 9.421
1983 4 7.165
1983 5 4.179
1983 6 2.0783
1983 7 2.7468
1983 8 3.65
1983 9 5.0717
1983 10 6.8968
1983 11 9.11
1983 12 10.8726
1984 1 10.2177
1984 2 9.7569
1984 3 8.7887
1984 4 6.855
1984 5 0.7871
1984 6 0.6317
1984 7 -0.3597
1984 8 1.7661
1984 9 5.42
1984 10 6.6613
1984 11 9.1067
1984 12 10.971
1985 1 12.3452
1985 2 11.7679
1985 3 7.7677
1985 4 6.3767
1985 5 3.0661
1985 6 2.3167
1985 7 2.5081
1985 8 3.9371
1985 9 5.0767
1985 10 6.5419
1985 11 9.26
1985 12 10.6226
1986 1 10.5048
1986 2 9.0339
1986 3 8.0161
1986 4 5.35
1986 5 2.4742
1986 6 0.5567
1986 7 1.1
1986 8 3.5113
1986 9 4.2233
1986 10 6.7339
1986 11 7.6467
1986 12 9.9435
1987 1 10.4129
1987 2 10.5054
1987 3 8.9048
1987 4 7.01
1987 5 5.5452
1987 6 3.0517
1987 7 1.7984
1987 8 2.0823
1987 9 4.4917
1987 10 7.1452
1987 11 9.575
1987 12 10.6177
1988 1 10.4
1988 2 11.4914
1988 3 10.0387
1988 4 6.4767
1988 5 5.5694
1988 6 2.6267
1988 7 1.7242
1988 8 1.9258
1988 9 5.425
1988 10 6.3226
1988 11 8.825
1988 12 9.4645
1989 1 10.7145
1989 2 11.0518
1989 3 9.2952
1989 4 6.4767
1989 5 4.7532
1989 6 1.6317
1989 7 2.2097
1989 8 2.5968
1989 9 3.9283
1989 10 7.671
1989 11 9.4067
1989 12 9.8645
1990 1 10.6194
1990 2 12.3339
1990 3 9.4581
1990 4 5.4733
1990 5 4.9435
1990 6 1.9117
1990 7 2.3435
1990 8 2.3629
1990 9 4.42
1990 10 7.2306
1990 11 7.4867
1990 12 9.4113
1991 1 11.0597
1991 2 10.4321
1991 3 8.4823
1991 4 6.8417
1991 5 4.25
1991 6 1.4033
1991 7 0.6468
1991 8 2.1194
1991 9 4.1092
1991 10 6.0226
1991 11 8.3617
1991 12 7.8161
1992 1 12.2839
1992 2 9.6828
1992 3 8.4984
1992 4 6.8333
1992 5 2.9274
1992 6 0.0167
1992 7 -0.2161
1992 8 2.6468
1992 9 3.8983
1992 10 6.5016
1992 11 8.7117
1992 12 10.7516
1993 1 10.4823
1993 2 11.2607
1993 3 8.95
1993 4 5.925
1993 5 3.3468
1993 6 0.1317
1993 7 2.3226
1993 8 3.8597
1993 9 5.595
1993 10 7.3887
1993 11 9.1183
1993 12 9.7177
1994 1 11.7952
1994 2 10.1196
1994 3 8.6903
1994 4 7.36
1994 5 2.6
1994 6 1.25
1994 7 0.9242
1994 8 3.5161
1994 9 3.51
1994 10 5.6758
1994 11 9.3717
1994 12 9.7516
1995 1 11.0452
1995 2 10.9143
1995 3 8.2532
1995 4 7.7333
1995 5 5.1806
1995 6 0.4983
1995 7 -1.2274
1995 8 0.4452
1995 9 4.445
1995 10 6.9306
1995 11 8.495
1995 12 10.5823
1996 1 9.379
1996 2 9.7707
1996 3 9.2597
1996 4 5.6033
1996 5 5.5516
1996 6 2.3583
1996 7 2.7806
1996 8 3.0484
1996 9 6.2917
1996 10 6.5387
1996 11 8.5517
1996 12 10.1194
1997 1 10.5887
1997 2 9.125
1997 3 9.2484
1997 4 6.0417
1997 5 3.0855
1997 6 1.8183
1997 7 0.1016
1997 8 2.6339
1997 9 4.0983
1997 10 6.2355
1997 11 8.9917
1997 12 9.5758
1998 1 10.9629
1998 2 11.2518
1998 3 10.0887
1998 4 7.7667
1998 5 4.8887
1998 6 3.89
1998 7 3.3145
1998 8 3.7339
1998 9 4.4433
1998 10 7.0468
1998 11 8.8767
1998 12 9.6065
1999 1 11.1339
1999 2 10.3964
1999 3 8.8629
1999 4 7.215
1999 5 4.0371
1999 6 0.9833
1999 7 2.0323
1999 8 2.3081
1999 9 4.1083
1999 10 7.4435
1999 11 9.6717
1999 12 9.7565
2000 1 10.1952
2000 2 9.75
2000 3 8.779
2000 4 7.3667
2000 5 4.6032
2000 6 0.92
2000 7 1.0
2000 8 3.3145
2000 9 2.7483
2000 10 6.1677
2000 11 8.335
2000 12 8.9839
2001 1 10.7032
2001 2 9.6857
2001 3 8.0435
2001 4 6.9083
2001 5 3.8903
2001 6 2.2
2001 7 0.3677
2001 8 2.3887
2001 9 4.5917
2001 10 7.429
2001 11 8.1367
2001 12 10.2629
2002 1 10.65
2002 2 11.3071
2002 3 7.3694
2002 4 6.35
2002 5 1.4468
2002 6 -0.26
2002 7 1.6048
2002 8 2.3226
2002 9 4.6533
2002 10 5.3661
2002 11 7.815
2002 12 10.9532
2003 1 10.4452
2003 2 10.5696
2003 3 8.3306
2003 4 7.1767
2003 5 5.8887
2003 6 1.8367
2003 7 4.1113
2003 8 4.071
2003 9 5.145
2003 10 6.0387
2003 11 8.0283
2003 12 9.9677
2004 1 12.1113
2004 2 13.1155
2004 3 9.5968
2004 4 7.2333
2004 5 5.6129
2004 6 4.3133
2004 7 1.6419
2004 8 3.7387
2004 9 5.1783
2004 10 7.0806
2004 11 9.95
2004 12 11.0081
2005 1 10.8306
2005 2 12.3464
2005 3 8.9484
2005 4 6.8667
2005 5 3.2935
2005 6 0.155
2005 7 2.4532
2005 8 2.7339
2005 9 6.0167
2005 10 6.6355
2005 11 8.6683
2005 12 10.521
2006 1 11.7419
2006 2 10.8911
2006 3 9.8726
2006 4 6.5233
2006 5 5.6242
2006 6 1.9267
2006 7 2.4226
2006 8 3.4323
2006 9 4.6733
2006 10 7.7
2006 11 9.0367
2006 12 9.5968
2007 1 11.121
2007 2 10.2357
2007 3 9.3177
2007 4 6.41
2007 5 3.5903
2007 6 2.335
2007 7 1.7161
2007 8 3.6629
2007 9 5.3883
2007 10 6.4903
2007 11 8.0117
2007 12 10.4758
2008 1 11.9258
2008 2 11.6776
2008 3 10.7968
2008 4 6.3667
2008 5 3.5661
2008 6 2.0633
2008 7 1.9855
2008 8 1.2387
2008 9 6.2383
2008 10 7.5258
2008 11 8.6617
2008 12 11.3968
2009 1 11.6323
2009 2 10.8464
2009 3 9.6306
2009 4 6.7117
2009 5 3.6758
2009 6 3.4767
2009 7 2.4903
2009 8 2.9258
2009 9 5.77
2009 10 5.8081
2009 11 5.9483
2009 12 9.8871
2010 1 10.6145
2010 2 9.1321
2010 3 9.1581
2010 4 6.895
2010 5 5.3355
2010 6 1.5283
2010 7 0.8484
2010 8 2.7903
2010 9 5.0367
2010 10 7.7581
2010 11 8.9317
2010 12 9.0468
2011 1 10.4903
2011 2 11.4571
2011 3 9.3919
2011 4 5.9183
2011 5 4.9452
2011 6 2.3233
2011 7 1.8097
2011 8 2.1758
2011 9 4.1483
2011 10 7.25
2011 11 8.965
2011 12 11.7435
2012 1 11.729
2012 2 8.4328
2012 3 10.2774
2012 4 6.0383
2012 5 2.9968
2012 6 1.3
2012 7 1.85
2012 8 3.9371
2012 9 5.4467
2012 10 7.121
2012 11 9.03
2012 12 8.5677
2013 1 12.8887
2013 2 11.0839
2013 3 9.8306
2013 4 8.5083
2013 5 4.8145
2013 6 3.3517
2013 7 3.5032
2013 8 1.9645
2013 9 4.6883
2013 10 7.4452
2013 11 7.9567
2013 12 9.2016
2014 1 9.4323
2014 2 10.8536
2014 3 8.729
2014 4 6.7567
2014 5 4.2968
2014 6 2.3583
2014 7 1.6952
2014 8 3.4339
2014 9 4.8333
2014 10 6.8984
2014 11 8.445
2014 12 10.0484
2015 1 10.6147
2015 2 11.0179
2015 3 9.8387
2015 4 6.5783
2015 5 4.2548
2015 6 2.5083
2015 7 1.5774
2015 8 2.6855
2015 9 4.1783
2015 10 6.571
2015 11 8.3
2015 12 9.1452
2016 1 11.3468
2016 2 10.9862
2016 3 10.5161
2016 4 5.9433
2016 5 3.9548
2016 6 4.5033
2016 7 2.7435
2016 8 2.8097
2016 9 6.3433
2016 10 7.4548
2016 11 9.5083
2016 12 10.1129
2017 1 10.9468
2017 2 11.0589
2017 3 9.0758
2017 4 6.5383
2017 5 4.6226
2017 6 1.2667
2017 7 3.7065
2017 8 3.8113
2017 9 5.3233
2017 10 6.7242
2017 11 9.0283
2017 12 9.6774
2018 1 11.8919
2018 2 11.3875
2018 3 8.4694
2018 4 5.8783
2018 5 4.3468
2018 6 1.5783
2018 7 0.8645
2018 8 3.7065
2018 9 4.005
2018 10 6.2177
2018 11 9.0567
2018 12 10.9968
2019 1 10.3516
2019 2 10.7
2019 3 9.95
2019 4 6.83
2019 5 4.6887
2019 6 2.5083
2019 7 2.9629
2019 8 2.7758
2019 9 4.9917
2019 10 6.8468
2019 11 8.3717
2019 12 11.1532
2020 1 11.5677
2020 2 11.7121
2020 3 10.529
2020 4 7.8583
2020 5 4.9694
2020 6 1.975
2020 7 -0.179
2020 8 2.5048
2020 9 5.1267
2020 10 7.1226
2020 11 10.07
2020 12 10.829
2021 1 11.0419
2021 2 12.7
2021 3 9.9952
2021 4 7.47
2021 5 4.8452
2021 6 2.8267
2021 7 3.221
2021 8 4.0403
2021 9 6.125
2021 10 7.6065
2021 11 9.1383
2021 12 11.529
2022 1 10.7403
2022 2 10.6589
2022 3 8.8065
2022 4 6.0317
2022 5 5.0355
2022 6 3.4817
2022 7 0.6161
2022 8 3.6032
2022 9 5.4883
2022 10 7.5952
2022 11 10.4967
2022 12 9.7984
2023 1 11.6952
2023 2 10.4911
2023 3 7.8468
2023 4 6.55
2023 5 5.2065
2023 6 2.7667
2023 7 0.3177
2023 8 2.3726
2023 9 4.4383
2023 10 6.9226
2023 11 7.6783
2023 12 10.0032
2024 1 11.9629
2024 2 12.0638
2024 3 7.2984
2024 4 5.5117
2024 5 2.3742
2024 6 -1.3717
2024 7 2.2919
2024 8 2.5339
2024 9 2.6517
2024 10 6.4726
2024 11 7.475
2024 12 9.1758
2025 1 10.5226
2025 2 8.8518
2025 3 7.6016
2025 4 5.5783
2025 5 2.8371
2025 6 2.485
