1981 1 19.7806
1981 2 20.3268
1981 3 18.3258
1981 4 15.4467
1981 5 12.7484
1981 6 8.8
1981 7 8.171
1981 8 10.4516
1981 9 11.6283
1981 10 13.371
1981 11 16.5533
1981 12 18.8597
1982 1 19.9935
1982 2 19.5089
1982 3 18.2484
1982 4 14.6117
1982 5 10.8758
1982 6 9.6267
1982 7 9.4774
1982 8 10.5532
1982 9 12.53
1982 10 13.8677
1982 11 15.9683
1982 12 19.9887
1983 1 20.8387
1983 2 20.875
1983 3 18.1403
1983 4 15.2783
1983 5 10.5194
1983 6 6.8633
1983 7 7.4065
1983 8 9.2242
1983 9 10.2917
1983 10 15.2452
1983 11 18.0333
1983 12 19.9371
1984 1 20.9065
1984 2 19.1862
1984 3 17.9839
1984 4 14.6867
1984 5 9.15
1984 6 7.8367
1984 7 8.6371
1984 8 8.7887
1984 9 12.4533
1984 10 15.2484
1984 11 16.025
1984 12 19.1355
1985 1 20.2919
1985 2 20.2607
1985 3 17.9806
1985 4 13.9433
1985 5 11.5597
1985 6 10.4183
1985 7 8.4419
1985 8 9.0113
1985 9 12.7417
1985 10 14.7806
1985 11 17.835
1985 12 19.3581
1986 1 20.3694
1986 2 20.2964
1986 3 18.1484
1986 4 14.38
1986 5 12.6565
1986 6 9.6683
1986 7 9.6613
1986 8 10.4871
1986 9 11.9933
1986 10 16.4952
1986 11 16.47
1986 12 20.8435
1987 1 21.1758
1987 2 21.3911
1987 3 19.7823
1987 4 15.3817
1987 5 10.7355
1987 6 10.2783
1987 7 9.0032
1987 8 10.0161
1987 9 11.9017
1987 10 15.2839
1987 11 18.7667
1987 12 19.9156
1988 1 20.0952
1988 2 20.9448
1988 3 18.6871
1988 4 15.42
1988 5 10.3403
1988 6 8.6833
1988 7 8.3
1988 8 9.8371
1988 9 11.095
1988 10 15.3
1988 11 18.395
1988 12 20.0274
1989 1 21.7065
1989 2 21.7232
1989 3 17.9452
1989 4 15.3167
1989 5 10.8581
1989 6 9.1667
1989 7 8.6629
1989 8 10.3935
1989 9 11.2533
1989 10 14.5258
1989 11 17.9833
1989 12 19.9887
1990 1 20.979
1990 2 20.075
1990 3 17.7032
1990 4 14.8983
1990 5 10.9839
1990 6 9.655
1990 7 7.9
1990 8 11.1161
1990 9 12.06
1990 10 14.2468
1990 11 17.395
1990 12 19.5468
1991 1 20.2081
1991 2 20.625
1991 3 18.4823
1991 4 15.7483
1991 5 13.4645
1991 6 10.235
1991 7 8.6645
1991 8 8.4774
1991 9 13.0017
1991 10 14.0113
1991 11 17.3967
1991 12 18.7258
1992 1 21.3516
1992 2 20.1
1992 3 18.9419
1992 4 14.3667
1992 5 11.25
1992 6 8.1717
1992 7 7.0677
1992 8 10.2113
1992 9 11.9617
1992 10 15.0097
1992 11 17.1733
1992 12 19.0732
1993 1 21.271
1993 2 20.7714
1993 3 19.4613
1993 4 14.89
1993 5 9.9548
1993 6 9.78
1993 7 6.8468
1993 8 9.6355
1993 9 11.085
1993 10 14.2419
1993 11 16.5983
1993 12 19.6565
1994 1 20.7032
1994 2 19.7911
1994 3 18.4161
1994 4 15.7083
1994 5 11.6694
1994 6 10.0033
1994 7 8.4532
1994 8 8.85
1994 9 13.3583
1994 10 14.5484
1994 11 17.77
1994 12 20.3
1995 1 20.879
1995 2 19.7643
1995 3 18.2774
1995 4 15.8667
1995 5 13.2532
1995 6 10.7533
1995 7 7.7065
1995 8 8.8306
1995 9 12.4717
1995 10 14.9565
1995 11 17.4417
1995 12 20.1629
1996 1 20.0194
1996 2 20.0931
1996 3 18.8565
1996 4 13.4433
1996 5 11.0371
1996 6 8.5833
1996 7 9.9226
1996 8 10.0468
1996 9 12.365
1996 10 14.9226
1996 11 18.4833
1996 12 19.521
1997 1 21.6258
1997 2 20.6911
1997 3 19.1097
1997 4 16.6783
1997 5 12.6484
1997 6 9.895
1997 7 9.5758
1997 8 11.479
1997 9 12.865
1997 10 13.6581
1997 11 17.1117
1997 12 19.0855
1998 1 21.4823
1998 2 19.8857
1998 3 18.6048
1998 4 14.9767
1998 5 12.6048
1998 6 9.705
1998 7 8.2968
1998 8 9.8435
1998 9 11.9767
1998 10 16.6742
1998 11 17.2617
1998 12 20.5145
1999 1 20.1339
1999 2 20.8661
1999 3 17.8774
1999 4 14.8567
1999 5 12.0129
1999 6 9.6633
1999 7 8.1435
1999 8 10.0919
1999 9 11.5517
1999 10 14.4339
1999 11 17.235
1999 12 19.1419
2000 1 20.3694
2000 2 19.4241
2000 3 18.0407
2000 4 14.6967
2000 5 10.9903
2000 6 9.2483
2000 7 8.7468
2000 8 10.1742
2000 9 11.4267
2000 10 14.8919
2000 11 17.405
2000 12 20.1661
2001 1 20.4097
2001 2 21.5143
2001 3 18.8968
2001 4 14.6483
2001 5 10.9532
2001 6 8.635
2001 7 9.9984
2001 8 10.7403
2001 9 10.9133
2001 10 15.2355
2001 11 16.8733
2001 12 20.9581
2002 1 20.9242
2002 2 20.5071
2002 3 19.1581
2002 4 14.1667
2002 5 12.1371
2002 6 8.2017
2002 7 8.9968
2002 8 10.6629
2002 9 12.3633
2002 10 14.3403
2002 11 16.585
2002 12 19.0613
2003 1 21.3984
2003 2 20.1911
2003 3 18.7887
2003 4 14.8467
2003 5 10.9387
2003 6 11.07
2003 7 8.0887
2003 8 10.15
2003 9 12.9367
2003 10 16.35
2003 11 18.535
2003 12 18.9532
2004 1 21.0855
2004 2 20.0172
2004 3 19.3097
2004 4 15.0833
2004 5 10.3613
2004 6 9.445
2004 7 9.0694
2004 8 9.9694
2004 9 12.8
2004 10 14.679
2004 11 17.4567
2004 12 20.2016
2005 1 20.729
2005 2 21.0393
2005 3 19.05
2005 4 15.225
2005 5 10.7097
2005 6 11.2217
2005 7 9.1694
2005 8 11.3935
2005 9 11.23
2005 10 14.1403
2005 11 18.0
2005 12 19.1968
2006 1 21.6968
2006 2 20.8946
2006 3 18.0145
2006 4 15.4783
2006 5 12.7065
2006 6 10.575
2006 7 10.6452
2006 8 11.1161
2006 9 13.185
2006 10 15.079
2006 11 17.3483
2006 12 19.7161
2007 1 21.2535
2007 2 19.5821
2007 3 18.5661
2007 4 14.1433
2007 5 9.7887
2007 6 7.16
2007 7 7.85
2007 8 7.4952
2007 9 11.2917
2007 10 14.8952
2007 11 18.035
2007 12 19.4613
2008 1 21.8654
2008 2 21.3914
2008 3 19.2339
2008 4 15.8333
2008 5 12.4161
2008 6 8.7583
2008 7 9.171
2008 8 10.0565
2008 9 12.5617
2008 10 15.1806
2008 11 19.155
2008 12 20.85
2009 1 22.2585
2009 2 21.3268
2009 3 20.5161
2009 4 17.3683
2009 5 13.1919
2009 6 9.9767
2009 7 9.1258
2009 8 11.0032
2009 9 11.1083
2009 10 15.7935
2009 11 16.7717
2009 12 20.3032
2010 1 22.1915
2010 2 20.6839
2010 3 19.8952
2010 4 14.8183
2010 5 12.3532
2010 6 9.1767
2010 7 6.9145
2010 8 9.6048
2010 9 12.6067
2010 10 14.9532
2010 11 18.26
2010 12 18.8226
2011 1 21.7468
2011 2 21.2
2011 3 19.0161
2011 4 15.4
2011 5 11.9387
2011 6 8.5233
2011 7 7.871
2011 8 9.2758
2011 9 14.2083
2011 10 15.7145
2011 11 18.475
2011 12 21.3581
2012 1 21.95
2012 2 22.6552
2012 3 21.4694
2012 4 16.1283
2012 5 13.4097
2012 6 11.0367
2012 7 8.7371
2012 8 9.8274
2012 9 13.145
2012 10 14.4694
2012 11 18.7883
2012 12 20.0694
2013 1 22.1129
2013 2 22.3232
2013 3 19.2984
2013 4 15.655
2013 5 11.8968
2013 6 10.115
2013 7 8.9419
2013 8 10.0468
2013 9 12.3017
2013 10 15.7403
2013 11 18.0483
2013 12 21.1435
2014 1 22.471
2014 2 20.8036
2014 3 19.0613
2014 4 15.06
2014 5 12.829
2014 6 8.4617
2014 7 9.8565
2014 8 11.3403
2014 9 12.2667
2014 10 17.1242
2014 11 17.9283
2014 12 19.8613
2015 1 22.5645
2015 2 21.7196
2015 3 21.3726
2015 4 17.52
2015 5 13.0661
2015 6 10.225
2015 7 9.771
2015 8 12.0629
2015 9 13.4067
2015 10 14.45
2015 11 17.605
2015 12 20.9742
2016 1 22.0274
2016 2 22.4897
2016 3 19.8645
2016 4 15.14
2016 5 13.1774
2016 6 9.2467
2016 7 9.6677
2016 8 11.6258
2016 9 14.4233
2016 10 16.1355
2016 11 19.75
2016 12 20.7694
2017 1 24.3887
2017 2 22.7125
2017 3 19.8645
2017 4 16.2067
2017 5 11.6129
2017 6 8.5933
2017 7 9.0452
2017 8 9.7839
2017 9 12.645
2017 10 14.9194
2017 11 19.0833
2017 12 21.5306
2018 1 22.1081
2018 2 22.0768
2018 3 19.8823
2018 4 16.7633
2018 5 13.3419
2018 6 9.36
2018 7 9.221
2018 8 10.75
2018 9 13.5933
2018 10 15.8919
2018 11 19.8533
2018 12 21.0
2019 1 22.5758
2019 2 23.0946
2019 3 19.7177
2019 4 16.1067
2019 5 12.4129
2019 6 9.465
2019 7 9.2694
2019 8 12.029
2019 9 13.5633
2019 10 16.2532
2019 11 20.71
2019 12 22.5742
2020 1 23.4419
2020 2 22.5379
2020 3 21.0306
2020 4 17.5217
2020 5 13.8952
2020 6 8.8217
2020 7 9.6629
2020 8 10.0629
2020 9 13.65
2020 10 16.1742
2020 11 18.7117
2020 12 21.2242
2021 1 21.829
2021 2 20.6089
2021 3 19.3194
2021 4 16.0933
2021 5 12.779
2021 6 10.9033
2021 7 9.2694
2021 8 11.0113
2021 9 13.24
2021 10 16.479
2021 11 19.0867
2021 12 21.2145
2022 1 21.5048
2022 2 21.3786
2022 3 19.6726
2022 4 15.7983
2022 5 12.179
2022 6 9.1967
2022 7 8.2677
2022 8 10.4694
2022 9 12.2033
2022 10 16.1742
2022 11 19.8133
2022 12 22.471
2023 1 22.3935
2023 2 23.5018
2023 3 21.9823
2023 4 17.2117
2023 5 12.9661
2023 6 11.37
2023 7 10.7968
2023 8 11.9783
2023 9 12.505
2023 10 14.6758
2023 11 16.8967
2023 12 20.3919
2024 1 23.0919
2024 2 23.3931
2024 3 18.5758
2024 4 13.7383
2024 5 7.3935
2024 6 9.1367
2024 7 6.6661
2024 8 7.6516
2024 9 10.4283
2024 10 13.5726
2024 11 15.4983
2024 12 17.0726
2025 1 19.3339
2025 2 19.6643
2025 3 16.9177
2025 4 13.2917
2025 5 10.3056
2025 6 6.5467
