1981 1 15.5226
1981 2 13.9273
1981 3 14.1968
1981 4 13.43
1981 5 13.6984
1981 6 10.3855
1981 7 9.8661
1981 8 10.7469
1981 9 10.9545
1981 10 11.1652
1981 11 12.235
1981 12 13.745
1982 1 16.1865
1982 2 15.738
1982 3 14.8468
1982 4 12.7283
1982 5 12.5192
1982 6 11.2368
1982 7 11.5547
1982 8 11.3261
1982 9 12.71
1982 10 12.7805
1982 11 12.5483
1982 12 15.5284
1983 1 17.4108
1983 2 16.4125
1983 3 15.0
1983 4 12.9355
1983 5 11.0935
1983 6 9.4568
1983 7 9.5184
1983 8 10.971
1983 9 9.748
1983 10 11.6581
1983 11 12.9533
1983 12 15.3156
1984 1 16.5065
1984 2 15.0238
1984 3 14.7131
1984 4 11.68
1984 5 10.7371
1984 6 8.7212
1984 7 10.6994
1984 8 9.6379
1984 9 11.4967
1984 10 11.6758
1984 11 12.6483
1984 12 14.05
1985 1 16.2298
1985 2 16.2079
1985 3 14.1813
1985 4 12.253
1985 5 11.5092
1985 6 11.9952
1985 7 10.2302
1985 8 9.5832
1985 9 11.0775
1985 10 12.1952
1985 11 13.6878
1985 12 13.5711
1986 1 14.4524
1986 2 15.2398
1986 3 12.7626
1986 4 12.5158
1986 5 12.9642
1986 6 11.1027
1986 7 10.6866
1986 8 10.7597
1986 9 11.1333
1986 10 13.7435
1986 11 13.5017
1986 12 15.1823
1987 1 15.4674
1987 2 16.6377
1987 3 16.0616
1987 4 13.6967
1987 5 12.0613
1987 6 11.7395
1987 7 11.1681
1987 8 11.2984
1987 9 12.225
1987 10 12.8758
1987 11 14.035
1987 12 14.4687
1988 1 15.0079
1988 2 16.1612
1988 3 14.4295
1988 4 12.4933
1988 5 10.444
1988 6 10.7022
1988 7 9.6715
1988 8 10.3382
1988 9 9.9712
1988 10 10.8935
1988 11 12.6233
1988 12 13.6339
1989 1 15.3832
1989 2 15.0252
1989 3 13.8823
1989 4 12.4647
1989 5 12.2287
1989 6 11.154
1989 7 9.9342
1989 8 10.3603
1989 9 9.9593
1989 10 11.9439
1989 11 13.4518
1989 12 15.5805
1990 1 15.1561
1990 2 15.6788
1990 3 13.4819
1990 4 12.8705
1990 5 12.0694
1990 6 10.7145
1990 7 9.776
1990 8 11.256
1990 9 11.4717
1990 10 11.3452
1990 11 12.8017
1990 12 14.3945
1991 1 14.6565
1991 2 15.0521
1991 3 14.5242
1991 4 13.94
1991 5 13.2661
1991 6 11.865
1991 7 10.0994
1991 8 9.8235
1991 9 12.3183
1991 10 11.831
1991 11 13.595
1991 12 15.1839
1992 1 16.2487
1992 2 15.5667
1992 3 16.1347
1992 4 13.721
1992 5 12.9758
1992 6 10.4042
1992 7 8.906
1992 8 10.6985
1992 9 11.5217
1992 10 12.3774
1992 11 13.6833
1992 12 14.5823
1993 1 15.8048
1993 2 15.7555
1993 3 15.2353
1993 4 13.9885
1993 5 11.5194
1993 6 11.5852
1993 7 9.1744
1993 8 10.8276
1993 9 10.1633
1993 10 11.3548
1993 11 12.4222
1993 12 14.2823
1994 1 15.7979
1994 2 15.1946
1994 3 15.24
1994 4 12.843
1994 5 12.0032
1994 6 11.9595
1994 7 10.4942
1994 8 9.6281
1994 9 12.9557
1994 10 12.8635
1994 11 13.2417
1994 12 15.3915
1995 1 15.5218
1995 2 16.1041
1995 3 14.2032
1995 4 13.748
1995 5 12.0726
1995 6 11.745
1995 7 9.2153
1995 8 9.7727
1995 9 10.915
1995 10 11.9226
1995 11 12.7833
1995 12 15.926
1996 1 14.9871
1996 2 14.3083
1996 3 14.4798
1996 4 12.49
1996 5 11.1645
1996 6 9.6327
1996 7 10.7277
1996 8 11.1113
1996 9 11.2233
1996 10 11.8694
1996 11 13.485
1996 12 14.8468
1997 1 15.9258
1997 2 14.5804
1997 3 14.9385
1997 4 14.378
1997 5 13.6708
1997 6 12.2383
1997 7 11.4466
1997 8 11.7134
1997 9 12.18
1997 10 12.4258
1997 11 14.1383
1997 12 15.5334
1998 1 15.7502
1998 2 16.4888
1998 3 15.0519
1998 4 13.845
1998 5 13.5048
1998 6 11.65
1998 7 9.9653
1998 8 9.2998
1998 9 10.595
1998 10 11.7727
1998 11 12.75
1998 12 14.4648
1999 1 16.0898
1999 2 15.7175
1999 3 14.221
1999 4 12.5675
1999 5 12.38
1999 6 11.6283
1999 7 9.3908
1999 8 11.0642
1999 9 11.615
1999 10 12.3016
1999 11 13.4183
1999 12 14.4952
2000 1 14.421
2000 2 16.1888
2000 3 14.1226
2000 4 12.785
2000 5 12.0694
2000 6 11.58
2000 7 9.4694
2000 8 10.8658
2000 9 11.72
2000 10 12.3532
2000 11 12.905
2000 12 14.335
2001 1 15.3868
2001 2 15.6495
2001 3 14.7935
2001 4 13.7593
2001 5 11.9113
2001 6 10.4167
2001 7 10.9816
2001 8 10.979
2001 9 10.6833
2001 10 12.0935
2001 11 13.02
2001 12 15.6318
2002 1 15.8435
2002 2 16.2204
2002 3 15.4348
2002 4 13.4427
2002 5 11.9903
2002 6 9.7102
2002 7 10.0834
2002 8 11.8229
2002 9 11.6683
2002 10 12.8044
2002 11 13.06
2002 12 14.7806
2003 1 15.9163
2003 2 14.3116
2003 3 14.3963
2003 4 12.1633
2003 5 10.9861
2003 6 12.4417
2003 7 10.2403
2003 8 10.9332
2003 9 11.215
2003 10 12.9381
2003 11 13.97
2003 12 14.2403
2004 1 16.0381
2004 2 15.7547
2004 3 15.8594
2004 4 14.4353
2004 5 11.1665
2004 6 10.9633
2004 7 10.9545
2004 8 11.1129
2004 9 11.86
2004 10 12.0694
2004 11 13.535
2004 12 14.8006
2005 1 15.4226
2005 2 16.365
2005 3 15.0603
2005 4 12.1937
2005 5 11.7403
2005 6 11.7083
2005 7 10.9403
2005 8 11.6081
2005 9 10.9167
2005 10 11.7048
2005 11 13.875
2005 12 15.1758
2006 1 16.1439
2006 2 16.733
2006 3 13.6129
2006 4 13.1058
2006 5 12.0952
2006 6 12.115
2006 7 11.899
2006 8 11.7371
2006 9 12.1598
2006 10 13.0742
2006 11 13.4958
2006 12 14.7645
2007 1 16.4397
2007 2 15.915
2007 3 15.2052
2007 4 13.48
2007 5 10.6442
2007 6 8.8053
2007 7 9.0382
2007 8 7.8811
2007 9 10.0847
2007 10 11.4202
2007 11 12.6783
2007 12 13.8774
2008 1 16.0619
2008 2 16.6848
2008 3 15.0542
2008 4 12.5117
2008 5 11.3192
2008 6 10.4673
2008 7 10.8303
2008 8 10.7726
2008 9 11.3593
2008 10 11.7548
2008 11 14.0067
2008 12 16.0774
2009 1 15.6789
2009 2 15.4357
2009 3 15.0503
2009 4 13.125
2009 5 12.3542
2009 6 10.3295
2009 7 10.3479
2009 8 10.9742
2009 9 10.0352
2009 10 12.2305
2009 11 12.145
2009 12 13.7306
2010 1 15.1321
2010 2 15.1661
2010 3 15.0831
2010 4 11.8367
2010 5 11.5435
2010 6 10.9133
2010 7 8.8039
2010 8 10.404
2010 9 10.1733
2010 10 12.1161
2010 11 13.1712
2010 12 13.8048
2011 1 15.7584
2011 2 16.0736
2011 3 14.5226
2011 4 13.2085
2011 5 11.0226
2011 6 10.679
2011 7 9.0676
2011 8 10.1989
2011 9 11.9867
2011 10 11.185
2011 11 13.3467
2011 12 15.0113
2012 1 16.7577
2012 2 15.9722
2012 3 14.969
2012 4 12.7707
2012 5 12.9484
2012 6 12.1283
2012 7 9.4635
2012 8 10.1773
2012 9 11.2375
2012 10 11.7984
2012 11 13.4767
2012 12 15.0597
2013 1 16.496
2013 2 16.5225
2013 3 14.1339
2013 4 12.45
2013 5 11.721
2013 6 10.4123
2013 7 10.4244
2013 8 10.0579
2013 9 10.5523
2013 10 11.4129
2013 11 13.1557
2013 12 14.9908
2014 1 16.1208
2014 2 14.8946
2014 3 13.4613
2014 4 12.1977
2014 5 12.5355
2014 6 10.3377
2014 7 10.2326
2014 8 11.5408
2014 9 11.655
2014 10 12.6871
2014 11 12.1967
2014 12 14.1952
2015 1 15.7555
2015 2 15.4964
2015 3 15.7147
2015 4 13.9003
2015 5 11.3161
2015 6 11.263
2015 7 10.2763
2015 8 11.9516
2015 9 12.32
2015 10 12.1726
2015 11 13.4833
2015 12 14.7613
2016 1 17.5019
2016 2 15.641
2016 3 15.8334
2016 4 14.11
2016 5 13.4629
2016 6 9.6115
2016 7 10.6527
2016 8 11.3774
2016 9 11.8377
2016 10 13.0952
2016 11 14.73
2016 12 15.8023
2017 1 16.5344
2017 2 16.4473
2017 3 15.3766
2017 4 14.2933
2017 5 12.7032
2017 6 11.0567
2017 7 10.1918
2017 8 10.7806
2017 9 11.1733
2017 10 11.5226
2017 11 13.7253
2017 12 14.8548
2018 1 15.9348
2018 2 16.2139
2018 3 14.3473
2018 4 12.7983
2018 5 11.9355
2018 6 9.845
2018 7 10.0182
2018 8 10.4845
2018 9 11.8157
2018 10 12.1274
2018 11 14.0617
2018 12 15.2839
2019 1 15.2516
2019 2 16.1316
2019 3 14.215
2019 4 13.2433
2019 5 12.0584
2019 6 10.3842
2019 7 9.5429
2019 8 10.4958
2019 9 11.3777
2019 10 12.3666
2019 11 13.9055
2019 12 14.4171
2020 1 15.899
2020 2 15.195
2020 3 15.1484
2020 4 13.58
2020 5 13.0452
2020 6 10.85
2020 7 11.0435
2020 8 9.9
2020 9 11.1383
2020 10 10.9726
2020 11 13.06
2020 12 13.8177
2021 1 15.5798
2021 2 15.5777
2021 3 15.1524
2021 4 13.2483
2021 5 12.6742
2021 6 11.2167
2021 7 9.421
2021 8 10.1548
2021 9 10.7267
2021 10 11.6419
2021 11 13.0383
2021 12 15.2645
2022 1 15.1468
2022 2 15.8268
2022 3 14.1323
2022 4 12.2242
2022 5 10.5726
2022 6 10.6233
2022 7 9.3016
2022 8 10.0887
2022 9 10.4617
2022 10 11.6613
2022 11 13.9967
2022 12 15.2323
2023 1 15.921
2023 2 15.3304
2023 3 15.4516
2023 4 13.5467
2023 5 12.3274
2023 6 11.995
2023 7 11.4105
2023 8 12.1008
2023 9 11.8067
2023 10 11.5306
2023 11 12.7917
2023 12 14.6194
2024 1 16.0145
2024 2 16.9776
2024 3 12.7016
2024 4 10.22
2024 5 6.8895
2024 6 10.1817
2024 7 6.1024
2024 8 7.4121
2024 9 7.7417
2024 10 10.85
2024 11 11.235
2024 12 12.7839
2025 1 14.1484
2025 2 13.2571
2025 3 13.9879
2025 4 11.0283
2025 5 9.7516
2025 6 7.1533
