1991 1 34.1
1991 2 33.7
1991 3 32.3
1991 4 29.2
1991 5 27.7
1991 6 26.2
1991 7 26.5
1991 8 24.7
1991 9 25.6
1991 10 25.5
1991 11 27.9
1991 12 31.7
1992 1 34.5
1992 2 34.6
1992 3 35.1
1992 4 32.3
1992 5 29.3
1992 6 27.9
1992 7 26.0
1992 8 24.3
1992 9 25.3
1992 10 26.2
1992 11 28.1
1992 12 30.9
1993 1 33.9
1993 2 33.6
1993 3 32.8
1993 4 30.6
1993 5 28.3
1993 6 27.7
1993 7 25.7
1993 8 25.1
1993 9 24.6
1993 10 25.9
1993 11 28.1
1993 12 31.1
1994 1 34.3
1994 2 33.7
1994 3 33.0
1994 4 30.1
1994 5 28.0
1994 6 26.1
1994 7 25.3
1994 8 25.7
1994 9 25.4
1994 10 26.2
1994 11 28.3
1994 12 31.7
1995 1 34.4
1995 2 34.1
1995 3 32.6
1995 4 29.7
1995 5 26.8
1995 6 27.0
1995 7 25.0
1995 8 24.4
1995 9 24.8
1995 10 25.8
1995 11 28.0
1995 12 31.3
1996 1 34.0
1996 2 33.7
1996 3 33.2
1996 4 29.6
1996 5 26.9
1996 6 26.0
1996 7 24.7
1996 8 24.1
1996 9 23.8
1996 10 25.7
1996 11 27.9
1996 12 31.2
1997 1 35.0
1997 2 35.2
1997 3 33.9
1997 4 30.3
1997 5 30.8
1997 6 27.7
1997 7 27.7
1997 8 26.1
1997 9 26.3
1997 10 27.6
1997 11 29.2
1997 12 32.5
1998 1 36.9
1998 2 36.9
1998 3 36.0
1998 4 32.2
1998 5 30.5
1998 6 28.3
1998 7 26.2
1998 8 25.5
1998 9 25.3
1998 10 27.0
1998 11 28.5
1998 12 32.4
1999 1 34.4
1999 2 35.5
1999 3 34.5
1999 4 29.7
1999 5 28.5
1999 6 25.8
1999 7 25.8
1999 8 25.3
1999 9 24.9
1999 10 26.4
1999 11 27.1
1999 12 31.1
2000 1 35.3
2000 2 35.0
2000 3 34.1
2000 4 31.8
2000 5 29.0
2000 6 26.2
2000 7 26.1
2000 8 26.0
2000 9 26.1
2000 10 26.4
2000 11 28.9
2000 12 33.0
2001 1 35.6
2001 2 34.7
2001 3 34.6
2001 4 31.1
2001 5 28.2
2001 6 26.7
2001 7 25.9
2001 8 25.8
2001 9 25.5
2001 10 26.8
2001 11 29.7
2001 12 33.3
2002 1 34.6
2002 2 35.6
2002 3 35.2
2002 4 31.2
2002 5 30.4
2002 6 27.2
2002 7 26.2
2002 8 25.3
2002 9 25.6
2002 10 27.1
2002 11 28.8
2002 12 32.2
2003 1 34.6
2003 2 35.8
2003 3 34.5
2003 4 30.2
2003 5 28.3
2003 6 26.3
2003 7 25.8
2003 8 25.6
2003 9 25.3
2003 10 27.8
2003 11 29.3
2003 12 32.0
2004 1 35.4
2004 2 34.8
2004 3 34.2
2004 4 31.5
2004 5 28.3
2004 6 26.8
2004 7 26.1
2004 8 26.2
2004 9 25.9
2004 10 27.5
2004 11 29.5
2004 12 32.9
2005 1 35.0
2005 2 35.3
2005 3 34.0
2005 4 31.1
2005 5 29.0
2005 6 26.0
2005 7 26.6
2005 8 26.3
2005 9 24.4
2005 10 26.2
2005 11 29.3
2005 12 32.7
2006 1 35.6
2006 2 35.8
2006 3 34.5
2006 4 31.0
2006 5 29.0
2006 6 27.0
2006 7 26.5
2006 8 25.6
2006 9 26.8
2006 10 28.4
2006 11 29.5
2006 12 33.1
2007 1 35.2
2007 2 35.2
2007 3 34.0
2007 4 31.2
2007 5 26.9
2007 6 26.4
2007 7 24.8
2007 8 24.1
2007 9 24.0
2007 10 25.9
2007 11 28.6
2007 12 31.6
2008 1 35.5
2008 2 35.3
2008 3 34.4
2008 4 30.2
2008 5 27.4
2008 6 27.1
2008 7 26.6
2008 8 26.0
2008 9 25.8
2008 10 26.9
2008 11 29.3
2008 12 32.4
2009 1 35.0
2009 2 35.9
2009 3 34.8
2009 4 32.3
2009 5 29.8
2009 6 27.6
2009 7 27.0
2009 8 25.9
2009 9 25.7
2009 10 27.0
2009 11 30.1
2009 12 33.2
2010 1 35.5
2010 2 36.7
2010 3 34.8
2010 4 32.2
2010 5 29.8
2010 6 27.2
2010 7 25.5
2010 8 25.3
2010 9 25.5
2010 10 26.5
2010 11 28.7
2010 12 31.9
2011 1 34.5
2011 2 35.6
2011 3 33.7
2011 4 31.2
2011 5 28.9
2011 6 28.1
2011 7 26.7
2011 8 25.7
2011 9 25.6
2011 10 26.4
2011 11 29.2
2011 12 32.4
2012 1 34.8
2012 2 36.0
2012 3 35.1
2012 4 32.0
2012 5 29.5
2012 6 28.5
2012 7 27.1
2012 8 26.1
2012 9 26.7
2012 10 27.3
2012 11 29.6
2012 12 32.7
2013 1 35.0
2013 2 36.2
2013 3 34.2
2013 4 30.3
2013 5 29.2
2013 6 27.3
2013 7 26.5
2013 8 26.1
2013 9 26.2
2013 10 27.1
2013 11 29.4
2013 12 33.0
2014 1 30.0
2014 2 31.2
2014 3 30.4
2014 4 28.3
2014 5 25.9
2014 6 25.2
2014 7 23.8
2014 8 24.2
2014 9 24.0
2014 10 25.7
2014 11 27.7
2014 12 29.5
2015 1 30.6
2015 2 34.0
2015 3 33.4
2015 4 30.9
2015 5 27.4
2015 6 26.2
2015 7 24.7
2015 8 25.2
2015 9 25.8
2015 10 26.3
2015 11 27.7
2015 12 33.4
2016 1 32.9
2016 2 32.7
2016 3 29.8
2016 4 33.7
2016 5 26.9
2016 6 23.7
2016 7 24.8
2016 8 25.4
2016 9 25.4
2016 10 26.4
2016 11 28.1
2016 12 27.6
2017 1 33.0
2017 2 32.6
2017 3 30.8
2017 4 26.6
2017 5 25.5
2017 6 25.3
2017 7 24.7
2017 8 24.7
2017 9 24.3
2017 10 25.2
2017 11 26.6
2017 12 33.2
2018 1 30.7
2018 2 34.2
2018 3 28.5
2018 4 26.9
2018 5 25.0
2018 6 23.3
2018 7 25.0
2018 8 24.3
2018 9 24.9
2018 10 26.4
2018 11 28.3
2018 12 29.9
2019 1 32.8
2019 2 31.0
2019 3 31.4
2019 4 28.3
2019 5 27.0
2019 6 24.9
2019 7 25.0
2019 8 24.6
2019 9 24.4
2019 10 25.2
2019 11 30.0
2019 12 30.3
2020 1 33.5
2020 2 34.4
2020 3 32.2
2020 4 29.6
2020 5 27.7
2020 6 26.2
2020 7 24.7
2020 8 23.3
2020 9 23.4
2020 10 25.1
2020 11 25.5
2020 12 28.7
2021 1 31.7
2021 2 32.1
2021 3 31.1
2021 4 28.5
2021 5 27.3
2021 6 21.8
2021 7 25.0
2021 8 24.4
2021 9 24.3
2021 10 24.7
2021 11 26.5
2021 12 29.8
2022 1 31.5
2022 2 31.2
2022 3 30.3
2022 4 27.3
2022 5 26.1
2022 6 24.8
2022 7 25.5
2022 8 23.7
2022 9 23.6
2022 10 24.6
2022 11 27.4
2022 12 30.8
2023 1 32.5
2023 2 33.4
2023 3 32.7
2023 4 31.0
2023 5 29.0
2023 6 28.1
2023 7 27.8
2023 8 27.7
2023 9 26.8
2023 10 27.4
2023 11 28.5
2023 12 31.5
2024 1 34.2
2024 2 35.2
2024 3 33.5
2024 4 30.9
2024 5 27.8
2024 6 26.8
2024 7 25.5
2024 8 24.9
2024 9 25.4
2024 10 26.6
2024 11 28.5
2024 12 30.4
2025 1 33.2
2025 2 37.9
2025 3 32.7
2025 4 29.8
2025 5 28.4
2025 6 26.5
