1981 1 19.4177
1981 2 20.5571
1981 3 18.9742
1981 4 16.99
1981 5 15.9645
1981 6 12.5333
1981 7 12.3274
1981 8 12.9306
1981 9 13.705
1981 10 14.8113
1981 11 16.5367
1981 12 17.5161
1982 1 20.0629
1982 2 19.6196
1982 3 18.8661
1982 4 16.5183
1982 5 15.421
1982 6 14.1883
1982 7 14.1048
1982 8 12.9984
1982 9 15.1867
1982 10 16.1145
1982 11 17.13
1982 12 18.9161
1983 1 21.6484
1983 2 21.5482
1983 3 20.2048
1983 4 18.115
1983 5 15.821
1983 6 13.885
1983 7 13.2726
1983 8 13.8032
1983 9 14.395
1983 10 14.5839
1983 11 16.64
1983 12 18.4855
1984 1 20.3597
1984 2 19.3655
1984 3 18.2952
1984 4 15.9117
1984 5 13.2065
1984 6 11.975
1984 7 12.6403
1984 8 12.7694
1984 9 13.8133
1984 10 15.3387
1984 11 16.3
1984 12 18.2758
1985 1 19.9452
1985 2 19.9161
1985 3 18.7032
1985 4 15.515
1985 5 13.4677
1985 6 12.695
1985 7 11.8629
1985 8 11.9565
1985 9 12.9867
1985 10 14.6774
1985 11 15.9417
1985 12 17.871
1986 1 19.4565
1986 2 20.3893
1986 3 18.0145
1986 4 16.0017
1986 5 15.3887
1986 6 13.6167
1986 7 11.9113
1986 8 13.1323
1986 9 13.0583
1986 10 15.579
1986 11 16.0733
1986 12 18.7516
1987 1 19.9161
1987 2 20.4857
1987 3 19.5387
1987 4 17.0467
1987 5 14.5774
1987 6 13.06
1987 7 13.75
1987 8 14.3016
1987 9 13.8283
1987 10 15.5919
1987 11 17.2367
1987 12 17.9952
1988 1 19.3887
1988 2 20.3879
1988 3 18.3677
1988 4 16.96
1988 5 14.0565
1988 6 12.5167
1988 7 11.0839
1988 8 13.3113
1988 9 13.0533
1988 10 13.929
1988 11 15.6433
1988 12 17.2081
1989 1 19.9823
1989 2 20.4054
1989 3 17.8194
1989 4 15.6967
1989 5 13.4
1989 6 13.1817
1989 7 12.3516
1989 8 13.6435
1989 9 13.0367
1989 10 14.4919
1989 11 16.4217
1989 12 18.3548
1990 1 19.7274
1990 2 19.0607
1990 3 17.6161
1990 4 16.18
1990 5 14.8452
1990 6 12.5217
1990 7 12.7306
1990 8 12.8823
1990 9 14.26
1990 10 14.0274
1990 11 16.0867
1990 12 17.8161
1991 1 19.6468
1991 2 19.3125
1991 3 18.6323
1991 4 16.725
1991 5 16.2145
1991 6 13.9
1991 7 13.0919
1991 8 12.2403
1991 9 14.5017
1991 10 14.3984
1991 11 16.2667
1991 12 17.5419
1992 1 19.821
1992 2 20.1259
1992 3 19.4194
1992 4 16.7717
1992 5 15.4194
1992 6 13.235
1992 7 11.9516
1992 8 12.2613
1992 9 13.8633
1992 10 15.1048
1992 11 16.715
1992 12 17.8339
1993 1 20.4355
1993 2 19.0286
1993 3 17.9581
1993 4 17.235
1993 5 14.7355
1993 6 13.2
1993 7 11.7097
1993 8 13.2903
1993 9 13.435
1993 10 14.7177
1993 11 16.0867
1993 12 17.779
1994 1 19.8306
1994 2 19.3429
1994 3 18.5032
1994 4 16.11
1994 5 14.4194
1994 6 12.45
1994 7 12.3694
1994 8 13.0661
1994 9 14.8267
1994 10 15.3823
1994 11 17.035
1994 12 18.4484
1995 1 19.7048
1995 2 19.4857
1995 3 18.3742
1995 4 16.08
1995 5 15.0145
1995 6 14.4383
1995 7 12.1516
1995 8 11.6532
1995 9 13.8333
1995 10 14.5016
1995 11 16.515
1995 12 17.6419
1996 1 18.9726
1996 2 19.4966
1996 3 18.1823
1996 4 16.1583
1996 5 13.7097
1996 6 11.07
1996 7 12.4758
1996 8 12.9468
1996 9 13.545
1996 10 14.45
1996 11 16.6417
1996 12 17.7677
1997 1 20.6387
1997 2 20.4161
1997 3 19.1097
1997 4 17.2417
1997 5 16.9694
1997 6 15.3867
1997 7 13.5274
1997 8 15.2145
1997 9 15.2683
1997 10 15.3403
1997 11 17.2633
1997 12 19.6935
1998 1 21.9806
1998 2 20.9518
1998 3 19.5597
1998 4 17.045
1998 5 15.1403
1998 6 13.7617
1998 7 12.5161
1998 8 12.7419
1998 9 13.3533
1998 10 14.6806
1998 11 16.715
1998 12 17.7177
1999 1 18.8952
1999 2 20.975
1999 3 17.9968
1999 4 15.59
1999 5 14.7694
1999 6 13.4767
1999 7 11.371
1999 8 13.1129
1999 9 13.9383
1999 10 14.8355
1999 11 16.9167
1999 12 17.7952
2000 1 19.8726
2000 2 19.7931
2000 3 18.1065
2000 4 16.3033
2000 5 14.1516
2000 6 13.7533
2000 7 12.7226
2000 8 13.0516
2000 9 14.155
2000 10 14.6387
2000 11 16.3317
2000 12 18.6516
2001 1 20.1823
2001 2 21.2839
2001 3 19.0097
2001 4 16.8233
2001 5 14.3484
2001 6 12.255
2001 7 12.8339
2001 8 13.6403
2001 9 12.9583
2001 10 15.3984
2001 11 16.39
2001 12 18.4435
2002 1 20.0629
2002 2 20.5464
2002 3 19.5952
2002 4 16.2617
2002 5 15.321
2002 6 12.1133
2002 7 13.2677
2002 8 13.5016
2002 9 13.995
2002 10 15.3855
2002 11 16.2433
2002 12 17.7306
2003 1 19.7855
2003 2 20.1518
2003 3 18.4355
2003 4 16.0083
2003 5 14.1339
2003 6 13.66
2003 7 12.2726
2003 8 13.15
2003 9 13.7517
2003 10 15.7129
2003 11 17.2267
2003 12 17.0355
2004 1 19.9726
2004 2 19.7983
2004 3 18.65
2004 4 17.1217
2004 5 13.7161
2004 6 13.3183
2004 7 13.0629
2004 8 13.1274
2004 9 14.1467
2004 10 14.5984
2004 11 16.3133
2004 12 17.7371
2005 1 19.721
2005 2 19.2161
2005 3 19.1097
2005 4 15.9967
2005 5 13.9903
2005 6 13.775
2005 7 12.6242
2005 8 13.5323
2005 9 13.7467
2005 10 14.6806
2005 11 16.2
2005 12 18.0806
2006 1 19.9565
2006 2 20.5591
2006 3 18.3145
2006 4 15.6117
2006 5 14.9452
2006 6 13.2767
2006 7 14.3048
2006 8 13.1403
2006 9 14.56
2006 10 16.0226
2006 11 16.565
2006 12 17.7694
2007 1 20.2355
2007 2 19.9161
2007 3 17.9726
2007 4 15.92
2007 5 14.05
2007 6 11.9567
2007 7 11.6484
2007 8 11.6048
2007 9 12.2133
2007 10 14.2323
2007 11 15.8867
2007 12 17.371
2008 1 20.2258
2008 2 19.669
2008 3 19.0871
2008 4 15.6983
2008 5 13.6
2008 6 12.46
2008 7 12.5887
2008 8 13.2565
2008 9 13.5733
2008 10 14.8758
2008 11 16.655
2008 12 18.3306
2009 1 18.9387
2009 2 19.3607
2009 3 18.9161
2009 4 17.5317
2009 5 15.579
2009 6 12.8767
2009 7 12.0677
2009 8 13.1129
2009 9 13.5017
2009 10 14.471
2009 11 16.0483
2009 12 17.5758
2010 1 19.0355
2010 2 18.975
2010 3 18.3742
2010 4 15.5233
2010 5 14.821
2010 6 12.7633
2010 7 11.2629
2010 8 12.2726
2010 9 12.9433
2010 10 14.6016
2010 11 16.3333
2010 12 17.0194
2011 1 19.1048
2011 2 19.8536
2011 3 18.5548
2011 4 15.97
2011 5 13.8403
2011 6 13.53
2011 7 12.2373
2011 8 12.7484
2011 9 13.6333
2011 10 14.6935
2011 11 16.1733
2011 12 18.6452
2012 1 20.0048
2012 2 20.3586
2012 3 18.621
2012 4 17.3517
2012 5 15.0823
2012 6 13.9033
2012 7 11.9452
2012 8 12.9145
2012 9 14.0
2012 10 14.329
2012 11 16.285
2012 12 18.1903
2013 1 19.8597
2013 2 20.2768
2013 3 17.4855
2013 4 15.9417
2013 5 15.071
2013 6 12.815
2013 7 12.3887
2013 8 13.5145
2013 9 13.6833
2013 10 14.4435
2013 11 16.3811
2013 12 18.7032
2014 1 20.6258
2014 2 18.9946
2014 3 17.2855
2014 4 16.1533
2014 5 14.6548
2014 6 12.3383
2014 7 12.321
2014 8 13.0694
2014 9 13.8517
2014 10 15.2177
2014 11 16.01
2014 12 16.911
2015 1 18.7065
2015 2 19.7857
2015 3 20.1113
2015 4 17.75
2015 5 14.8866
2015 6 13.5765
2015 7 13.3919
2015 8 14.0502
2015 9 14.8237
2015 10 15.8565
2015 11 16.7828
2015 12 18.0355
2016 1 20.429
2016 2 21.0219
2016 3 19.3726
2016 4 17.1517
2016 5 15.8581
2016 6 13.709
2016 7 13.3129
2016 8 13.7103
2016 9 14.2317
2016 10 15.8323
2016 11 17.9817
2016 12 19.6919
2017 1 21.5161
2017 2 21.3351
2017 3 19.5355
2017 4 17.07
2017 5 15.571
2017 6 14.1083
2017 7 13.0984
2017 8 13.5887
2017 9 13.9267
2017 10 14.45
2017 11 16.5333
2017 12 18.5613
2018 1 19.4258
2018 2 20.5125
2018 3 17.9161
2018 4 16.51
2018 5 14.4774
2018 6 12.6617
2018 7 12.3968
2018 8 12.9161
2018 9 15.3409
2018 10 15.0016
2018 11 17.0033
2018 12 18.0435
2019 1 19.8129
2019 2 20.55
2019 3 18.5387
2019 4 16.5933
2019 5 14.0145
2019 6 12.995
2019 7 12.6065
2019 8 13.6629
2019 9 13.625
2019 10 15.1242
2019 11 17.5717
2019 12 17.9452
2020 1 20.6871
2020 2 20.0741
2020 3 18.9742
2020 4 17.8233
2020 5 15.7258
2020 6 13.89
2020 7 12.821
2020 8 12.9355
2020 9 14.1067
2020 10 14.6016
2020 11 15.9717
2020 12 17.5758
2021 1 19.0
2021 2 19.1464
2021 3 18.6355
2021 4 16.695
2021 5 14.6742
2021 6 12.9633
2021 7 11.7194
2021 8 12.9355
2021 9 13.445
2021 10 14.7129
2021 11 16.0083
2021 12 17.5887
2022 1 19.7367
2022 2 20.0393
2022 3 18.9573
2022 4 15.9508
2022 5 14.2016
2022 6 12.7233
2022 7 12.121
2022 8 12.6258
2022 9 13.2283
2022 10 14.8306
2022 11 16.1317
2022 12 18.9371
2023 1 19.1468
2023 2 20.7036
2023 3 20.3371
2023 4 17.5433
2023 5 14.7
2023 6 14.19
2023 7 14.3306
2023 8 15.5091
2023 9 15.1917
2023 10 15.5065
2023 11 16.47
2023 12 17.7613
2024 1 19.5548
2024 2 20.7828
2024 3 17.4387
2024 4 14.6262
2024 5 10.8371
2024 6 11.5617
2024 7 10.523
2024 8 10.271
2024 9 11.0613
2024 10 12.6774
2024 11 14.0875
2024 12 14.4565
2025 1 16.8
2025 2 17.8464
2025 3 16.6629
2025 4 13.8725
2025 5 12.2613
2025 6 11.0058
