1991 1 11.9
1991 2 12.3
1991 3 10.7
1991 4 8.5
1991 5 6.1
1991 6 4.0
1991 7 2.1
1991 8 2.7
1991 9 5.9
1991 10 6.7
1991 11 9.9
1991 12 8.8
1992 1 13.5
1992 2 10.8
1992 3 11.2
1992 4 7.6
1992 5 4.2
1992 6 2.6
1992 7 1.4
1992 8 4.6
1992 9 5.7
1992 10 6.4
1992 11 10.4
1992 12 10.3
1993 1 11.9
1993 2 12.8
1993 3 10.8
1993 4 8.0
1993 5 5.1
1993 6 3.8
1993 7 3.0
1993 8 5.5
1993 9 6.2
1993 10 8.0
1993 11 8.9
1993 12 10.9
1994 1 12.9
1994 2 11.3
1994 3 11.2
1994 4 7.4
1994 5 6.9
1994 6 5.3
1994 7 3.3
1994 8 4.2
1994 9 5.3
1994 10 7.3
1994 11 9.1
1994 12 11.4
1995 1 11.1
1995 2 11.2
1995 3 9.7
1995 4 8.4
1995 5 6.2
1995 6 2.8
1995 7 1.4
1995 8 1.9
1995 9 4.8
1995 10 6.9
1995 11 9.2
1995 12 13.5
1996 1 10.7
1996 2 11.0
1996 3 10.5
1996 4 6.8
1996 5 6.4
1996 6 1.5
1996 7 4.1
1996 8 4.6
1996 9 6.4
1996 10 7.5
1996 11 9.1
1996 12 10.3
1997 1 11.8
1997 2 10.0
1997 3 11.2
1997 4 9.1
1997 5 6.3
1997 6 4.4
1997 7 3.7
1997 8 4.0
1997 9 4.9
1997 10 6.2
1997 11 8.7
1997 12 10.5
1998 1 11.2
1998 2 13.1
1998 3 10.1
1998 4 8.0
1998 5 7.9
1998 6 4.7
1998 7 5.4
1998 8 4.8
1998 9 4.2
1998 10 6.8
1998 11 9.4
1998 12 11.4
1999 1 13.8
1999 2 12.3
1999 3 9.6
1999 4 7.3
1999 5 5.1
1999 6 1.8
1999 7 2.3
1999 8 4.5
1999 9 5.9
1999 10 8.4
1999 11 10.1
1999 12 11.0
2000 1 12.3
2000 2 10.8
2000 3 8.8
2000 4 8.0
2000 5 5.4
2000 6 3.4
2000 7 1.7
2000 8 3.5
2000 9 3.5
2000 10 7.6
2000 11 8.0
2000 12 9.9
2001 1 10.8
2001 2 11.8
2001 3 9.2
2001 4 7.2
2001 5 5.0
2001 6 3.7
2001 7 1.5
2001 8 4.5
2001 9 5.7
2001 10 8.2
2001 11 8.2
2001 12 12.5
2002 1 12.3
2002 2 12.7
2002 3 8.3
2002 4 7.2
2002 5 5.4
2002 6 1.3
2002 7 4.2
2002 8 4.1
2002 9 5.1
2002 10 6.3
2002 11 8.2
2002 12 10.8
2003 1 11.5
2003 2 10.8
2003 3 11.3
2003 4 6.7
2003 5 6.3
2003 6 4.4
2003 7 3.5
2003 8 4.4
2003 9 5.5
2003 10 7.2
2003 11 8.8
2003 12 8.7
2004 1 13.2
2004 2 13.5
2004 3 11.2
2004 4 7.4
2004 5 5.0
2004 6 5.7
2004 7 2.8
2004 8 4.1
2004 9 5.5
2004 10 7.3
2004 11 9.5
2004 12 10.9
2005 1 11.1
2005 2 14.4
2005 3 9.7
2005 4 7.0
2005 5 4.5
2005 6 2.6
2005 7 3.4
2005 8 2.6
2005 9 5.1
2005 10 6.7
2005 11 9.3
2005 12 11.4
2006 1 11.7
2006 2 12.9
2006 3 9.7
2006 4 8.4
2006 5 5.1
2006 6 4.2
2006 7 3.2
2006 8 3.2
2006 9 5.2
2006 10 6.5
2006 11 8.5
2006 12 9.8
2007 1 12.0
2007 2 11.0
2007 3 10.2
2007 4 7.9
2007 5 4.0
2007 6 2.6
2007 7 1.9
2007 8 1.5
2007 9 5.4
2007 10 6.9
2007 11 8.3
2007 12 11.4
2008 1 13.6
2008 2 14.1
2008 3 11.2
2008 4 7.2
2008 5 4.7
2008 6 4.1
2008 7 3.8
2008 8 2.9
2008 9 4.8
2008 10 7.4
2008 11 10.2
2008 12 13.1
2009 1 12.7
2009 2 12.3
2009 3 10.7
2009 4 9.0
2009 5 5.6
2009 6 3.5
2009 7 3.1
2009 8 4.7
2009 9 4.6
2009 10 6.0
2009 11 6.6
2009 12 9.7
2010 1 11.0
2010 2 10.2
2010 3 11.3
2010 4 7.3
2010 5 5.2
2010 6 4.4
2010 7 2.2
2010 8 2.0
2010 9 5.2
2010 10 7.3
2010 11 8.9
2010 12 10.2
2011 1 12.3
2011 2 12.8
2011 3 9.7
2011 4 7.8
2011 5 5.8
2011 6 3.7
2011 7 2.9
2011 8 2.7
2011 9 5.7
2011 10 6.9
2011 11 9.7
2011 12 12.6
2012 1 14.1
2012 2 11.0
2012 3 10.7
2012 4 7.4
2012 5 6.0
2012 6 3.1
2012 7 2.7
2012 8 3.9
2012 9 6.1
2012 10 7.2
2012 11 10.3
2012 12 9.5
2013 1 14.8
2013 2 12.5
2013 3 9.7
2013 4 9.1
2013 5 6.7
2013 6 5.2
2013 7 3.0
2013 8 3.1
2013 9 4.3
2013 10 8.0
2013 11 9.3
2013 12 12.4
2014 1 12.1
2014 2 12.3
2014 3 10.0
2014 4 7.7
2014 5 6.3
2014 6 4.3
2014 7 4.0
2014 8 5.9
2014 9 6.0
2014 10 7.8
2014 11 9.2
2014 12 11.5
2015 1 13.6
2015 2 13.2
2015 3 11.5
2015 4 9.0
2015 5 7.5
2015 6 5.1
2015 7 4.6
2015 8 4.9
2015 9 5.0
2015 10 6.5
2015 11 10.3
2015 12 11.2
2016 1 14.0
2016 2 12.8
2016 3 12.6
2016 4 6.4
2016 5 6.5
2016 6 4.2
2016 7 3.7
2016 8 5.7
2016 9 7.4
2016 10 8.5
2016 11 11.0
2016 12 12.0
2017 1 12.8
2017 2 14.2
2017 3 11.0
2017 4 9.4
2017 5 6.3
2017 6 3.4
2017 7 3.9
2017 8 4.5
2017 9 5.6
2017 10 6.8
2017 11 9.7
2017 12 11.4
2018 1 12.9
2018 2 14.2
2018 3 10.0
2018 4 7.9
2018 5 6.5
2018 6 2.7
2018 7 2.1
2018 8 4.9
2018 9 5.8
2018 10 6.9
2018 11 9.2
2018 12 12.1
2019 1 11.1
2019 2 13.1
2019 3 10.0
2019 4 8.9
2019 5 6.1
2019 6 4.4
2019 7 4.5
2019 8 4.7
2019 9 5.5
2019 10 7.0
2019 11 9.6
2019 12 11.4
2020 1 13.2
2020 2 12.3
2020 3 12.7
2020 4 9.2
2020 5 7.1
2020 6 4.4
2020 7 2.2
2020 8 4.9
2020 9 6.3
2020 10 7.9
2020 11 11.2
2020 12 11.6
2021 1 12.7
2021 2 14.2
2021 3 12.8
2021 4 10.6
2021 5 7.0
2021 6 3.6
2021 7 5.6
2021 8 5.2
2021 9 6.8
2021 10 8.6
2021 11 10.9
2021 12 13.7
2022 1 13.1
2022 2 13.4
2022 3 10.4
2022 4 7.9
2022 5 5.1
2022 6 2.6
2022 7 2.4
2022 8 4.4
2022 9 6.3
2022 10 7.8
2022 11 12.3
2022 12 12.4
2023 1 13.2
2023 2 13.4
2023 3 10.9
2023 4 9.0
2023 5 7.2
2023 6 4.4
2023 7 3.6
2023 8 4.4
2023 9 4.6
2023 10 7.2
2023 11 8.5
2023 12 11.7
2024 1 14.3
2024 2 14.6
2024 3 10.4
2024 4 7.8
2024 5 3.4
2024 6 4.1
2024 7 2.9
2024 8 4.6
2024 9 5.7
2024 10 9.2
2024 11 9.1
2024 12 11.7
2025 1 13.8
2025 2 12.6
2025 3 11.2
2025 4 8.5
2025 5 6.6
2025 6 4.3
