1991 1 10.3
1991 2 10.1
1991 3 8.1
1991 4 5.9
1991 5 3.3
1991 6 0.8
1991 7 0.3
1991 8 0.5
1991 9 3.0
1991 10 4.0
1991 11 7.3
1991 12 7.9
1992 1 11.4
1992 2 9.0
1992 3 9.3
1992 4 4.4
1992 5 2.0
1992 6 0.2
1992 7 -1.4
1992 8 1.4
1992 9 2.5
1992 10 3.9
1992 11 7.3
1992 12 8.8
1993 1 10.4
1993 2 10.9
1993 3 9.2
1993 4 5.5
1993 5 2.2
1993 6 1.6
1993 7 -0.7
1993 8 1.3
1993 9 2.2
1993 10 4.6
1993 11 6.5
1993 12 9.3
1994 1 10.7
1994 2 9.4
1994 3 8.7
1994 4 4.9
1994 5 3.5
1994 6 2.7
1994 7 0.3
1994 8 0.3
1994 9 3.0
1994 10 4.9
1994 11 7.2
1994 12 10.1
1995 1 9.8
1995 2 9.4
1995 3 7.6
1995 4 5.9
1995 5 3.0
1995 6 1.2
1995 7 -1.2
1995 8 -0.2
1995 9 1.9
1995 10 4.6
1995 11 7.0
1995 12 11.7
1996 1 9.7
1996 2 9.5
1996 3 8.8
1996 4 4.2
1996 5 2.8
1996 6 -1.3
1996 7 0.9
1996 8 2.1
1996 9 3.2
1996 10 4.7
1996 11 7.5
1996 12 9.6
1997 1 11.0
1997 2 8.9
1997 3 8.7
1997 4 7.0
1997 5 4.1
1997 6 1.9
1997 7 1.3
1997 8 1.9
1997 9 2.9
1997 10 4.1
1997 11 6.7
1997 12 9.1
1998 1 10.1
1998 2 10.2
1998 3 8.0
1998 4 5.3
1998 5 4.7
1998 6 1.4
1998 7 1.0
1998 8 1.1
1998 9 1.2
1998 10 5.5
1998 11 6.6
1998 12 10.1
1999 1 11.2
1999 2 10.7
1999 3 7.1
1999 4 4.4
1999 5 2.7
1999 6 0.3
1999 7 -0.6
1999 8 2.2
1999 9 3.4
1999 10 5.6
1999 11 7.8
1999 12 9.6
2000 1 10.5
2000 2 9.6
2000 3 6.8
2000 4 5.3
2000 5 2.7
2000 6 1.7
2000 7 -0.6
2000 8 1.4
2000 9 1.9
2000 10 5.0
2000 11 6.3
2000 12 9.3
2001 1 9.8
2001 2 10.5
2001 3 7.8
2001 4 4.6
2001 5 3.3
2001 6 1.6
2001 7 1.0
2001 8 2.2
2001 9 2.8
2001 10 5.7
2001 11 6.0
2001 12 10.4
2002 1 10.6
2002 2 10.3
2002 3 7.3
2002 4 4.7
2002 5 3.3
2002 6 -0.4
2002 7 1.2
2002 8 2.2
2002 9 2.5
2002 10 4.3
2002 11 6.2
2002 12 8.9
2003 1 10.4
2003 2 8.8
2003 3 9.0
2003 4 4.5
2003 5 2.9
2003 6 2.7
2003 7 0.3
2003 8 1.3
2003 9 2.8
2003 10 4.9
2003 11 7.2
2003 12 7.5
2004 1 11.2
2004 2 10.4
2004 3 8.7
2004 4 5.5
2004 5 1.6
2004 6 2.3
2004 7 1.0
2004 8 1.5
2004 9 2.7
2004 10 4.6
2004 11 6.5
2004 12 9.3
2005 1 9.6
2005 2 11.2
2005 3 7.5
2005 4 4.0
2005 5 2.4
2005 6 1.1
2005 7 1.0
2005 8 0.9
2005 9 2.0
2005 10 4.0
2005 11 7.2
2005 12 8.8
2006 1 10.1
2006 2 10.4
2006 3 7.0
2006 4 5.2
2006 5 2.3
2006 6 2.6
2006 7 1.7
2006 8 1.3
2006 9 2.4
2006 10 4.6
2006 11 6.3
2006 12 8.7
2007 1 10.2
2007 2 9.0
2007 3 7.9
2007 4 4.9
2007 5 0.9
2007 6 -0.3
2007 7 -0.5
2007 8 -1.5
2007 9 2.4
2007 10 4.6
2007 11 6.1
2007 12 8.9
2008 1 11.1
2008 2 11.5
2008 3 8.7
2008 4 4.7
2008 5 2.4
2008 6 1.2
2008 7 2.0
2008 8 1.2
2008 9 2.7
2008 10 4.8
2008 11 8.3
2008 12 10.6
2009 1 10.8
2009 2 10.1
2009 3 9.0
2009 4 6.5
2009 5 3.5
2009 6 0.8
2009 7 -0.2
2009 8 2.7
2009 9 1.5
2009 10 4.1
2009 11 4.8
2009 12 8.2
2010 1 10.0
2010 2 8.8
2010 3 8.8
2010 4 4.4
2010 5 1.9
2010 6 2.0
2010 7 -0.4
2010 8 -0.1
2010 9 2.2
2010 10 4.4
2010 11 6.4
2010 12 8.2
2011 1 10.2
2011 2 9.8
2011 3 7.5
2011 4 5.0
2011 5 2.6
2011 6 0.9
2011 7 -0.2
2011 8 0.7
2011 9 3.4
2011 10 4.1
2011 11 7.3
2011 12 10.2
2012 1 11.6
2012 2 9.6
2012 3 8.2
2012 4 4.7
2012 5 3.6
2012 6 1.1
2012 7 -0.4
2012 8 1.4
2012 9 3.5
2012 10 4.7
2012 11 7.5
2012 12 8.5
2013 1 12.2
2013 2 10.6
2013 3 7.5
2013 4 6.3
2013 5 3.8
2013 6 1.6
2013 7 0.7
2013 8 0.9
2013 9 2.0
2013 10 5.2
2013 11 7.0
2013 12 10.8
2014 1 10.8
2014 2 9.6
2014 3 7.3
2014 4 4.9
2014 5 3.7
2014 6 1.1
2014 7 1.4
2014 8 2.7
2014 9 3.3
2014 10 5.1
2014 11 6.6
2014 12 8.5
2015 1 11.8
2015 2 10.4
2015 3 9.1
2015 4 6.7
2015 5 4.4
2015 6 2.2
2015 7 1.4
2015 8 2.8
2015 9 2.1
2015 10 3.8
2015 11 6.9
2015 12 8.9
2016 1 11.3
2016 2 10.5
2016 3 9.3
2016 4 4.0
2016 5 3.7
2016 6 0.4
2016 7 0.9
2016 8 3.2
2016 9 3.5
2016 10 4.9
2016 11 8.1
2016 12 9.7
2017 1 10.8
2017 2 11.5
2017 3 8.0
2017 4 6.1
2017 5 3.2
2017 6 1.7
2017 7 0.5
2017 8 1.6
2017 9 2.6
2017 10 4.1
2017 11 7.0
2017 12 9.7
2018 1 10.8
2018 2 11.0
2018 3 7.5
2018 4 5.2
2018 5 3.5
2018 6 0.4
2018 7 -0.3
2018 8 1.5
2018 9 3.2
2018 10 3.7
2018 11 6.7
2018 12 9.5
2019 1 9.5
2019 2 10.4
2019 3 7.4
2019 4 6.5
2019 5 3.4
2019 6 1.8
2019 7 1.5
2019 8 1.8
2019 9 2.5
2019 10 3.8
2019 11 7.4
2019 12 9.4
2020 1 11.3
2020 2 9.7
2020 3 10.3
2020 4 6.6
2020 5 4.2
2020 6 1.2
2020 7 -0.1
2020 8 1.9
2020 9 3.3
2020 10 4.7
2020 11 8.1
2020 12 9.2
2021 1 9.8
2021 2 10.6
2021 3 9.2
2021 4 7.8
2021 5 4.2
2021 6 1.2
2021 7 2.0
2021 8 2.0
2021 9 3.5
2021 10 5.4
2021 11 7.6
2021 12 10.5
2022 1 10.8
2022 2 9.9
2022 3 7.2
2022 4 5.1
2022 5 2.1
2022 6 0.2
2022 7 0.6
2022 8 1.4
2022 9 3.2
2022 10 4.8
2022 11 9.8
2022 12 10.7
2023 1 11.5
2023 2 10.5
2023 3 9.3
2023 4 6.9
2023 5 4.3
2023 6 2.1
2023 7 1.7
2023 8 1.7
2023 9 2.1
2023 10 4.3
2023 11 5.6
2023 12 9.2
2024 1 12.2
2024 2 12.0
2024 3 8.4
2024 4 5.2
2024 5 0.5
2024 6 2.2
2024 7 -0.1
2024 8 1.6
2024 9 3.3
2024 10 6.7
2024 11 6.9
2024 12 9.5
2025 1 12.3
2025 2 11.2
2025 3 8.6
2025 4 5.7
2025 5 4.0
2025 6 1.5
