1981 1 14.2952
1981 2 13.9232
1981 3 12.3
1981 4 9.0933
1981 5 4.2839
1981 6 3.8717
1981 7 4.25
1981 8 6.2016
1981 9 5.61
1981 10 9.8855
1981 11 10.5367
1981 12 12.9129
1982 1 15.3323
1982 2 13.2018
1982 3 11.8323
1982 4 10.145
1982 5 6.8113
1982 6 -0.8117
1982 7 -1.0758
1982 8 4.4
1982 9 7.055
1982 10 8.5371
1982 11 11.085
1982 12 13.4532
1983 1 15.7048
1983 2 13.4911
1983 3 12.1016
1983 4 9.755
1983 5 7.2403
1983 6 2.595
1983 7 3.6161
1983 8 4.971
1983 9 6.3667
1983 10 9.7048
1983 11 11.9017
1983 12 14.7871
1984 1 13.9274
1984 2 12.6224
1984 3 11.9548
1984 4 8.435
1984 5 3.7726
1984 6 -0.26
1984 7 -0.0145
1984 8 4.0548
1984 9 7.6233
1984 10 7.8306
1984 11 11.22
1984 12 14.4677
1985 1 14.329
1985 2 14.2464
1985 3 11.4645
1985 4 8.76
1985 5 5.6855
1985 6 4.3867
1985 7 4.2161
1985 8 5.7387
1985 9 6.7317
1985 10 8.3871
1985 11 12.3867
1985 12 13.1871
1986 1 13.2048
1986 2 12.8929
1986 3 10.8968
1986 4 7.2133
1986 5 5.6726
1986 6 3.195
1986 7 3.5306
1986 8 4.1032
1986 9 5.4917
1986 10 9.4984
1986 11 9.885
1986 12 12.5677
1987 1 14.4548
1987 2 13.9429
1987 3 13.1226
1987 4 10.245
1987 5 4.6887
1987 6 6.135
1987 7 2.4565
1987 8 3.3677
1987 9 6.4267
1987 10 9.5919
1987 11 12.6733
1987 12 12.7916
1988 1 13.3952
1988 2 15.3724
1988 3 11.75
1988 4 8.9383
1988 5 4.9081
1988 6 4.4017
1988 7 1.7839
1988 8 3.8048
1988 9 7.3583
1988 10 8.2161
1988 11 11.3667
1988 12 11.7
1989 1 13.3726
1989 2 14.1625
1989 3 11.7113
1989 4 8.775
1989 5 7.0081
1989 6 2.9833
1989 7 2.9242
1989 8 3.6
1989 9 6.6
1989 10 10.1452
1989 11 11.8117
1989 12 11.3952
1990 1 12.7371
1990 2 15.3982
1990 3 11.771
1990 4 7.2367
1990 5 5.9065
1990 6 5.085
1990 7 4.5758
1990 8 4.6742
1990 9 6.6767
1990 10 8.7661
1990 11 9.7233
1990 12 12.0403
1991 1 13.5419
1991 2 13.5982
1991 3 11.121
1991 4 8.5733
1991 5 4.8032
1991 6 3.1517
1991 7 1.0323
1991 8 3.129
1991 9 6.2767
1991 10 8.2597
1991 11 10.855
1991 12 10.2806
1992 1 15.6677
1992 2 13.0845
1992 3 12.9339
1992 4 9.0417
1992 5 4.3435
1992 6 1.8533
1992 7 1.2274
1992 8 5.7177
1992 9 6.5233
1992 10 7.3581
1992 11 12.285
1992 12 11.6694
1993 1 12.8742
1993 2 14.5554
1993 3 12.5161
1993 4 8.1067
1993 5 4.6306
1993 6 1.705
1993 7 3.2468
1993 8 6.3661
1993 9 7.8533
1993 10 10.3839
1993 11 10.5283
1993 12 12.3452
1994 1 15.0081
1994 2 13.4768
1994 3 13.2548
1994 4 8.4667
1994 5 5.7581
1994 6 4.5417
1994 7 1.7694
1994 8 4.6339
1994 9 6.0067
1994 10 8.7871
1994 11 10.8433
1994 12 12.9726
1995 1 13.3403
1995 2 13.7054
1995 3 11.3419
1995 4 9.47
1995 5 6.1452
1995 6 1.7233
1995 7 1.1806
1995 8 3.3484
1995 9 6.6433
1995 10 9.1613
1995 11 11.255
1995 12 15.4984
1996 1 12.929
1996 2 12.4672
1996 3 11.8194
1996 4 8.3117
1996 5 7.8887
1996 6 2.2383
1996 7 4.0145
1996 8 4.3597
1996 9 8.2883
1996 10 9.4742
1996 11 10.1917
1996 12 12.5274
1997 1 12.8355
1997 2 11.95
1997 3 12.8468
1997 4 9.6033
1997 5 6.3952
1997 6 3.4467
1997 7 3.0339
1997 8 4.8097
1997 9 6.6817
1997 10 8.0661
1997 11 10.9717
1997 12 12.5435
1998 1 13.2452
1998 2 16.4214
1998 3 12.3645
1998 4 10.355
1998 5 8.5387
1998 6 5.0083
1998 7 6.7226
1998 8 6.629
1998 9 6.3267
1998 10 9.7823
1998 11 11.3267
1998 12 13.321
1999 1 15.5371
1999 2 14.0661
1999 3 11.3645
1999 4 8.7933
1999 5 6.1952
1999 6 1.4683
1999 7 2.6339
1999 8 5.5548
1999 9 6.9483
1999 10 10.5097
1999 11 12.21
1999 12 12.6597
2000 1 14.2387
2000 2 13.0431
2000 3 11.5419
2000 4 9.3333
2000 5 5.9274
2000 6 1.6433
2000 7 1.6935
2000 8 4.3629
2000 9 4.545
2000 10 9.8806
2000 11 10.0083
2000 12 11.321
2001 1 12.4823
2001 2 13.0214
2001 3 10.0597
2001 4 9.0833
2001 5 4.5887
2001 6 3.5633
2001 7 -0.75
2001 8 4.2548
2001 9 7.795
2001 10 10.4952
2001 11 10.03
2001 12 13.9645
2002 1 14.1468
2002 2 15.4732
2002 3 9.6226
2002 4 9.2383
2002 5 4.8306
2002 6 -0.79
2002 7 4.1742
2002 8 4.4758
2002 9 6.88
2002 10 7.8823
2002 11 9.7417
2002 12 12.8823
2003 1 13.1645
2003 2 13.3036
2003 3 12.9516
2003 4 8.79
2003 5 6.75
2003 6 3.2
2003 7 5.106
2003 8 5.7516
2003 9 7.2367
2003 10 8.5161
2003 11 9.9117
2003 12 11.0677
2004 1 15.429
2004 2 16.8914
2004 3 13.1
2004 4 8.75
2004 5 5.7048
2004 6 5.5067
2004 7 1.7452
2004 8 4.9726
2004 9 7.2
2004 10 9.4952
2004 11 12.1333
2004 12 12.8839
2005 1 13.0726
2005 2 17.4696
2005 3 11.7097
2005 4 8.875
2005 5 4.3435
2005 6 1.7483
2005 7 1.8645
2005 8 3.3806
2005 9 7.495
2005 10 8.8984
2005 11 10.0317
2005 12 13.9742
2006 1 13.5661
2006 2 14.5839
2006 3 11.3081
2006 4 8.49
2006 5 5.1097
2006 6 2.6617
2006 7 1.9274
2006 8 3.7065
2006 9 7.92
2006 10 8.3484
2006 11 10.61
2006 12 11.3048
2007 1 14.8887
2007 2 13.8071
2007 3 12.2097
2007 4 9.4033
2007 5 4.8306
2007 6 3.31
2007 7 2.4403
2007 8 4.1516
2007 9 7.01
2007 10 8.4339
2007 11 10.825
2007 12 13.3355
2008 1 15.6306
2008 2 17.0776
2008 3 13.121
2008 4 9.0517
2008 5 4.879
2008 6 3.5233
2008 7 2.8839
2008 8 3.4952
2008 9 7.0167
2008 10 9.4097
2008 11 11.4417
2008 12 15.7758
2009 1 15.1387
2009 2 14.6482
2009 3 12.6855
2009 4 10.2183
2009 5 5.8516
2009 6 3.4533
2009 7 4.0274
2009 8 4.5839
2009 9 7.0683
2009 10 7.3194
2009 11 8.3017
2009 12 11.6081
2010 1 12.6548
2010 2 12.1875
2010 3 13.6419
2010 4 8.665
2010 5 6.2919
2010 6 3.2983
2010 7 0.8661
2010 8 2.8484
2010 9 6.695
2010 10 8.9952
2010 11 10.58
2010 12 12.0468
2011 1 14.7468
2011 2 14.7589
2011 3 11.1597
2011 4 9.7283
2011 5 6.5258
2011 6 4.4817
2011 7 2.6952
2011 8 3.2387
2011 9 6.8967
2011 10 9.2565
2011 11 11.1367
2011 12 15.0613
2012 1 16.5613
2012 2 12.9586
2012 3 13.4097
2012 4 8.125
2012 5 6.4452
2012 6 2.9217
2012 7 3.1532
2012 8 4.7371
2012 9 7.3
2012 10 8.9161
2012 11 11.9267
2012 12 11.6403
2013 1 16.9806
2013 2 14.9804
2013 3 11.7129
2013 4 11.2967
2013 5 7.3161
2013 6 6.5133
2013 7 2.8903
2013 8 3.4129
2013 9 5.675
2013 10 10.0645
2013 11 10.6517
2013 12 14.0468
2014 1 13.5453
2014 2 14.0465
2014 3 11.4968
2014 4 9.3083
2014 5 6.1468
2014 6 4.625
2014 7 3.1935
2014 8 6.6435
2014 9 7.0633
2014 10 9.4839
2014 11 11.0601
2014 12 13.2097
2015 1 15.329
2015 2 15.2071
2015 3 12.3581
2015 4 9.42
2015 5 7.3694
2015 6 4.52
2015 7 4.4532
2015 8 4.5161
2015 9 6.01
2015 10 8.0113
2015 11 11.3717
2015 12 13.0823
2016 1 16.4694
2016 2 14.1534
2016 3 13.7952
2016 4 6.7633
2016 5 5.3484
2016 6 4.33
2016 7 3.6919
2016 8 5.4694
2016 9 7.63
2016 10 9.7113
2016 11 11.89
2016 12 13.2887
2017 1 12.8645
2017 2 15.0214
2017 3 12.3629
2017 4 9.3367
2017 5 6.0387
2017 6 1.6617
2017 7 4.0323
2017 8 4.8484
2017 9 6.8517
2017 10 8.3839
2017 11 10.8
2017 12 13.2145
2018 1 14.1435
2018 2 15.4304
2018 3 11.1387
2018 4 8.6
2018 5 6.3839
2018 6 1.305
2018 7 1.9097
2018 8 5.6919
2018 9 6.8817
2018 10 8.5419
2018 11 10.9267
2018 12 14.1161
2019 1 12.2565
2019 2 14.3554
2019 3 12.1726
2019 4 9.7217
2019 5 6.2532
2019 6 3.6167
2019 7 3.9452
2019 8 5.1581
2019 9 6.0933
2019 10 8.5452
2019 11 11.15
2019 12 12.771
2020 1 14.4177
2020 2 13.4379
2020 3 13.629
2020 4 9.4383
2020 5 7.1806
2020 6 3.4667
2020 7 1.1548
2020 8 4.6177
2020 9 6.5983
2020 10 8.7548
2020 11 12.27
2020 12 13.4
2021 1 13.7903
2021 2 16.7902
2021 3 13.55
2021 4 10.99
2021 5 5.8194
2021 6 2.77
2021 7 5.3597
2021 8 4.9468
2021 9 7.8033
2021 10 9.3113
2021 11 11.9617
2021 12 15.7815
2022 1 14.75
2022 2 15.2857
2022 3 11.3903
2022 4 8.2567
2022 5 4.3919
2022 6 1.4917
2022 7 1.1597
2022 8 5.1065
2022 9 6.975
2022 10 8.7419
2022 11 13.0483
2022 12 13.2145
2023 1 15.3702
2023 2 14.6375
2023 3 10.4774
2023 4 8.6083
2023 5 7.1484
2023 6 2.8633
2023 7 1.6919
2023 8 4.4419
2023 9 5.27
2023 10 8.45
2023 11 9.5117
2023 12 13.1903
2024 1 15.3984
2024 2 15.6052
2024 3 9.4726
2024 4 5.595
2024 5 0.5
2024 6 1.845
2024 7 1.9194
2024 8 2.8258
2024 9 4.6483
2024 10 7.529
2024 11 8.0367
2024 12 10.771
2025 1 12.5823
2025 2 10.7446
2025 3 9.1968
2025 4 6.7333
2025 5 5.1968
2025 6 2.5517
