Estacion,Lat,Lon,meses:1,3,6,9,12,24,36,48
E000V00003,-69.478,-17.595,0.00921813026070595,-0.0367979928851128,-0.0527904964983463,0.0324549563229084,0.0821387395262718,0.0462941564619541,-0.150611862540245,-0.140265300869942
E000V00002,-69.554,-18.197,-0.0543698966503143,-0.100344307720661,-0.0939967706799507,-0.10790628939867,-0.141470193862915,-0.260920196771622,-0.545845627784729,-0.466977834701538
E000180005,-70.34,-18.356,0.295899987220764,0.12780000269413,0.411300003528595,0.210600003600121,0.0198999997228384,-0.0776999965310097,-1.04190003871918,-0.972000002861023
E000V00001,-69.857,-19.011,0.294541984796524,0.197902664542198,0.165671736001968,0.0690286010503769,-0.018599271774292,-0.139140695333481,-0.523465991020203,-0.372813850641251
E000V00006,-68.638,-19.276,0.58789998292923,0.557299971580505,0.524600028991699,0.550700008869171,0.602800011634827,0.528400003910065,0.320699989795685,0.283100008964539
E000V00005,-69.427,-19.313,0.395726203918457,0.275534093379974,0.189844906330109,0.103080876171589,0.0327938534319401,-0.0747195556759834,-0.413138926029205,-0.257938057184219
E000V00007,-69.767,-19.996,1.05844664573669,0.923456430435181,0.753392398357391,0.628282964229584,0.5394686460495,0.420656353235245,0.18195016682148,0.439370542764664
E000V00004,-70.117,-20.25,1.1662050485611,1.06122231483459,0.914985775947571,0.794485330581665,0.706111073493958,0.58113169670105,0.380709409713745,0.620127379894257
E000V00008,-69.342,-20.501,0.865009427070618,0.764232218265533,0.640870630741119,0.542824447154999,0.473015040159225,0.341902613639832,0.159308388829231,0.296317249536514
E000200006,-70.181,-20.549,1.17900907993317,1.08761608600616,0.956201136112213,0.84214836359024,0.756780743598938,0.63166356086731,0.451700508594513,0.679543077945709
E000V00011,-68.255,-21.224,0.0856000036001205,0.098300002515316,0.1199000030756,0.012699999846518,-0.0223999992012978,-0.17849999666214,-0.411799997091293,-0.555999994277954
E000V00013,-70.2,-22.091,0.88654762506485,0.92445957660675,0.963227093219757,0.862198710441589,0.781624913215637,0.788301646709442,0.643402993679047,0.767069518566132
E000V00014,-69.666,-22.35,0.940999984741211,1.08060002326965,1.24800002574921,1.10420000553131,1.00310003757477,0.990299999713898,0.76910001039505,0.732200026512146
E000220002,-68.892,-22.498,0.801309943199158,0.889605522155762,0.981585323810577,0.920762419700623,0.86089152097702,0.784348368644714,0.609512388706207,0.555384397506714
E000V00009,-69.32,-22.892,0.781898438930511,0.906011939048767,1.03841388225555,0.994976460933685,0.94987565279007,0.996396958827972,0.860479474067688,0.861553847789764
E000V00012,-68.213,-22.932,0.823945224285126,0.90152382850647,0.978458642959595,0.951300323009491,0.918055474758148,0.83034759759903,0.670171737670898,0.631965339183807
E000230001,-70.445,-23.454,0.446365356445312,0.569503784179688,0.696544587612152,0.731827259063721,0.756813943386078,1.12551128864288,1.06909251213074,1.17759943008423
E000V00166,-67.44,-23.6,1.11649477481842,1.15472757816315,1.18121755123138,1.29284012317657,1.32384014129639,1.23715651035309,1.13152301311493,1.04389452934265
E000V00165,-68.57,-23.94,0.765595316886902,0.858829915523529,0.940761685371399,0.971380531787872,0.985089182853699,1.06088864803314,0.998522937297821,1.02995777130127
E000V00164,-69.69,-24.51,0.391340762376785,0.532329380512238,0.686237275600433,0.719547927379608,0.742603003978729,1.0696941614151,1.04779696464539,1.21145868301392
E000V00167,-69.3,-25,0.376947224140167,0.493176490068436,0.621318817138672,0.693467557430267,0.731590569019318,0.986173570156097,1.00630509853363,1.18706047534943
E000V00010,-70.484,-25.411,-0.0867101848125458,-0.0238335132598877,0.0980056598782539,0.188048958778381,0.216335043311119,0.52387934923172,0.486656844615936,0.732636451721191
E000V00168,-69.27,-25.7,-0.278499990701675,-0.187900006771088,-0.0102000003680587,0.171200007200241,0.265399992465973,0.637499988079071,0.743900001049042,1.17470002174377
E000V00169,-68.99,-26.25,0.215334624052048,0.272170931100845,0.36391481757164,0.490589469671249,0.543160021305084,0.734160184860229,0.780871152877808,0.911649823188782
E000V00016,-70.611,-26.332,-0.378852784633636,-0.362048894166946,-0.235897719860077,-0.098698303103447,-0.0601503327488899,0.218393877148628,0.191442281007767,0.428070157766342
E000V00017,-70.046,-26.391,-0.259637147188187,-0.204590648412704,-0.0698651149868965,0.0726836025714874,0.126876756548882,0.393993437290192,0.41550013422966,0.610113620758057
E000V00170,-69.33,-27.07,0.32672992348671,0.416858494281769,0.529532670974731,0.646890997886658,0.696253955364227,0.886883854866028,0.963875532150269,1.03975093364716
E000270008,-70.781,-27.254,-0.810400009155273,-0.633099973201752,-0.331999987363815,-0.105700001120567,0.0410999990999699,0.326799988746643,0.411300003528595,0.467700004577637
E000270009,-70.353,-27.359,-0.7257000207901,-0.555599987506866,-0.269600003957748,-0.0487999990582466,0.0961999967694283,0.38740000128746,0.477600008249283,0.556400001049042
E000V00171,-69.81,-27.98,-0.072812132537365,0.0883557349443436,0.242139711976051,0.383411437273026,0.445825576782227,0.76621401309967,0.883227407932281,0.971741199493408
E000V00019,-71.225,-28.463,-0.619511723518372,-0.434868574142456,-0.332049518823624,-0.185948178172112,-0.0806132405996323,0.436690181493759,0.50404965877533,0.509649395942688
E000V00018,-70.449,-28.768,-0.53154993057251,-0.350015491247177,-0.255867600440979,-0.11205367743969,-0.010466780513525,0.513405799865723,0.584444999694824,0.606278836727142
E000V00015,-70,-28.976,-0.266959458589554,-0.0787502005696297,0.0337587296962738,0.142098069190979,0.195558249950409,0.65674090385437,0.735020041465759,0.802646458148956
E000V00021,-71.116,-29.372,-0.773672461509705,-0.574248909950256,-0.539109170436859,-0.404729038476944,-0.284689426422119,0.35442841053009,0.394583404064178,0.376311302185059
E000290004,-71.207,-29.914,-0.988713920116425,-0.796954035758972,-0.831401348114014,-0.701589167118073,-0.56832617521286,0.112367108464241,0.143368661403656,0.107651971280575
E000V00022,-70.721,-30.031,-0.883319139480591,-0.6909419298172,-0.693753957748413,-0.551889359951019,-0.424435079097748,0.229074060916901,0.254636853933334,0.218731015920639
E000V00020,-71.082,-30.234,-1.01798844337463,-0.830669343471527,-0.862492442131042,-0.721689701080322,-0.58606630563736,0.106773652136326,0.138398438692093,0.110399320721626
E000V00172,-71.72,-30.38,-1.14854419231415,-0.959792494773865,-0.99500697851181,-0.853593468666077,-0.722472846508026,0.0469193235039711,0.111998796463013,0.168515279889107
E000V00027,-70.937,-30.746,-1.1552414894104,-0.971102297306061,-0.976314663887024,-0.823105216026306,-0.696519911289215,0.0382551103830338,0.0972252264618874,0.137151971459389
E000V00028,-71.256,-30.838,-1.86769998073578,-1.5702999830246,-1.61650002002716,-1.43120002746582,-1.22689998149872,-0.135600000619888,-0.0474000014364719,0.0159000009298325
E000V00026,-70.999,-31.188,-1.15392136573792,-1.03381109237671,-1.02077090740204,-0.850117862224579,-0.724591016769409,-0.0237305574119091,0.0462320931255817,0.128693401813507
E000V00024,-71.413,-31.39,-1.1370644569397,-1.0617790222168,-1.04364264011383,-0.871923685073853,-0.753366529941559,-0.113024346530437,-0.0446364991366863,0.0416580848395824
E000V00023,-71.152,-31.633,-1.54480004310608,-1.60739994049072,-1.62070000171661,-1.37049996852875,-1.13800001144409,-0.241699993610382,-0.18469999730587,-0.0812000036239624
E000V00025,-70.97,-31.783,-1.07955682277679,-1.05377757549286,-1.06085276603699,-0.885105133056641,-0.754804849624634,-0.113036006689072,-0.0430914983153343,0.0264771468937397
E000320019,-70.707,-32.076,-1.00494980812073,-1.00286889076233,-1.04728090763092,-0.893471360206604,-0.775177359580994,-0.212222620844841,-0.142693132162094,-0.104972578585148
E000V00035,-70.926,-32.251,-1.02141726016998,-1.04781556129456,-1.09422826766968,-0.936031460762024,-0.811804890632629,-0.274432122707367,-0.207440748810768,-0.162508308887482
E000V00174,-70.464,-32.343,-0.904104232788086,-0.906596720218658,-0.975641906261444,-0.854471921920776,-0.770297944545746,-0.316735059022903,-0.239082559943199,-0.233883142471313
E000V00033,-70.819,-32.362,-1.49059998989105,-1.66639995574951,-1.92540001869202,-1.75220000743866,-1.50049996376038,-0.847100019454956,-0.825500011444092,-0.88510000705719
E000V00034,-71.441,-32.505,-1.00743889808655,-1.0162148475647,-1.00569844245911,-0.848661303520203,-0.747336208820343,-0.239528641104698,-0.181552305817604,-0.123295187950134
E000V00175,-71.014,-32.54,-0.975407481193542,-0.999913334846497,-1.03498351573944,-0.881392598152161,-0.774770677089691,-0.294569402933121,-0.223694801330566,-0.175702676177025
E000V00041,-70.725,-32.594,-0.988066136837006,-1.02323973178864,-1.09152853488922,-0.947093546390533,-0.83783346414566,-0.383210301399231,-0.313294053077698,-0.290815591812134
E000V00176,-70.368,-32.618,-0.809368848800659,-0.800244867801666,-0.865291237831116,-0.770566761493683,-0.719906389713287,-0.346930682659149,-0.254960209131241,-0.259792298078537
E000V00040,-70.809,-32.757,-1.36849999427795,-1.49430000782013,-1.60199999809265,-1.41509997844696,-1.22309994697571,-0.723599970340729,-0.720200002193451,-0.819000005722046
E000V00031,-71.526,-32.789,-1.09955370426178,-1.13550209999084,-1.14093148708344,-0.978777289390564,-0.871603012084961,-0.374534517526627,-0.325871258974075,-0.277289718389511
E000V00037,-71.173,-32.79,-1.32260000705719,-1.41620004177094,-1.42110002040863,-1.21770000457764,-1.02509999275208,-0.317600011825562,-0.289299994707108,-0.274500012397766
E000320028,-71.227,-32.828,-1.32260000705719,-1.41620004177094,-1.42110002040863,-1.21770000457764,-1.02509999275208,-0.317600011825562,-0.289299994707108,-0.274500012397766
E000V00032,-70.382,-32.89,-0.864367306232452,-0.872581243515015,-0.903265655040741,-0.774443566799164,-0.711316704750061,-0.376919597387314,-0.284517079591751,-0.233508259057999
E000V00036,-71.207,-32.893,-1.03459775447845,-1.06422936916351,-1.06856024265289,-0.906812310218811,-0.806349456310272,-0.348645240068436,-0.28611296415329,-0.21818596124649
E000V00030,-71.517,-32.917,-1.04102993011475,-1.07058846950531,-1.07783281803131,-0.918164193630219,-0.823636889457703,-0.366525202989578,-0.310627728700638,-0.243859991431236
E000V00042,-71.261,-32.994,-1.03459775447845,-1.06422936916351,-1.06856024265289,-0.906812310218811,-0.806349456310272,-0.348645240068436,-0.28611296415329,-0.21818596124649
E000330002,-71.648,-33.023,-1.11776101589203,-1.15970683097839,-1.17487049102783,-1.01506817340851,-0.914573013782501,-0.435606688261032,-0.395469665527344,-0.343276053667068
E000330007,-71.556,-33.065,-1.04102993011475,-1.07058846950531,-1.07783281803131,-0.918164193630219,-0.823636889457703,-0.366525202989578,-0.310627728700638,-0.243859991431236
E000V00029,-71.4,-33.083,-1.04102993011475,-1.07058846950531,-1.07783281803131,-0.918164193630219,-0.823636889457703,-0.366525202989578,-0.310627728700638,-0.243859991431236
E000V00051,-70.834,-33.121,-0.967505514621735,-0.997524738311768,-1.02497589588165,-0.875657200813293,-0.78729110956192,-0.429323673248291,-0.352515608072281,-0.295645922422409
E000V00050,-70.66,-33.147,-1.28390002250671,-1.38450002670288,-1.39010000228882,-1.21039998531342,-1.06190001964569,-0.82889997959137,-0.797699987888336,-0.721000015735626
E000V00177,-71.46,-33.23,-1.06187748908997,-1.09183752536774,-1.100053191185,-0.938945055007935,-0.843876719474792,-0.391984552145004,-0.339487254619598,-0.264865130186081
E000V00178,-71.155,-33.287,-1.3507000207901,-1.40670001506805,-1.38660001754761,-1.21659994125366,-1.07050001621246,-0.534200012683868,-0.513300001621246,-0.475499987602234
E000V00046,-70.502,-33.353,-0.895940661430359,-0.903869926929474,-0.913762748241425,-0.775100409984589,-0.713987410068512,-0.412150382995605,-0.321274042129517,-0.250771224498749
E000330021,-70.787,-33.378,-0.983178079128265,-0.993486940860748,-0.984507918357849,-0.827514708042145,-0.76029098033905,-0.458504289388657,-0.374136358499527,-0.266426384449005
E000V00043,-70.733,-33.42,-0.983178079128265,-0.993486940860748,-0.984507918357849,-0.827514708042145,-0.76029098033905,-0.458504289388657,-0.374136358499527,-0.266426384449005
E000V00055,-71.026,-33.439,-0.992185175418854,-1.00060272216797,-0.994424760341644,-0.835280060768127,-0.766557157039642,-0.426922053098679,-0.349599212408066,-0.242164462804794
E000V00038,-71.624,-33.439,-1.03544867038727,-1.04968309402466,-1.05402565002441,-0.892917335033417,-0.815764427185059,-0.413045704364777,-0.357527554035187,-0.263793915510178
E000330020,-70.683,-33.445,-0.983178079128265,-0.993486940860748,-0.984507918357849,-0.827514708042145,-0.76029098033905,-0.458504289388657,-0.374136358499527,-0.266426384449005
E000330019,-70.549,-33.455,-0.89106297492981,-0.883118569850922,-0.874834954738617,-0.729528784751892,-0.680774331092834,-0.384751349687576,-0.280264586210251,-0.180177345871925
E000V00044,-70.7,-33.467,-0.983178079128265,-0.993486940860748,-0.984507918357849,-0.827514708042145,-0.76029098033905,-0.458504289388657,-0.374136358499527,-0.266426384449005
E000V00047,-70.766,-33.517,-0.983178079128265,-0.993486940860748,-0.984507918357849,-0.827514708042145,-0.76029098033905,-0.458504289388657,-0.374136358499527,-0.266426384449005
E000V00039,-71.596,-33.543,-1.03544867038727,-1.04968309402466,-1.05402565002441,-0.892917335033417,-0.815764427185059,-0.413045704364777,-0.357527554035187,-0.263793915510178
E000V00045,-70.548,-33.545,-0.89106297492981,-0.883118569850922,-0.874834954738617,-0.729528784751892,-0.680774331092834,-0.384751349687576,-0.280264586210251,-0.180177345871925
E000V00058,-70.902,-33.608,-0.992185175418854,-1.00060272216797,-0.994424760341644,-0.835280060768127,-0.766557157039642,-0.426922053098679,-0.349599212408066,-0.242164462804794
E000V00048,-70.567,-33.617,-0.89106297492981,-0.883118569850922,-0.874834954738617,-0.729528784751892,-0.680774331092834,-0.384751349687576,-0.280264586210251,-0.180177345871925
E000330031,-78.833,-33.636,-0.111469611525536,-0.18228468298912,-0.206776976585388,-0.0903076231479645,-0.118451438844204,-0.00609791651368141,0.0170453265309334,0.123885422945023
E000330030,-71.613,-33.656,-1.08998334407806,-1.09310638904572,-1.09525799751282,-0.931072950363159,-0.859524250030518,-0.475589275360107,-0.429404437541962,-0.327145338058472
E000V00049,-70.089,-33.676,-0.769110023975372,-0.693272531032562,-0.645019888877869,-0.532339692115784,-0.529144167900085,-0.227561682462692,-0.0361728817224503,0.105529733002186
E000V00057,-71.101,-33.692,-1.04979753494263,-1.04840064048767,-1.03294885158539,-0.867338001728058,-0.803138375282288,-0.472660481929779,-0.402881324291229,-0.283209323883057
E000V00052,-70.707,-33.707,-1.36070001125336,-1.39989995956421,-1.35810005664825,-1.18560004234314,-1.08179998397827,-0.804099977016449,-0.788600027561188,-0.698300004005432
E000V00053,-70.639,-33.862,-1.36070001125336,-1.39989995956421,-1.35810005664825,-1.18560004234314,-1.08179998397827,-0.804099977016449,-0.788600027561188,-0.698300004005432
E000V00179,-70.22,-33.878,-0.888310670852661,-0.824393630027771,-0.763972043991089,-0.603593647480011,-0.581021249294281,-0.274856299161911,-0.130303338170052,0.0110719241201878
E000V00056,-71.394,-33.941,-1.07016718387604,-1.04750764369965,-1.02049386501312,-0.83839225769043,-0.7805335521698,-0.406660556793213,-0.370309412479401,-0.249641612172127
E000V00068,-71.825,-33.959,-1.10680842399597,-1.08322525024414,-1.05908787250519,-0.878219425678253,-0.816700041294098,-0.418815612792969,-0.400085121393204,-0.294074803590775
E000V00064,-70.717,-33.983,-1.04226088523865,-1.01339042186737,-0.971045017242432,-0.792553007602692,-0.741137027740479,-0.422025233507156,-0.341638267040253,-0.198245599865913
E000V00054,-70.995,-34.029,-1.03821337223053,-1.01238071918488,-0.977418720722198,-0.796770334243774,-0.74366557598114,-0.407672077417374,-0.339733242988586,-0.200089424848557
E000V00059,-70.772,-34.169,-1.6085000038147,-1.55040001869202,-1.46529996395111,-1.2467999458313,-1.14859998226166,-0.740199983119965,-0.777599990367889,-0.649699985980988
E000V00180,-70.402,-34.203,-0.972847580909729,-0.898841977119446,-0.82166975736618,-0.636142790317535,-0.606738924980164,-0.278306037187576,-0.161495834589005,0.00693821487948298
E000V00061,-70.997,-34.215,-1.10416030883789,-1.05401074886322,-0.99531501531601,-0.794035494327545,-0.741646707057953,-0.385667145252228,-0.335863560438156,-0.182506650686264
E000V00062,-71.3,-34.217,-1.60860002040863,-1.52740001678467,-1.44470000267029,-1.21189999580383,-1.10899996757507,-0.630900025367737,-0.693400025367737,-0.58569997549057
E000V00060,-70.948,-34.261,-1.10416030883789,-1.05401074886322,-0.99531501531601,-0.794035494327545,-0.741646707057953,-0.385667145252228,-0.335863560438156,-0.182506650686264
E000V00066,-70.812,-34.279,-1.6085000038147,-1.55040001869202,-1.46529996395111,-1.2467999458313,-1.14859998226166,-0.740199983119965,-0.777599990367889,-0.649699985980988
E000V00065,-70.834,-34.322,-1.6085000038147,-1.55040001869202,-1.46529996395111,-1.2467999458313,-1.14859998226166,-0.740199983119965,-0.777599990367889,-0.649699985980988
E000V00067,-72.019,-34.394,-1.03119909763336,-0.969931840896606,-0.886235356330872,-0.676471292972565,-0.64708948135376,-0.273124814033508,-0.30144214630127,-0.18218868970871
E000V00063,-70.21,-34.411,-0.835941851139069,-0.718036651611328,-0.612539231777191,-0.42239037156105,-0.415637284517288,-0.0850271135568619,0.103470258414745,0.31909915804863
E000V00071,-71.463,-34.485,-1.06654465198517,-0.999706268310547,-0.91979306936264,-0.696283042430878,-0.653092861175537,-0.274652987718582,-0.270411789417267,-0.120712503790855
E000V00069,-71.898,-34.645,-1.04844987392426,-0.976826250553131,-0.874242722988129,-0.642013669013977,-0.621248364448547,-0.240744262933731,-0.303850173950195,-0.179133787751198
E000V00072,-71.4,-34.691,-1.08180487155914,-0.989233434200287,-0.879275023937225,-0.628566682338715,-0.587973535060883,-0.195968523621559,-0.218401297926903,-0.055993314832449
E000V00070,-71.63,-34.714,-1.56070005893707,-1.35549998283386,-1.15429997444153,-0.828800022602081,-0.743099987506866,-0.168300002813339,-0.316100001335144,-0.174500003457069
E000340044,-71.02,-34.721,-1.05399966239929,-0.955548763275146,-0.846931517124176,-0.597522258758545,-0.552633225917816,-0.172190979123116,-0.134674832224846,0.0597824491560459
E000V00181,-70.52,-34.781,-0.895815908908844,-0.776274025440216,-0.658207476139069,-0.437613159418106,-0.417674422264099,-0.0612819194793701,0.0816803798079491,0.310037970542908
E000V00086,-72.026,-34.855,-1.04844987392426,-0.976826250553131,-0.874242722988129,-0.642013669013977,-0.621248364448547,-0.240744262933731,-0.303850173950195,-0.179133787751198
E000V00084,-71.125,-34.96,-0.941334128379822,-0.852556109428406,-0.741153120994568,-0.492799073457718,-0.466065734624863,-0.110336802899837,-0.057500384747982,0.151793569326401
E000V00083,-71.832,-34.968,-0.979477107524872,-0.90531587600708,-0.789492905139923,-0.547071516513824,-0.538472592830658,-0.183300882577896,-0.245462730526924,-0.0988858565688133
E000340031,-71.217,-34.969,-1.01516830921173,-0.922054827213287,-0.80559915304184,-0.544609785079956,-0.510832965373993,-0.137032195925713,-0.139042779803276,0.0486007928848267
E000V00085,-70.811,-35,-0.939133822917938,-0.832875549793243,-0.709426164627075,-0.460044592618942,-0.431616276502609,-0.0633240342140198,0.0290735866874456,0.25988233089447
E000V00076,-71.956,-35.128,-0.820237994194031,-0.790461421012878,-0.687402367591858,-0.467476785182953,-0.502214372158051,-0.221807301044464,-0.336425483226776,-0.222249254584312
E000V00182,-70.83,-35.398,-0.754387617111206,-0.675410032272339,-0.543379485607147,-0.296760022640228,-0.302757531404495,0.0192252416163683,0.136645793914795,0.394554287195206
E000V00079,-71.467,-35.419,-0.748740315437317,-0.72314989566803,-0.618855535984039,-0.388556092977524,-0.420293599367142,-0.157487273216248,-0.19717413187027,-0.011822210624814
E000V00078,-71.7,-35.533,-0.745780527591705,-0.731409907341003,-0.627232074737549,-0.404519766569138,-0.452552884817123,-0.206399276852608,-0.300682306289673,-0.142412915825844
E000V00074,-71.454,-35.663,-0.638530850410461,-0.645241379737854,-0.543147683143616,-0.324089735746384,-0.3864726126194,-0.177276536822319,-0.23678782582283,-0.0397810749709606
E000V00077,-72.082,-35.672,-0.581368744373322,-0.624981582164764,-0.54351395368576,-0.346258163452148,-0.437572598457336,-0.282786786556244,-0.434119135141373,-0.295237362384796
E000V00080,-71.062,-35.699,-0.644922912120819,-0.612110495567322,-0.49013352394104,-0.258610814809799,-0.296947985887527,-0.0400944985449314,0.0138682927936316,0.253473818302155
E000V00081,-72.511,-35.707,-0.490529179573059,-0.569332480430603,-0.515745341777802,-0.343778699636459,-0.453970313072205,-0.346960067749023,-0.570828914642334,-0.502710044384003
E000V00075,-71.631,-35.753,-0.775300025939941,-0.796400010585785,-0.671999990940094,-0.450899988412857,-0.567799985408783,-0.391600012779236,-0.648500025272369,-0.494199991226196
E000V00082,-72.587,-35.836,-0.490529179573059,-0.569332480430603,-0.515745341777802,-0.343778699636459,-0.453970313072205,-0.346960067749023,-0.570828914642334,-0.502710044384003
E000V00183,-71.05,-36.06,-0.50933426618576,-0.51143205165863,-0.400819450616837,-0.182468771934509,-0.242072746157646,-0.0408742465078831,0.0189730618149042,0.267205953598022
E000V00087,-72.783,-36.133,-0.447899997234344,-0.618399977684021,-0.581799983978271,-0.432599991559982,-0.644800007343292,-0.69870001077652,-1.14610004425049,-1.02980005741119
E000V00073,-71.548,-36.257,-0.369532555341721,-0.440026730298996,-0.344867706298828,-0.1427181661129,-0.247211635112762,-0.140004992485046,-0.201572924852371,0.0338102281093597
E000V00091,-71.9,-36.292,-0.396395832300186,-0.499331891536713,-0.425482779741287,-0.233264416456223,-0.360590279102325,-0.297805279493332,-0.446035146713257,-0.231003448367119
E000V00090,-72.64,-36.43,-0.318121463060379,-0.477949470281601,-0.46540030837059,-0.310359805822372,-0.451561450958252,-0.409778892993927,-0.680468857288361,-0.539849102497101
E000V00088,-72.699,-36.492,-0.318121463060379,-0.477949470281601,-0.46540030837059,-0.310359805822372,-0.451561450958252,-0.409778892993927,-0.680468857288361,-0.539849102497101
E000V00092,-71.549,-36.56,-0.282627940177917,-0.371681451797485,-0.282226830720901,-0.0867404192686081,-0.199232190847397,-0.112685807049274,-0.167690575122833,0.0683979913592339
E000360011,-72.037,-36.586,-0.329915940761566,-0.449428498744965,-0.383779436349869,-0.195926323533058,-0.32617124915123,-0.274231284856796,-0.410964488983154,-0.188210770487785
E000V00089,-72.603,-36.625,-0.296453297138214,-0.46146297454834,-0.436367779970169,-0.271872937679291,-0.419883340597153,-0.390792191028595,-0.629454374313354,-0.441108614206314
E000V00099,-72.965,-36.672,-0.219487056136131,-0.413099825382233,-0.443333894014359,-0.305886596441269,-0.432329893112183,-0.368171125650406,-0.684466361999512,-0.584686160087585
E000V00096,-72.704,-36.697,-0.281699985265732,-0.495799988508224,-0.51529997587204,-0.389899998903275,-0.579100012779236,-0.587199985980988,-1.0757999420166,-0.943099975585938
E000V00098,-72.983,-36.733,-0.219487056136131,-0.413099825382233,-0.443333894014359,-0.305886596441269,-0.432329893112183,-0.368171125650406,-0.684466361999512,-0.584686160087585
E000360019,-73.066,-36.781,-0.219487056136131,-0.413099825382233,-0.443333894014359,-0.305886596441269,-0.432329893112183,-0.368171125650406,-0.684466361999512,-0.584686160087585
E000V00184,-71.5,-36.88,-0.164019331336021,-0.297114789485931,-0.225776940584183,-0.0396396331489086,-0.170418873429298,-0.115795351564884,-0.197258666157722,0.0316895432770252
E000V00093,-72.099,-36.977,-0.228791266679764,-0.392698287963867,-0.354013562202454,-0.175205036997795,-0.315754443407059,-0.278774201869965,-0.436315625905991,-0.221344023942947
E000V00095,-73.14,-37.005,-0.157703399658203,-0.374599248170853,-0.429439395666122,-0.300853908061981,-0.417207539081573,-0.333258450031281,-0.676191389560699,-0.597708582878113
E000V00106,-72.403,-37.035,-0.241447895765305,-0.427678972482681,-0.423439860343933,-0.262666612863541,-0.40325254201889,-0.359882086515427,-0.589636504650116,-0.416799545288086
E000V00097,-73.155,-37.092,-0.157703399658203,-0.374599248170853,-0.429439395666122,-0.300853908061981,-0.417207539081573,-0.333258450031281,-0.676191389560699,-0.597708582878113
E000V00105,-71.245,-37.111,-0.118856780230999,-0.232495427131653,-0.137179985642433,0.0496260859072208,-0.0811993405222893,-0.0205532144755125,-0.0680096223950386,0.170105516910553
E000V00094,-72.012,-37.141,-0.189132690429688,-0.383925825357437,-0.36737796664238,-0.194253832101822,-0.342767596244812,-0.309887140989304,-0.499090403318405,-0.298014849424362
E000V00108,-72.946,-37.167,-0.159207582473755,-0.385283768177032,-0.430006176233292,-0.292257577180862,-0.42116791009903,-0.344916820526123,-0.657600462436676,-0.543715715408325
E000V00107,-72.328,-37.213,-0.255899995565414,-0.496499985456467,-0.504499971866608,-0.345499992370605,-0.544600009918213,-0.596400022506714,-0.968200027942657,-0.74260002374649
E000V00111,-71.949,-37.293,-0.189132690429688,-0.383925825357437,-0.36737796664238,-0.194253832101822,-0.342767596244812,-0.309887140989304,-0.499090403318405,-0.298014849424362
E000V00100,-73.437,-37.305,-0.139228567481041,-0.369892477989197,-0.429475367069244,-0.301255166530609,-0.414672613143921,-0.322223693132401,-0.67105907201767,-0.572490870952606
E000V00185,-71.566,-37.323,-0.12111658602953,-0.282556027173996,-0.225394889712334,-0.0431517772376537,-0.186409115791321,-0.144485220313072,-0.25957202911377,-0.0369951538741589
E000370033,-72.424,-37.397,-0.156676769256592,-0.398054003715515,-0.433807283639908,-0.279496550559998,-0.420667499303818,-0.349578887224197,-0.584232568740845,-0.439727783203125
E000V00186,-72.83,-37.418,-0.140646532177925,-0.391099512577057,-0.439351856708527,-0.293583393096924,-0.43250960111618,-0.349098950624466,-0.625540196895599,-0.496910780668259
E000V00103,-73.33,-37.485,-0.104139164090157,-0.35548922419548,-0.414487391710281,-0.278357625007629,-0.399990081787109,-0.290634125471115,-0.614409029483795,-0.500973165035248
E000V00110,-71.875,-37.536,-0.122339338064194,-0.337416112422943,-0.326891928911209,-0.15311087667942,-0.307872235774994,-0.263397812843323,-0.438774526119232,-0.247765421867371
E000V00104,-73.462,-37.627,-0.0516232885420322,-0.318398654460907,-0.388628005981445,-0.255532324314117,-0.362476706504822,-0.240141719579697,-0.550319969654083,-0.428287476301193
E000V00109,-72.007,-37.685,-0.107805751264095,-0.373778849840164,-0.409310460090637,-0.246181532740593,-0.406274497509003,-0.336462885141373,-0.547365427017212,-0.394600689411163
E000V00116,-72.605,-37.726,-0.123963408172131,-0.404767841100693,-0.465746730566025,-0.315374612808228,-0.463210970163345,-0.372723132371902,-0.618768215179443,-0.490551561117172
E000V00101,-73.412,-37.892,0.126201629638672,-0.0935746133327484,-0.143413752317429,-0.0305629745125771,-0.1088707447052,-0.017907103523612,-0.21985287964344,-0.129262551665306
E000V00102,-73.097,-37.95,-0.00651756068691611,-0.273282051086426,-0.334826588630676,-0.205894395709038,-0.315496236085892,-0.215782031416893,-0.424461096525192,-0.327799379825592
E000V00112,-71.435,-38.057,-0.0154296262189746,-0.279393225908279,-0.285347878932953,-0.104110665619373,-0.271104276180267,-0.180558994412422,-0.334936320781708,-0.178318187594414
E000V00114,-72.298,-38.146,-0.0120999999344349,-0.524600028991699,-0.736599981784821,-0.589999973773956,-0.852400004863739,-0.65039998292923,-1.04219996929169,-0.950399994850159
E000V00117,-72.273,-38.228,-0.0120999999344349,-0.524600028991699,-0.736599981784821,-0.589999973773956,-0.852400004863739,-0.65039998292923,-1.04219996929169,-0.950399994850159
E000V00113,-71.233,-38.25,0.26230001449585,-0.162499994039536,-0.217700004577637,-0.0329999998211861,-0.313199996948242,-0.143500000238419,-0.516099989414215,-0.414900004863739
E000V00188,-72.956,-38.207,0.0827270373702049,-0.18334387242794,-0.248754575848579,-0.139501959085464,-0.231078341603279,-0.14853110909462,-0.305282801389694,-0.237561792135239
E000V00187,-71.75,-38.414,0.0507553555071354,-0.311064928770065,-0.365603923797607,-0.163246184587479,-0.35661181807518,-0.169805437326431,-0.34747701883316,-0.207780465483665
E000V00121,-72.399,-38.435,0.00863122567534447,-0.32220521569252,-0.407609015703201,-0.255783259868622,-0.393713235855103,-0.264402389526367,-0.432912349700928,-0.333506017923355
E000V00129,-72.85,-38.446,0.0763473957777023,-0.212984755635262,-0.285362750291824,-0.164217129349709,-0.265295535326004,-0.167929068207741,-0.312702059745789,-0.243029832839966
E000V00126,-72.224,-38.675,-0.0683000013232231,-0.703499972820282,-0.98360002040863,-0.811800003051758,-1.15090000629425,-0.939400017261505,-1.29410004615784,-1.09609997272491
E000V00115,-71.141,-38.732,0.287400007247925,-0.266400009393692,-0.365200012922287,-0.116800002753735,-0.453599989414215,-0.0888999998569489,-0.366499990224838,-0.1925999969244
E000380013,-72.46,-38.768,0.111562497913837,-0.22089321911335,-0.308272987604141,-0.155369833111763,-0.289094209671021,-0.148893654346466,-0.296729624271393,-0.197755768895149
E000V00120,-71.683,-38.834,0.261999994516373,-0.303299993276596,-0.41159999370575,-0.137899994850159,-0.467200011014938,-0.063400000333786,-0.327300012111664,-0.117799997329712
E000V00128,-72.787,-39.022,0.108435660600662,-0.231509625911713,-0.306449919939041,-0.1319889575243,-0.235882386565208,-0.0504158735275269,-0.153281450271606,-0.0746753513813019
E000V00127,-72.252,-39.007,-0.035028800368309,-0.466562628746033,-0.576716065406799,-0.365951240062714,-0.539534986019135,-0.319864571094513,-0.484984546899796,-0.357646465301514
E000V00122,-72.922,-39.071,0.107933066785336,-0.212883144617081,-0.27822744846344,-0.106905460357666,-0.194071069359779,-0.0182263907045126,-0.113792672753334,-0.0452232584357262
E000V00118,-72.615,-39.103,0.0216874647885561,-0.355220824480057,-0.44344836473465,-0.25042062997818,-0.384015023708344,-0.187690988183022,-0.320094108581543,-0.218465536832809
E000V00124,-73.133,-39.165,-0.213200002908707,-0.834399998188019,-0.971099972724915,-0.6632000207901,-0.822499990463257,-0.360500007867813,-0.42849999666214,-0.347200006246567
E000V00125,-72.261,-39.196,-0.217199996113777,-0.910799980163574,-1.1308000087738,-0.844500005245209,-1.11440002918243,-0.710900008678436,-0.925899982452393,-0.757300019264221
E000V00119,-71.868,-39.262,0.0856000036001205,-0.522899985313416,-0.618799984455109,-0.297600001096725,-0.560199975967407,-0.0948000028729439,-0.291900008916855,-0.0922999978065491
E000V00123,-71.926,-39.289,-0.0205060206353664,-0.457353949546814,-0.535028398036957,-0.289112150669098,-0.44856122136116,-0.180013716220856,-0.32198092341423,-0.194918736815453
E000V00189,-72.55,-39.373,-0.0687556117773056,-0.513675451278687,-0.615877866744995,-0.382085055112839,-0.523627817630768,-0.259318888187408,-0.388687789440155,-0.284852176904678
E000V00190,-73.177,-39.39,-0.102261736989021,-0.536893427371979,-0.617550849914551,-0.365608364343643,-0.442309349775314,-0.159472405910492,-0.251566350460052,-0.198780164122581
E000V00131,-72.95,-39.632,-0.0986145213246346,-0.532821238040924,-0.607987999916077,-0.339262098073959,-0.393790036439896,-0.103742182254791,-0.204353347420692,-0.161428838968277
E000390006,-73.087,-39.657,-0.0986145213246346,-0.532821238040924,-0.607987999916077,-0.339262098073959,-0.393790036439896,-0.103742182254791,-0.204353347420692,-0.161428838968277
E000V00130,-72.501,-39.863,-0.0732011198997498,-0.50238710641861,-0.569705188274384,-0.299314647912979,-0.367793053388596,-0.0780670717358589,-0.198486417531967,-0.139391958713531
E000V00191,-71.91,-39.88,0.00174098834395409,-0.378043323755264,-0.40740230679512,-0.135267212986946,-0.186423912644386,0.0907832831144333,-0.0635336264967918,-0.0102916834875941
E000V00132,-72.927,-40.096,-0.105270080268383,-0.502855062484741,-0.567542970180511,-0.304146826267242,-0.328403860330582,-0.07498699426651,-0.228256806731224,-0.204710200428963
E000V00134,-72.415,-40.134,-0.082008995115757,-0.463592559099197,-0.513598382472992,-0.238278225064278,-0.241847425699234,0.0102490009739995,-0.194534704089165,-0.185449659824371
E000V00193,-73.647,-40.168,-0.190200001001358,-0.631200015544891,-0.659600019454956,-0.316199988126755,-0.254700005054474,0.0869999974966049,-0.176699995994568,-0.206699997186661
E000V00133,-73.024,-40.317,-0.121994107961655,-0.501752912998199,-0.559878170490265,-0.290359675884247,-0.279274046421051,-0.0417683385312557,-0.25252303481102,-0.25258994102478
E000V00135,-72.979,-40.323,-0.121994107961655,-0.501752912998199,-0.559878170490265,-0.290359675884247,-0.279274046421051,-0.0417683385312557,-0.25252303481102,-0.25258994102478
E000V00139,-73.308,-40.348,-0.204699993133545,-0.640500009059906,-0.671000003814697,-0.321700006723404,-0.227799996733665,0.111800000071526,-0.153600007295609,-0.161300003528595
E000V00192,-72,-40.52,0.0166357550770044,-0.331316500902176,-0.362987190485001,-0.0948075950145721,-0.109266102313995,0.141041859984398,-0.081188291311264,-0.0824408456683159
E000400009,-73.058,-40.614,-0.103215120732784,-0.453889191150665,-0.517081260681152,-0.264771074056625,-0.246505856513977,-0.0486671440303326,-0.29426708817482,-0.32156366109848
E000V00194,-72.116,-40.623,0.0166357550770044,-0.331316500902176,-0.362987190485001,-0.0948075950145721,-0.109266102313995,0.141041859984398,-0.081188291311264,-0.0824408456683159
E000V00136,-73.152,-40.765,-0.200299993157387,-0.548900008201599,-0.601700007915497,-0.297500014305115,-0.158199995756149,0.0632999986410141,-0.360100001096725,-0.461400002241135
E000V00138,-73.157,-40.861,-0.200299993157387,-0.548900008201599,-0.601700007915497,-0.297500014305115,-0.158199995756149,0.0632999986410141,-0.360100001096725,-0.461400002241135
E000V00195,-73.815,-40.873,-0.100199997425079,-0.439099997282028,-0.479400008916855,-0.176599994301796,-0.0784000009298325,0.160300001502037,-0.232500001788139,-0.378199994564056
E000V00137,-72.886,-40.957,-0.0557254776358604,-0.368180632591248,-0.453895807266235,-0.233424603939056,-0.215039640665054,-0.087499238550663,-0.396129250526428,-0.508542954921722
E000V00142,-73.377,-41.115,-0.0589002929627895,-0.364855200052261,-0.453718692064285,-0.240594297647476,-0.220436438918114,-0.0990855395793915,-0.40804585814476,-0.530720353126526
E000V00197,-72.339,-41.142,0.024100000038743,-0.319400012493134,-0.405299991369247,-0.103900000452995,-0.0368999987840652,0.171000003814697,-0.358799993991852,-0.67629998922348
E000V00143,-73.009,-41.259,-0.0238082818686962,-0.320063233375549,-0.423287004232407,-0.220111757516861,-0.207974508404732,-0.118944130837917,-0.462962120771408,-0.643165290355682
E000V00196,-73.809,-41.359,-0.0179999992251396,-0.282799988985062,-0.390899986028671,-0.165900006890297,-0.100199997425079,-0.012699999846518,-0.494199991226196,-0.860199987888336
E000410005,-73.096,-41.448,-0.0184927023947239,-0.322913825511932,-0.442490786314011,-0.256940275430679,-0.257491677999496,-0.197548672556877,-0.541803240776062,-0.712981998920441
E000V00198,-72.275,-41.579,0.0345418192446232,-0.295259386301041,-0.396585613489151,-0.178039640188217,-0.186678379774094,-0.0885324850678444,-0.451567351818085,-0.588486909866333
E000V00144,-73.672,-41.71,-0.017400000244379,-0.280299991369247,-0.430000007152557,-0.237000003457069,-0.183200001716614,-0.172700002789497,-0.676199972629547,-1.08770000934601
E000V00140,-72.435,-41.938,0.00148120545782149,-0.359475314617157,-0.507382810115814,-0.344239443540573,-0.381004363298416,-0.374640822410583,-0.729768753051758,-0.8231081366539
E000V00141,-71.865,-42.075,0.182247117161751,-0.159667283296585,-0.280663967132568,-0.0875049009919167,-0.143194377422333,-0.141190528869629,-0.512891590595245,-0.576648056507111
E000V00151,-72.417,-42.1,0.00148120545782149,-0.359475314617157,-0.507382810115814,-0.344239443540573,-0.381004363298416,-0.374640822410583,-0.729768753051758,-0.8231081366539
E000V00149,-73.49,-42.157,-0.0489479936659336,-0.409632176160812,-0.596473276615143,-0.462914407253265,-0.484371364116669,-0.497878402471542,-0.869319975376129,-1.01955235004425
E000V00199,-74.078,-42.285,-0.0216869246214628,-0.360327333211899,-0.550549924373627,-0.423911869525909,-0.438023328781128,-0.450274229049683,-0.813216328620911,-0.982902884483337
E000V00201,-72.663,-42.355,-0.172199994325638,-0.607100009918213,-0.806100010871887,-0.623199999332428,-0.628099977970123,-0.683700025081635,-1.23599994182587,-1.47140002250671
E000V00147,-73.568,-42.404,-0.060990497469902,-0.467005431652069,-0.679003655910492,-0.573741853237152,-0.621920168399811,-0.648401498794556,-0.991108775138855,-1.07213449478149
E000V00148,-73.633,-42.583,-0.0415520034730434,-0.438998341560364,-0.657319486141205,-0.549468159675598,-0.586425960063934,-0.613307952880859,-0.96869421005249,-1.08299612998962
E000V00146,-73.789,-42.704,-0.0430999994277954,-0.564899981021881,-0.872200012207031,-0.765500009059906,-0.803600013256073,-0.89190000295639,-1.34870004653931,-1.50929999351501
E000V00145,-72.717,-42.883,-0.111620686948299,-0.636766493320465,-0.914722144603729,-0.907391250133514,-1.05290257930756,-1.18404018878937,-1.46245741844177,-1.3175288438797
E000430002,-71.852,-43.189,-0.0516999997198582,-0.809300005435944,-1.36710000038147,-1.71780002117157,-2.12400007247925,-2.83019995689392,-3.08049988746643,-2.44039988517761
E000V00200,-74.295,-43.208,0.118600003421307,-0.594799995422363,-1.03690004348755,-1.02180004119873,-1.11710000038147,-1.18599998950958,-1.51960003376007,-1.58729994297028
E000V00202,-72.85,-43.364,-0.234899997711182,-1.00460004806519,-1.43929994106293,-1.58619999885559,-1.86790001392365,-2.18409991264343,-2.41599988937378,-2.0320999622345
E000V00150,-72.126,-43.474,-0.0853637978434563,-0.632507860660553,-0.974889039993286,-1.07112538814545,-1.27809119224548,-1.52224397659302,-1.75168693065643,-1.45434355735779
E000430004,-71.801,-43.612,-0.0647955760359764,-0.591560006141663,-0.940742254257202,-1.05452537536621,-1.27902138233185,-1.57739567756653,-1.78956627845764,-1.43399393558502
E000V00153,-73.74,-43.89,-0.12218365073204,-0.694202363491058,-1.04157018661499,-1.10451054573059,-1.24034070968628,-1.24098134040833,-1.45594036579132,-1.30662536621094
E000V00152,-72.387,-43.917,-0.107503071427345,-0.613287746906281,-0.938538670539856,-1.0087034702301,-1.16246497631073,-1.26262259483337,-1.51622331142426,-1.30446088314056
E000V00154,-71.847,-44.24,-0.218099996447563,-0.851400017738342,-1.31550002098083,-1.49249994754791,-1.71319997310638,-1.90960001945496,-2.34489989280701,-2.02640008926392
E000V00203,-73.097,-44.729,-0.206031396985054,-0.576407134532928,-0.825506925582886,-0.813705503940582,-0.846292555332184,-0.828005909919739,-1.13268077373505,-1.05444598197937
E000450001,-72.677,-45.399,-0.213476479053497,-0.455500900745392,-0.638660073280334,-0.593403577804565,-0.587147951126099,-0.508504152297974,-0.830772936344147,-0.777566075325012
E000450004,-72.102,-45.591,-0.0830272138118744,-0.300273060798645,-0.45814374089241,-0.414477586746216,-0.426962703466415,-0.321710884571075,-0.703151881694794,-0.690053522586823
E000450005,-71.678,-45.918,0.00841768272221088,-0.153481051325798,-0.303700178861618,-0.266887426376343,-0.281222105026245,-0.122158594429493,-0.49260887503624,-0.476078748703003
E000V00157,-71.941,-46.278,0.0109149729833007,-0.130142062902451,-0.288075149059296,-0.253270626068115,-0.2582788169384,-0.0789942890405655,-0.411624133586884,-0.361374527215958
E000V00205,-74.778,-46.355,0.049100000411272,-0.00289999996311963,-0.0359000004827976,0.030799999833107,0.0527999997138977,0.302100002765656,-0.322400003671646,-0.348100006580353
E000V00204,-73.336,-46.569,0.0316579565405846,-0.062626950442791,-0.183292016386986,-0.14217671751976,-0.132161676883698,0.0718441978096962,-0.311394244432449,-0.273058444261551
E000460001,-71.685,-46.585,0.0642138049006462,-0.0620476976037025,-0.225454181432724,-0.196917846798897,-0.197132363915443,0.0153769114986062,-0.258305221796036,-0.199028342962265
E000470001,-72.583,-47.244,0.335568636655807,0.293074250221252,0.125399261713028,0.106992788612843,0.134890109300613,0.403419107198715,0.0882902890443802,0.11819851398468
E000V00156,-73.536,-47.8,0.557533442974091,0.558448374271393,0.537241995334625,0.592361271381378,0.653313279151917,0.92825722694397,0.492170065641403,0.367516428232193
E000V00155,-72.56,-48.471,0.471898555755615,0.488217860460281,0.44136717915535,0.460190862417221,0.516594707965851,0.807788133621216,0.437586814165115,0.297675430774689
E000V00206,-73.941,-48.958,0.522263407707214,0.541081190109253,0.576721787452698,0.636950671672821,0.702873170375824,0.903071641921997,0.499005645513535,0.288667619228363
E000V00207,-73.57,-51.07,-0.21242567896843,-0.180177927017212,-0.141991689801216,-0.130283609032631,-0.0906840637326241,0.00390504533424973,-0.189050555229187,-0.242174372076988
E000V00158,-72.967,-51.184,-0.373530566692352,-0.33617091178894,-0.312278717756271,-0.314630061388016,-0.282585740089417,-0.199849113821983,-0.403951734304428,-0.440178632736206
E000V00159,-71.164,-52.309,-0.011400000192225,-0.0465000011026859,-0.42620000243187,-0.604200005531311,-0.66210001707077,-1.06040000915527,-1.83229994773865,-1.58350002765656
E000V00161,-70.361,-52.432,-0.00554860895499587,-0.0244560707360506,-0.300100594758987,-0.461919724941254,-0.482125729322433,-0.627167224884033,-1.23297667503357,-1.21927106380463
E000V00160,-71.505,-52.601,-0.207875296473503,-0.236282348632812,-0.486144304275513,-0.610643982887268,-0.655849814414978,-0.863351702690125,-1.34536051750183,-1.16553616523743
E000V00162,-69.27,-52.8,0.104999996721745,0.0200999993830919,-0.357699990272522,-0.5692999958992,-0.629700005054474,-0.851300001144409,-1.51789999008179,-1.72739994525909
E000520006,-70.839,-53.002,-0.131312236189842,-0.18200196325779,-0.513423025608063,-0.67309308052063,-0.752187609672546,-1.05792832374573,-1.65317595005035,-1.42218518257141
E000530005,-70.326,-53.254,-0.170399993658066,-0.263999998569489,-0.697899997234344,-0.89520001411438,-1.03770005702972,-1.48559999465942,-2.1470000743866,-1.80939996242523
E000V00208,-71.38,-53.8,-0.243680030107498,-0.305066913366318,-0.651333749294281,-0.812331974506378,-0.912496566772461,-1.27411198616028,-1.78719186782837,-1.43460166454315
E000V00163,-68.804,-54.051,-0.202117010951042,-0.247528687119484,-0.574030458927155,-0.734967768192291,-0.806742370128632,-1.05508184432983,-1.47463428974152,-1.35943412780762
E000550001,-67.616,-54.932,-0.448423236608505,-0.40658512711525,-0.671732902526855,-0.794676899909973,-0.81633985042572,-1.20912957191467,-1.64559686183929,-1.3697954416275
