Estacion,Lat,Lon,meses:1,3,6,9,12,24,36,48
E000V00003,-69.478,-17.595,0.0531325452029705,-0.00286290631629527,-0.0614398494362831,-0.0387844927608967,0.026753531768918,0.00110161351040006,-0.131840229034424,-0.171342924237251
E000V00002,-69.554,-18.197,-0.115318059921265,-0.135837182402611,-0.167178228497505,-0.15393728017807,-0.175021335482597,-0.320023030042648,-0.54021143913269,-0.542514085769653
E000180005,-70.34,-18.356,0.167199999094009,0.131600007414818,0.067100003361702,0.252400010824203,0.0239000003784895,-0.337900012731552,-1.01030004024506,-1.1599999666214
E000V00001,-69.857,-19.011,0.125886127352715,0.161509454250336,0.10279281437397,0.0791830718517303,-0.0153969815000892,-0.213217541575432,-0.486461907625198,-0.4392009973526
E000V00006,-68.638,-19.276,0.652899980545044,0.570800006389618,0.535300016403198,0.542800009250641,0.541499972343445,0.518599987030029,0.351200014352798,0.25330001115799
E000V00005,-69.427,-19.313,0.219984248280525,0.271101295948029,0.185336515307426,0.125495418906212,0.0424469150602818,-0.121662996709347,-0.376436948776245,-0.306696236133575
E000V00007,-69.767,-19.996,0.870855093002319,0.967292487621307,0.868295192718506,0.741996765136719,0.624053716659546,0.441257387399673,0.246236771345139,0.436096996068954
E000V00004,-70.117,-20.25,0.969191431999207,1.05935990810394,0.99400532245636,0.888254284858704,0.777300238609314,0.604712009429932,0.442021310329437,0.623585283756256
E000V00008,-69.342,-20.501,0.725640058517456,0.781502068042755,0.707404673099518,0.618854641914368,0.528096973896027,0.366549670696259,0.198110789060593,0.300875216722488
E000200006,-70.181,-20.549,0.979965925216675,1.06304597854614,1.01215219497681,0.919790148735046,0.818909347057343,0.657551884651184,0.510730624198914,0.685794770717621
E000V00011,-68.255,-21.224,0.0449000000953674,0.0373999997973442,0.0644999966025352,0.0522000007331371,-0.0297999996691942,-0.152199998497963,-0.391499996185303,-0.532100021839142
E000V00013,-70.2,-22.091,0.732312262058258,0.783638298511505,0.861660718917847,0.867819547653198,0.798466801643372,0.771401226520538,0.657921433448792,0.749207139015198
E000V00014,-69.666,-22.35,0.83569997549057,0.845600008964539,1.02989995479584,1.09510004520416,1.01160001754761,0.987900018692017,0.786400020122528,0.733500003814697
E000220002,-68.892,-22.498,0.715431153774261,0.727373540401459,0.845615327358246,0.889910817146301,0.855594635009766,0.795525908470154,0.62960946559906,0.575848937034607
E000V00009,-69.32,-22.892,0.682285070419312,0.700275897979736,0.856575846672058,0.927677035331726,0.917501389980316,0.979977905750275,0.856826066970825,0.856816351413727
E000V00012,-68.213,-22.932,0.763859152793884,0.767410814762115,0.868760943412781,0.911440968513489,0.90323680639267,0.85151195526123,0.685689389705658,0.65293025970459
E000230001,-70.445,-23.454,0.268298208713531,0.336914300918579,0.497105419635773,0.585318744182587,0.6346515417099,1.02562355995178,1.01798367500305,1.10861802101135
E000V00166,-67.44,-23.6,1.06328248977661,1.08447325229645,1.14012122154236,1.18898189067841,1.29189491271973,1.27849745750427,1.16615605354309,1.1372879743576
E000V00165,-68.57,-23.94,0.675711393356323,0.695801794528961,0.81218695640564,0.86805385351181,0.917982161045074,1.03739380836487,0.969608426094055,1.03185260295868
E000V00164,-69.69,-24.51,0.229164481163025,0.28741654753685,0.456455171108246,0.557222545146942,0.608628690242767,0.979801416397095,0.983920693397522,1.15208148956299
E000V00167,-69.3,-25,0.233381614089012,0.286611557006836,0.422158390283585,0.518268346786499,0.595843911170959,0.90535169839859,0.939350247383118,1.15039885044098
E000V00010,-70.484,-25.411,-0.23005747795105,-0.170325115323067,-0.0856440141797066,-0.00368961854837835,0.0773539915680885,0.410475462675095,0.396693378686905,0.60997998714447
E000V00168,-69.27,-25.7,-0.384200006723404,-0.341399997472763,-0.2449000030756,-0.102600000798702,0.0538999997079372,0.52539998292923,0.620999991893768,1.13580000400543
E000V00169,-68.99,-26.25,0.0927568599581718,0.142647087574005,0.216226860880852,0.308916121721268,0.415971547365189,0.650535345077515,0.701307356357574,0.859998404979706
E000V00016,-70.611,-26.332,-0.481276482343674,-0.434233754873276,-0.396391749382019,-0.306907385587692,-0.199226856231689,0.0644077509641647,0.0826905891299248,0.227154478430748
E000V00017,-70.046,-26.391,-0.388764202594757,-0.332458168268204,-0.259822607040405,-0.152075037360191,-0.0337103791534901,0.252538025379181,0.311050325632095,0.478752613067627
E000V00170,-69.33,-27.07,0.180843099951744,0.241393104195595,0.352477014064789,0.467160820960999,0.565208196640015,0.792204976081848,0.903737425804138,1.00353705883026
E000270008,-70.781,-27.254,-0.924899995326996,-0.867500007152557,-0.694199979305267,-0.455399990081787,-0.2432000041008,0.120099999010563,0.291399985551834,0.322699993848801
E000270009,-70.353,-27.359,-0.85180002450943,-0.791100025177002,-0.616900026798248,-0.385399997234344,-0.18520000576973,0.190599992871284,0.358500003814697,0.438800007104874
E000V00171,-69.81,-27.98,-0.287514686584473,-0.199070066213608,-0.0250791199505329,0.124418929219246,0.251231223344803,0.61110520362854,0.819768488407135,0.931279063224792
E000V00019,-71.225,-28.463,-1.01291966438293,-0.865692794322968,-0.683845221996307,-0.555241823196411,-0.401878774166107,0.148641169071198,0.4188092648983,0.402661740779877
E000V00018,-70.449,-28.768,-0.917110323905945,-0.769065678119659,-0.588217794895172,-0.4644995033741,-0.317279070615768,0.23420287668705,0.504619419574738,0.512262523174286
E000V00015,-70,-28.976,-0.620011150836945,-0.477905184030533,-0.276537626981735,-0.147993475198746,-0.0400646068155766,0.434773325920105,0.670053005218506,0.741088688373566
E000V00021,-71.116,-29.372,-1.28758549690247,-1.10789036750793,-0.938677668571472,-0.855238914489746,-0.711741626262665,-0.0241507403552532,0.28510969877243,0.220518350601196
E000290004,-71.207,-29.914,-1.5704562664032,-1.38119399547577,-1.25453698635101,-1.23161768913269,-1.09430539608002,-0.356238514184952,-0.0170998275279999,-0.127557352185249
E000V00022,-70.721,-30.031,-1.43468630313873,-1.24817776679993,-1.09698951244354,-1.03792285919189,-0.890053808689117,-0.187226936221123,0.111923106014729,0.0219914689660072
E000V00020,-71.082,-30.234,-1.60982048511505,-1.41886627674103,-1.28720605373383,-1.25437951087952,-1.10609066486359,-0.354788422584534,-0.0278252009302378,-0.121617533266544
E000V00172,-71.72,-30.38,-1.80281567573547,-1.60692965984344,-1.48089575767517,-1.45902633666992,-1.30146765708923,-0.446430385112762,-0.0720809549093246,-0.0561039596796036
E000V00027,-70.937,-30.746,-1.80183744430542,-1.61073231697083,-1.46439850330353,-1.40827631950378,-1.23526108264923,-0.414358824491501,-0.0948956236243248,-0.0773245319724083
E000V00028,-71.256,-30.838,-2.74659991264343,-2.52270007133484,-2.36700010299683,-2.35220003128052,-2.11509990692139,-0.829599976539612,-0.317499995231628,-0.317699998617172
E000V00026,-70.999,-31.188,-1.7755286693573,-1.60174798965454,-1.46408319473267,-1.3804417848587,-1.18743145465851,-0.410753220319748,-0.143362894654274,-0.0302800536155701
E000V00024,-71.413,-31.39,-1.7629257440567,-1.59047055244446,-1.49119234085083,-1.42080080509186,-1.23951768875122,-0.510433375835419,-0.254282027482986,-0.13507205247879
E000V00023,-71.152,-31.633,-2.27469992637634,-2.11010003089905,-2.11820006370544,-2.05489993095398,-1.80099999904633,-0.770299971103668,-0.457500010728836,-0.299400001764297
E000V00025,-70.97,-31.783,-1.69879078865051,-1.52730298042297,-1.45126664638519,-1.38145458698273,-1.1965754032135,-0.488010972738266,-0.245079189538956,-0.12621283531189
E000320019,-70.707,-32.076,-1.61612105369568,-1.44187092781067,-1.38259887695312,-1.33440744876862,-1.17036747932434,-0.559462130069733,-0.3393714427948,-0.24555316567421
E000V00035,-70.926,-32.251,-1.6655021905899,-1.48197889328003,-1.45693707466125,-1.42439770698547,-1.26229643821716,-0.650123417377472,-0.423778831958771,-0.324268102645874
E000V00174,-70.464,-32.343,-1.47592556476593,-1.30504083633423,-1.25301373004913,-1.22752737998962,-1.09926891326904,-0.621267318725586,-0.425659447908401,-0.350482732057571
E000V00033,-70.819,-32.362,-2.27040004730225,-2.08839988708496,-2.19919991493225,-2.26690006256104,-2.06529998779297,-1.33850002288818,-1.0945999622345,-1.11249995231628
E000V00034,-71.441,-32.505,-1.6657829284668,-1.47046959400177,-1.42785620689392,-1.37576711177826,-1.22275018692017,-0.615673243999481,-0.405304133892059,-0.299175828695297
E000V00175,-71.014,-32.54,-1.6142201423645,-1.42671775817871,-1.40127015113831,-1.36944162845612,-1.21595418453217,-0.65521776676178,-0.440654844045639,-0.335517138242722
E000V00041,-70.725,-32.594,-1.61901926994324,-1.43671000003815,-1.419264793396,-1.40123498439789,-1.25291895866394,-0.731872081756592,-0.527361512184143,-0.444522023200989
E000V00176,-70.368,-32.618,-1.33010756969452,-1.16658341884613,-1.10457289218903,-1.08266365528107,-0.985215663909912,-0.604069948196411,-0.42667818069458,-0.346334666013718
E000V00040,-70.809,-32.757,-2.14949989318848,-1.95379996299744,-2.02539992332458,-2.04730010032654,-1.85469996929169,-1.1904000043869,-1.00750005245209,-1.04180002212524
E000V00031,-71.526,-32.789,-1.78578007221222,-1.58361005783081,-1.57125580310822,-1.54063844680786,-1.38726127147675,-0.774954974651337,-0.570481777191162,-0.477598696947098
E000V00037,-71.173,-32.79,-2.12069988250732,-1.90450000762939,-1.95930004119873,-1.95420002937317,-1.75999999046326,-0.851400017738342,-0.582300007343292,-0.500199973583221
E000320028,-71.227,-32.828,-2.12069988250732,-1.90450000762939,-1.95930004119873,-1.95420002937317,-1.75999999046326,-0.851400017738342,-0.582300007343292,-0.500199973583221
E000V00032,-70.382,-32.89,-1.45792710781097,-1.27619850635529,-1.23007452487946,-1.19283437728882,-1.06381177902222,-0.666744768619537,-0.483893275260925,-0.357637286186218
E000V00036,-71.207,-32.893,-1.72563374042511,-1.51797902584076,-1.50335216522217,-1.47076559066772,-1.31390571594238,-0.734208881855011,-0.527145266532898,-0.400684595108032
E000V00030,-71.517,-32.917,-1.73200857639313,-1.52065885066986,-1.50519227981567,-1.47504377365112,-1.32263159751892,-0.750845849514008,-0.550975799560547,-0.435438930988312
E000V00042,-71.261,-32.994,-1.72563374042511,-1.51797902584076,-1.50335216522217,-1.47076559066772,-1.31390571594238,-0.734208881855011,-0.527145266532898,-0.400684595108032
E000330002,-71.648,-33.023,-1.83167266845703,-1.61319613456726,-1.61062300205231,-1.59213018417358,-1.44292330741882,-0.841866016387939,-0.648516595363617,-0.557509303092957
E000330007,-71.556,-33.065,-1.73200857639313,-1.52065885066986,-1.50519227981567,-1.47504377365112,-1.32263159751892,-0.750845849514008,-0.550975799560547,-0.435438930988312
E000V00029,-71.4,-33.083,-1.73200857639313,-1.52065885066986,-1.50519227981567,-1.47504377365112,-1.32263159751892,-0.750845849514008,-0.550975799560547,-0.435438930988312
E000V00051,-70.834,-33.121,-1.61394155025482,-1.42440342903137,-1.40390491485596,-1.37331306934357,-1.22403740882874,-0.766326785087585,-0.579577147960663,-0.45424211025238
E000V00050,-70.66,-33.147,-2.05909991264343,-1.87409996986389,-1.93499994277954,-1.92850005626678,-1.74160003662109,-1.26059997081757,-1.11909997463226,-0.955299973487854
E000V00177,-71.46,-33.23,-1.79012072086334,-1.56296765804291,-1.55254423618317,-1.52731907367706,-1.37096500396729,-0.786906599998474,-0.58924412727356,-0.4609295129776
E000V00178,-71.155,-33.287,-2.19149994850159,-1.95239996910095,-1.98140001296997,-1.96840000152588,-1.80089998245239,-1.03219997882843,-0.828000009059906,-0.714800000190735
E000V00046,-70.502,-33.353,-1.5150750875473,-1.32893764972687,-1.27991211414337,-1.22993290424347,-1.08889472484589,-0.703402042388916,-0.528492271900177,-0.379955172538757
E000330021,-70.787,-33.378,-1.65361368656158,-1.45285260677338,-1.41152548789978,-1.35693049430847,-1.19500505924225,-0.778822362422943,-0.601708173751831,-0.422810852527618
E000V00043,-70.733,-33.42,-1.65361368656158,-1.45285260677338,-1.41152548789978,-1.35693049430847,-1.19500505924225,-0.778822362422943,-0.601708173751831,-0.422810852527618
E000V00055,-71.026,-33.439,-1.68047142028809,-1.46820080280304,-1.42802357673645,-1.37753713130951,-1.21526730060577,-0.7622190117836,-0.580028653144836,-0.408571034669876
E000V00038,-71.624,-33.439,-1.77166974544525,-1.53682124614716,-1.50880718231201,-1.47286951541901,-1.31027245521545,-0.783386528491974,-0.599869310855865,-0.452058136463165
E000330020,-70.683,-33.445,-1.65361368656158,-1.45285260677338,-1.41152548789978,-1.35693049430847,-1.19500505924225,-0.778822362422943,-0.601708173751831,-0.422810852527618
E000330019,-70.549,-33.455,-1.5145742893219,-1.31954979896545,-1.25205767154694,-1.18538844585419,-1.03726327419281,-0.664328336715698,-0.481705963611603,-0.305644512176514
E000V00044,-70.7,-33.467,-1.65361368656158,-1.45285260677338,-1.41152548789978,-1.35693049430847,-1.19500505924225,-0.778822362422943,-0.601708173751831,-0.422810852527618
E000V00047,-70.766,-33.517,-1.65361368656158,-1.45285260677338,-1.41152548789978,-1.35693049430847,-1.19500505924225,-0.778822362422943,-0.601708173751831,-0.422810852527618
E000V00039,-71.596,-33.543,-1.77166974544525,-1.53682124614716,-1.50880718231201,-1.47286951541901,-1.31027245521545,-0.783386528491974,-0.599869310855865,-0.452058136463165
E000V00045,-70.548,-33.545,-1.5145742893219,-1.31954979896545,-1.25205767154694,-1.18538844585419,-1.03726327419281,-0.664328336715698,-0.481705963611603,-0.305644512176514
E000V00058,-70.902,-33.608,-1.68047142028809,-1.46820080280304,-1.42802357673645,-1.37753713130951,-1.21526730060577,-0.7622190117836,-0.580028653144836,-0.408571034669876
E000V00048,-70.567,-33.617,-1.5145742893219,-1.31954979896545,-1.25205767154694,-1.18538844585419,-1.03726327419281,-0.664328336715698,-0.481705963611603,-0.305644512176514
E000330031,-78.833,-33.636,-0.443312525749207,-0.31035327911377,-0.333124250173569,-0.30757275223732,-0.230798214673996,-0.166394844651222,-0.0746839344501495,0.00582094397395849
E000330030,-71.613,-33.656,-1.87228035926819,-1.62018489837646,-1.58157014846802,-1.54090082645416,-1.36624491214752,-0.847261369228363,-0.6779745221138,-0.52049458026886
E000V00049,-70.089,-33.676,-1.35957133769989,-1.1483051776886,-0.999385714530945,-0.891415417194366,-0.776186466217041,-0.452638685703278,-0.214473724365234,0.0235243011265993
E000V00057,-71.101,-33.692,-1.77105307579041,-1.54723417758942,-1.49596285820007,-1.43603730201721,-1.26026654243469,-0.807991862297058,-0.634997546672821,-0.45201301574707
E000V00052,-70.707,-33.707,-2.1868999004364,-1.97730004787445,-1.97899997234344,-1.93019998073578,-1.72449994087219,-1.20299994945526,-1.07190001010895,-0.895299971103668
E000V00053,-70.639,-33.862,-2.1868999004364,-1.97730004787445,-1.97899997234344,-1.93019998073578,-1.72449994087219,-1.20299994945526,-1.07190001010895,-0.895299971103668
E000V00179,-70.22,-33.878,-1.49512004852295,-1.28758013248444,-1.14679157733917,-1.02298939228058,-0.861401498317719,-0.512390315532684,-0.307404607534409,-0.0857107043266296
E000V00056,-71.394,-33.941,-1.83920049667358,-1.58640837669373,-1.50517499446869,-1.42394590377808,-1.22470545768738,-0.745516180992126,-0.591376423835754,-0.424772948026657
E000V00068,-71.825,-33.959,-1.91977202892303,-1.65095794200897,-1.57037341594696,-1.49351179599762,-1.29135549068451,-0.775684297084808,-0.629704296588898,-0.479276895523071
E000V00064,-70.717,-33.983,-1.73378729820251,-1.51343047618866,-1.41945791244507,-1.32266473770142,-1.1299809217453,-0.720095872879028,-0.5490642786026,-0.343921571969986
E000V00054,-70.995,-34.029,-1.74972450733185,-1.51969432830811,-1.43170273303986,-1.34136688709259,-1.14690601825714,-0.718456387519836,-0.550916314125061,-0.356488943099976
E000V00059,-70.772,-34.169,-2.480299949646,-2.21050000190735,-2.05830001831055,-1.91929996013641,-1.63559997081757,-1.09119999408722,-0.995500028133392,-0.821099996566772
E000V00180,-70.402,-34.203,-1.61802244186401,-1.39819073677063,-1.24553346633911,-1.10649597644806,-0.912684619426727,-0.534415245056152,-0.343230158090591,-0.110156044363976
E000V00061,-70.997,-34.215,-1.83569407463074,-1.59436571598053,-1.47020137310028,-1.3482940196991,-1.12405300140381,-0.688676953315735,-0.534265220165253,-0.334727644920349
E000V00062,-71.3,-34.217,-2.59400010108948,-2.27320003509521,-2.10050010681152,-1.95439994335175,-1.64579999446869,-1.01929998397827,-0.918799996376038,-0.775300025939941
E000V00060,-70.948,-34.261,-1.83569407463074,-1.59436571598053,-1.47020137310028,-1.3482940196991,-1.12405300140381,-0.688676953315735,-0.534265220165253,-0.334727644920349
E000V00066,-70.812,-34.279,-2.480299949646,-2.21050000190735,-2.05830001831055,-1.91929996013641,-1.63559997081757,-1.09119999408722,-0.995500028133392,-0.821099996566772
E000V00065,-70.834,-34.322,-2.480299949646,-2.21050000190735,-2.05830001831055,-1.91929996013641,-1.63559997081757,-1.09119999408722,-0.995500028133392,-0.821099996566772
E000V00067,-72.019,-34.394,-1.81849455833435,-1.55643975734711,-1.40706133842468,-1.25696396827698,-1.0208991765976,-0.578511238098145,-0.485208988189697,-0.34258833527565
E000V00063,-70.21,-34.411,-1.4270988702774,-1.21071982383728,-1.01226663589478,-0.84217232465744,-0.658981084823608,-0.309853881597519,-0.0690603330731392,0.220639184117317
E000V00071,-71.463,-34.485,-1.82336628437042,-1.57143092155457,-1.42601633071899,-1.27653360366821,-1.02677190303802,-0.580403447151184,-0.455326646566391,-0.278363168239594
E000V00069,-71.898,-34.645,-1.85122585296631,-1.58514618873596,-1.41799652576447,-1.24317121505737,-0.980242371559143,-0.543663203716278,-0.474430710077286,-0.336969345808029
E000V00072,-71.4,-34.691,-1.83686482906342,-1.58752799034119,-1.41079831123352,-1.22519981861115,-0.943336606025696,-0.495899021625519,-0.389060646295547,-0.210696041584015
E000V00070,-71.63,-34.714,-2.5543999671936,-2.24060010910034,-1.93079996109009,-1.64429998397827,-1.22549998760223,-0.550400018692017,-0.489199995994568,-0.351799994707108
E000340044,-71.02,-34.721,-1.74622201919556,-1.51433026790619,-1.33718109130859,-1.15243792533875,-0.881739795207977,-0.454231023788452,-0.306737065315247,-0.0830931812524796
E000V00181,-70.52,-34.781,-1.51422715187073,-1.29350125789642,-1.09465420246124,-0.908056020736694,-0.687481284141541,-0.305807948112488,-0.0913605764508247,0.192857921123505
E000V00086,-72.026,-34.855,-1.85122585296631,-1.58514618873596,-1.41799652576447,-1.24317121505737,-0.980242371559143,-0.543663203716278,-0.474430710077286,-0.336969345808029
E000V00084,-71.125,-34.96,-1.59582686424255,-1.37338733673096,-1.204256772995,-1.0164794921875,-0.759371757507324,-0.37277165055275,-0.22325798869133,0.0144152920693159
E000V00083,-71.832,-34.968,-1.73651504516602,-1.48636412620544,-1.31646692752838,-1.12700462341309,-0.861222624778748,-0.465622961521149,-0.40471550822258,-0.249771639704704
E000340031,-71.217,-34.969,-1.71508073806763,-1.48302316665649,-1.30731153488159,-1.11192989349365,-0.82953280210495,-0.416828066110611,-0.301766842603683,-0.0985978022217751
E000V00085,-70.811,-35,-1.57186818122864,-1.35321235656738,-1.16702330112457,-0.968550801277161,-0.715261697769165,-0.318975001573563,-0.139507472515106,0.130646467208862
E000V00076,-71.956,-35.128,-1.56740868091583,-1.31698668003082,-1.17858564853668,-1.00489115715027,-0.778232097625732,-0.476337254047394,-0.482486546039581,-0.366040885448456
E000V00182,-70.83,-35.398,-1.32793533802032,-1.12572956085205,-0.96166330575943,-0.75813215970993,-0.530596256256104,-0.201451510190964,-0.0237843077629805,0.273081421852112
E000V00079,-71.467,-35.419,-1.41534912586212,-1.18909084796906,-1.06490170955658,-0.888629496097565,-0.664323151111603,-0.389626950025558,-0.345713466405869,-0.15504053235054
E000V00078,-71.7,-35.533,-1.45531368255615,-1.21638321876526,-1.09393799304962,-0.919209420681,-0.700137794017792,-0.441515028476715,-0.446788430213928,-0.28975236415863
E000V00074,-71.454,-35.663,-1.29411494731903,-1.06909036636353,-0.968618452548981,-0.798175156116486,-0.59742796421051,-0.385702580213547,-0.380078703165054,-0.183410108089447
E000V00077,-72.082,-35.672,-1.28765141963959,-1.04367613792419,-0.969254672527313,-0.820411086082458,-0.646722018718719,-0.491055369377136,-0.573303401470184,-0.443473160266876
E000V00080,-71.062,-35.699,-1.22517657279968,-1.02207267284393,-0.894594609737396,-0.705473065376282,-0.498694539070129,-0.240779042243958,-0.133688688278198,0.127739235758781
E000V00081,-72.511,-35.707,-1.19359946250916,-0.948002636432648,-0.909021615982056,-0.790411174297333,-0.653859853744507,-0.547772526741028,-0.696532726287842,-0.640662431716919
E000V00075,-71.631,-35.753,-1.63419997692108,-1.3532999753952,-1.22409999370575,-1.02839994430542,-0.806400001049042,-0.618799984455109,-0.791299998760223,-0.660700023174286
E000V00082,-72.587,-35.836,-1.19359946250916,-0.948002636432648,-0.909021615982056,-0.790411174297333,-0.653859853744507,-0.547772526741028,-0.696532726287842,-0.640662431716919
E000V00183,-71.05,-36.06,-1.05436658859253,-0.85996025800705,-0.765794217586517,-0.591241776943207,-0.410416096448898,-0.216686949133873,-0.122892171144485,0.142764806747437
E000V00087,-72.783,-36.133,-1.29250001907349,-1.03260004520416,-1.07860004901886,-0.995100021362305,-0.924099981784821,-0.957599997520447,-1.36150002479553,-1.27530002593994
E000V00073,-71.548,-36.257,-0.9535973072052,-0.746067464351654,-0.704963803291321,-0.549824953079224,-0.392138421535492,-0.297313779592514,-0.334802806377411,-0.111094072461128
E000V00091,-71.9,-36.292,-1.05106616020203,-0.821336925029755,-0.806288778781891,-0.670971810817719,-0.526277184486389,-0.476013034582138,-0.598961591720581,-0.40554803609848
E000V00090,-72.64,-36.43,-0.977471113204956,-0.758352756500244,-0.825414299964905,-0.761489033699036,-0.680119454860687,-0.652397036552429,-0.873796105384827,-0.765610158443451
E000V00088,-72.699,-36.492,-0.977471113204956,-0.758352756500244,-0.825414299964905,-0.761489033699036,-0.680119454860687,-0.652397036552429,-0.873796105384827,-0.765610158443451
E000V00092,-71.549,-36.56,-0.839002430438995,-0.636814177036285,-0.615975201129913,-0.468321800231934,-0.325301438570023,-0.258190035820007,-0.297507464885712,-0.0765897408127785
E000360011,-72.037,-36.586,-0.958080947399139,-0.733711004257202,-0.739578664302826,-0.61364084482193,-0.480336248874664,-0.447493940591812,-0.565984070301056,-0.367812693119049
E000V00089,-72.603,-36.625,-0.957756042480469,-0.730474352836609,-0.795430064201355,-0.716862320899963,-0.624625504016876,-0.617216110229492,-0.826769530773163,-0.672814726829529
E000V00099,-72.965,-36.672,-0.817143082618713,-0.620956540107727,-0.745332777500153,-0.728924930095673,-0.677968859672546,-0.637973368167877,-0.883097946643829,-0.829343020915985
E000V00096,-72.704,-36.697,-1.02369999885559,-0.817600011825562,-0.96560001373291,-0.958000004291534,-0.944500029087067,-0.953100025653839,-1.38759994506836,-1.29209995269775
E000V00098,-72.983,-36.733,-0.817143082618713,-0.620956540107727,-0.745332777500153,-0.728924930095673,-0.677968859672546,-0.637973368167877,-0.883097946643829,-0.829343020915985
E000360019,-73.066,-36.781,-0.817143082618713,-0.620956540107727,-0.745332777500153,-0.728924930095673,-0.677968859672546,-0.637973368167877,-0.883097946643829,-0.829343020915985
E000V00184,-71.5,-36.88,-0.711401402950287,-0.502496182918549,-0.5229412317276,-0.391874760389328,-0.268968313932419,-0.246383398771286,-0.321189761161804,-0.119124658405781
E000V00093,-72.099,-36.977,-0.843371093273163,-0.613959133625031,-0.666766464710236,-0.565832138061523,-0.452260464429855,-0.44711297750473,-0.589930713176727,-0.410827994346619
E000V00095,-73.14,-37.005,-0.725492894649506,-0.535223305225372,-0.691650748252869,-0.700627624988556,-0.662852466106415,-0.609516561031342,-0.865959048271179,-0.849354863166809
E000V00106,-72.403,-37.035,-0.873760044574738,-0.647405683994293,-0.736841261386871,-0.675048351287842,-0.588171660900116,-0.575511634349823,-0.76877224445343,-0.63810658454895
E000V00097,-73.155,-37.092,-0.725492894649506,-0.535223305225372,-0.691650748252869,-0.700627624988556,-0.662852466106415,-0.609516561031342,-0.865959048271179,-0.849354863166809
E000V00105,-71.245,-37.111,-0.63336855173111,-0.436878621578217,-0.436218857765198,-0.285977125167847,-0.162614583969116,-0.132613405585289,-0.179768949747086,0.0375235937535763
E000V00094,-72.012,-37.141,-0.817464053630829,-0.57623428106308,-0.658496379852295,-0.576048016548157,-0.472579926252365,-0.478485822677612,-0.650478720664978,-0.493504583835602
E000V00108,-72.946,-37.167,-0.758782684803009,-0.547541260719299,-0.697661519050598,-0.689909756183624,-0.638015449047089,-0.596942186355591,-0.838270664215088,-0.787520945072174
E000V00107,-72.328,-37.213,-1.06040000915527,-0.773500025272369,-0.890399992465973,-0.836600005626678,-0.751399993896484,-0.822000026702881,-1.18900001049042,-1.01199996471405
E000V00111,-71.949,-37.293,-0.817464053630829,-0.57623428106308,-0.658496379852295,-0.576048016548157,-0.472579926252365,-0.478485822677612,-0.650478720664978,-0.493504583835602
E000V00100,-73.437,-37.305,-0.713486969470978,-0.516516983509064,-0.686496257781982,-0.702810049057007,-0.667936384677887,-0.609170377254486,-0.870421409606934,-0.85093742609024
E000V00185,-71.566,-37.323,-0.688104152679443,-0.465471148490906,-0.509232044219971,-0.388528347015381,-0.27327424287796,-0.270162492990494,-0.381151586771011,-0.193463027477264
E000370033,-72.424,-37.397,-0.772880136966705,-0.53045666217804,-0.671387135982513,-0.63930356502533,-0.563216626644135,-0.545263528823853,-0.73242574930191,-0.650121092796326
E000V00186,-72.83,-37.418,-0.759012937545776,-0.521323144435883,-0.678205788135529,-0.662298917770386,-0.598164677619934,-0.565037906169891,-0.780023157596588,-0.71994811296463
E000V00103,-73.33,-37.485,-0.691707611083984,-0.473242878913879,-0.648607015609741,-0.654269933700562,-0.606499791145325,-0.542264699935913,-0.783998787403107,-0.755810678005219
E000V00110,-71.875,-37.536,-0.735500037670135,-0.483016669750214,-0.578509569168091,-0.495896488428116,-0.395267844200134,-0.404117047786713,-0.564060986042023,-0.423595309257507
E000V00104,-73.462,-37.627,-0.616272807121277,-0.397291839122772,-0.588424503803253,-0.607044696807861,-0.560648143291473,-0.48915421962738,-0.715580880641937,-0.698487818241119
E000V00109,-72.007,-37.685,-0.736221432685852,-0.466073662042618,-0.614138543605804,-0.570466279983521,-0.487203180789948,-0.489304035902023,-0.667815268039703,-0.582219123840332
E000V00116,-72.605,-37.726,-0.750840187072754,-0.490281879901886,-0.664002478122711,-0.649323523044586,-0.579768478870392,-0.558393716812134,-0.751573741436005,-0.699194729328156
E000V00101,-73.412,-37.892,-0.29742819070816,-0.125967815518379,-0.277009814977646,-0.28564190864563,-0.241481199860573,-0.195806384086609,-0.335313498973846,-0.321984738111496
E000V00102,-73.097,-37.95,-0.513534069061279,-0.303685367107391,-0.483774721622467,-0.484842866659164,-0.430347293615341,-0.39497697353363,-0.544829785823822,-0.526872634887695
E000V00112,-71.435,-38.057,-0.569266855716705,-0.31158635020256,-0.459135085344315,-0.384122610092163,-0.291372716426849,-0.292441755533218,-0.420168459415436,-0.331756681203842
E000V00114,-72.298,-38.146,-0.785899996757507,-0.394699990749359,-0.784900009632111,-0.875999987125397,-0.844099998474121,-0.833299994468689,-1.15680003166199,-1.22909998893738
E000V00117,-72.273,-38.228,-0.785899996757507,-0.394699990749359,-0.784900009632111,-0.875999987125397,-0.844099998474121,-0.833299994468689,-1.15680003166199,-1.22909998893738
E000V00113,-71.233,-38.25,-0.43189999461174,-0.0531000010669231,-0.323199987411499,-0.264299988746643,-0.186499997973442,-0.186700001358986,-0.530399978160858,-0.536700010299683
E000V00188,-72.956,-38.207,-0.345216661691666,-0.163837507367134,-0.348050594329834,-0.358490496873856,-0.314352452754974,-0.297952771186829,-0.407819509506226,-0.411404758691788
E000V00187,-71.75,-38.414,-0.461589008569717,-0.197354421019554,-0.454640924930573,-0.414105236530304,-0.325454980134964,-0.288904964923859,-0.41657480597496,-0.388734757900238
E000V00121,-72.399,-38.435,-0.472320079803467,-0.246737658977509,-0.487966269254684,-0.49702125787735,-0.435222536325455,-0.417766243219376,-0.536975383758545,-0.534951210021973
E000V00129,-72.85,-38.446,-0.344766467809677,-0.158550426363945,-0.363847404718399,-0.375324577093124,-0.325777739286423,-0.310376137495041,-0.409882873296738,-0.418219834566116
E000V00126,-72.224,-38.675,-0.764900028705597,-0.393400013446808,-0.931299984455109,-1.07720005512238,-1.07379996776581,-1.16600000858307,-1.48979997634888,-1.52149999141693
E000V00115,-71.141,-38.732,-0.215900003910065,0.089699998497963,-0.355500012636185,-0.319099992513657,-0.244200006127357,-0.17620000243187,-0.394300013780594,-0.402700006961823
E000380013,-72.46,-38.768,-0.300985455513,-0.0946259424090385,-0.346831142902374,-0.363995462656021,-0.304892748594284,-0.285657703876495,-0.388136565685272,-0.390580773353577
E000V00120,-71.683,-38.834,-0.241500005125999,0.065700002014637,-0.393599987030029,-0.36489999294281,-0.266699999570847,-0.158999994397163,-0.354000002145767,-0.347200006246567
E000V00128,-72.787,-39.022,-0.241913691163063,-0.0568288452923298,-0.321085393428802,-0.332611709833145,-0.250997275114059,-0.17650118470192,-0.226391330361366,-0.235241904854774
E000V00127,-72.252,-39.007,-0.516417980194092,-0.260212779045105,-0.601758420467377,-0.618225455284119,-0.531531274318695,-0.477890431880951,-0.586928367614746,-0.590049743652344
E000V00122,-72.922,-39.071,-0.222674682736397,-0.050547331571579,-0.301855742931366,-0.308804780244827,-0.224252119660378,-0.146279275417328,-0.1861372590065,-0.198878258466721
E000V00118,-72.615,-39.103,-0.395120859146118,-0.176432520151138,-0.471036285161972,-0.480956196784973,-0.394733488559723,-0.331828385591507,-0.408317804336548,-0.414168208837509
E000V00124,-73.133,-39.165,-0.601599991321564,-0.359899997711182,-0.900699973106384,-0.94980001449585,-0.7882000207901,-0.526600003242493,-0.517899990081787,-0.541599988937378
E000V00125,-72.261,-39.196,-0.865100026130676,-0.487399995326996,-1.06299996376038,-1.15320003032684,-1.04509997367859,-0.908900022506714,-1.06439995765686,-1.07000005245209
E000V00119,-71.868,-39.262,-0.427100002765656,-0.107799999415874,-0.603299975395203,-0.570999979972839,-0.427300006151199,-0.220400005578995,-0.345899999141693,-0.319999992847443
E000V00123,-71.926,-39.289,-0.463555932044983,-0.215964883565903,-0.56087738275528,-0.543355703353882,-0.428416222333908,-0.321767032146454,-0.397830069065094,-0.400709331035614
E000V00189,-72.55,-39.373,-0.503386497497559,-0.263549208641052,-0.622201859951019,-0.635808169841766,-0.524554491043091,-0.413787961006165,-0.4776571393013,-0.491617262363434
E000V00190,-73.177,-39.39,-0.434984475374222,-0.249110072851181,-0.62389075756073,-0.629872441291809,-0.485963553190231,-0.322146236896515,-0.337802052497864,-0.381013154983521
E000V00131,-72.95,-39.632,-0.41178497672081,-0.232252046465874,-0.611195862293243,-0.609715044498444,-0.448591977357864,-0.265258222818375,-0.283750832080841,-0.341036081314087
E000390006,-73.087,-39.657,-0.41178497672081,-0.232252046465874,-0.611195862293243,-0.609715044498444,-0.448591977357864,-0.265258222818375,-0.283750832080841,-0.341036081314087
E000V00130,-72.501,-39.863,-0.419554740190506,-0.219919189810753,-0.581958889961243,-0.568084716796875,-0.411058276891708,-0.231491893529892,-0.267813593149185,-0.321188867092133
E000V00191,-71.91,-39.88,-0.31512787938118,-0.12644350528717,-0.434935420751572,-0.383474797010422,-0.227510839700699,-0.0405566841363907,-0.100451454520226,-0.183504208922386
E000V00132,-72.927,-40.096,-0.435850471258163,-0.253323167562485,-0.603232562541962,-0.589878559112549,-0.424243330955505,-0.247487872838974,-0.305097222328186,-0.395950525999069
E000V00134,-72.415,-40.134,-0.420651942491531,-0.228658765554428,-0.560555338859558,-0.528948903083801,-0.353298366069794,-0.157159328460693,-0.252351969480515,-0.37942311167717
E000V00193,-73.647,-40.168,-0.589200019836426,-0.36829999089241,-0.797599971294403,-0.73879998922348,-0.476300001144409,-0.126900002360344,-0.258599996566772,-0.418900012969971
E000V00133,-73.024,-40.317,-0.468991309404373,-0.281313955783844,-0.623030006885529,-0.60029548406601,-0.419846951961517,-0.227564767003059,-0.327863693237305,-0.455671161413193
E000V00135,-72.979,-40.323,-0.468991309404373,-0.281313955783844,-0.623030006885529,-0.60029548406601,-0.419846951961517,-0.227564767003059,-0.327863693237305,-0.455671161413193
E000V00139,-73.308,-40.348,-0.558300018310547,-0.358000010251999,-0.779500007629395,-0.722699999809265,-0.451099991798401,-0.0863000005483627,-0.223100006580353,-0.347699999809265
E000V00192,-72,-40.52,-0.270688891410828,-0.0951425582170486,-0.383153229951859,-0.335249036550522,-0.178317561745644,0.00986231025308371,-0.0985899493098259,-0.265958786010742
E000400009,-73.058,-40.614,-0.450152277946472,-0.268493980169296,-0.584856808185577,-0.565642058849335,-0.397102624177933,-0.239952236413956,-0.369052052497864,-0.538623332977295
E000V00194,-72.116,-40.623,-0.270688891410828,-0.0951425582170486,-0.383153229951859,-0.335249036550522,-0.178317561745644,0.00986231025308371,-0.0985899493098259,-0.265958786010742
E000V00136,-73.152,-40.765,-0.592599987983704,-0.407099992036819,-0.761600017547607,-0.709500014781952,-0.458000004291534,-0.168300002813339,-0.437299996614456,-0.67849999666214
E000V00138,-73.157,-40.861,-0.592599987983704,-0.407099992036819,-0.761600017547607,-0.709500014781952,-0.458000004291534,-0.168300002813339,-0.437299996614456,-0.67849999666214
E000V00195,-73.815,-40.873,-0.517300009727478,-0.318500012159348,-0.669399976730347,-0.60369998216629,-0.354099988937378,-0.0687000006437302,-0.321000009775162,-0.649500012397766
E000V00137,-72.886,-40.957,-0.402221262454987,-0.229912936687469,-0.51635605096817,-0.519261121749878,-0.377116441726685,-0.305147916078568,-0.492503106594086,-0.79773485660553
E000V00142,-73.377,-41.115,-0.419744074344635,-0.247175827622414,-0.533382713794708,-0.539576053619385,-0.398364126682281,-0.332846075296402,-0.522237837314606,-0.838580727577209
E000V00197,-72.339,-41.142,-0.332800000905991,-0.117200002074242,-0.433299988508224,-0.417400002479553,-0.213599994778633,-0.0137999998405576,-0.384999990463257,-0.990599989891052
E000V00143,-73.009,-41.259,-0.373741000890732,-0.204691663384438,-0.480486989021301,-0.501931667327881,-0.376051247119904,-0.362135708332062,-0.58605968952179,-0.999629259109497
E000V00196,-73.809,-41.359,-0.43970000743866,-0.260500013828278,-0.544700026512146,-0.561500012874603,-0.392699986696243,-0.350499987602234,-0.714999973773956,-1.3938000202179
E000410005,-73.096,-41.448,-0.362802952528,-0.194977194070816,-0.474643409252167,-0.513665854930878,-0.408790081739426,-0.442532002925873,-0.661421597003937,-1.05794990062714
E000V00198,-72.275,-41.579,-0.273452877998352,-0.0949618443846703,-0.379406630992889,-0.393860727548599,-0.27353698015213,-0.252451419830322,-0.479831427335739,-0.835243403911591
E000V00144,-73.672,-41.71,-0.441399991512299,-0.267100006341934,-0.547800004482269,-0.614199995994568,-0.488499999046326,-0.578499972820282,-0.942799985408783,-1.63979995250702
E000V00140,-72.435,-41.938,-0.299479842185974,-0.132983297109604,-0.450000762939453,-0.513936877250671,-0.445011228322983,-0.555281102657318,-0.774799227714539,-1.07688355445862
E000V00141,-71.865,-42.075,-0.0556462034583092,0.10324851423502,-0.178070336580276,-0.206169903278351,-0.120080374181271,-0.216709032654762,-0.455507338047028,-0.748678684234619
E000V00151,-72.417,-42.1,-0.299479842185974,-0.132983297109604,-0.450000762939453,-0.513936877250671,-0.445011228322983,-0.555281102657318,-0.774799227714539,-1.07688355445862
E000V00149,-73.49,-42.157,-0.43300199508667,-0.24763086438179,-0.580015063285828,-0.683661103248596,-0.63664048910141,-0.793541610240936,-1.00704252719879,-1.35438227653503
E000V00199,-74.078,-42.285,-0.431063294410706,-0.239012986421585,-0.555824518203735,-0.664800643920898,-0.619762539863586,-0.775286436080933,-0.980106890201569,-1.34048092365265
E000V00201,-72.663,-42.355,-0.58899998664856,-0.367500007152557,-0.768599987030029,-0.870500028133392,-0.798099994659424,-0.985499978065491,-1.34720003604889,-1.78229999542236
E000V00147,-73.568,-42.404,-0.43899005651474,-0.24888488650322,-0.61467719078064,-0.742369294166565,-0.727766394615173,-0.920850157737732,-1.10229706764221,-1.37325823307037
E000V00148,-73.633,-42.583,-0.452262192964554,-0.2499128729105,-0.6122927069664,-0.743557214736938,-0.72546923160553,-0.919653058052063,-1.10489630699158,-1.40429270267487
E000V00146,-73.789,-42.704,-0.602500021457672,-0.314999997615814,-0.797399997711182,-0.984200000762939,-0.995199978351593,-1.30610001087189,-1.52400004863739,-1.85420000553131
E000V00145,-72.717,-42.883,-0.345428019762039,-0.205477118492126,-0.668981075286865,-0.86652272939682,-0.949794113636017,-1.29478752613068,-1.46069526672363,-1.5365514755249
E000430002,-71.852,-43.189,-0.00879999995231628,0.0137000000104308,-0.657000005245209,-1.08589994907379,-1.47630000114441,-2.50069999694824,-2.84369993209839,-2.57890009880066
E000V00200,-74.295,-43.208,-0.564599990844727,-0.181700006127357,-0.802699983119965,-1.07599997520447,-1.16439998149872,-1.49010002613068,-1.59300005435944,-1.79879999160767
E000V00202,-72.85,-43.364,-0.345800012350082,-0.241500005125999,-0.935500025749207,-1.27439999580383,-1.51199996471405,-2.1408998966217,-2.33249998092651,-2.21740007400513
E000V00150,-72.126,-43.474,-0.218957975506783,-0.130531415343285,-0.609706699848175,-0.871661186218262,-1.03956758975983,-1.52815735340118,-1.68881487846375,-1.65358638763428
E000430004,-71.801,-43.612,-0.161786422133446,-0.093317523598671,-0.548767745494843,-0.811256587505341,-0.995625615119934,-1.53667211532593,-1.70177638530731,-1.62714242935181
E000V00153,-73.74,-43.89,-0.493719875812531,-0.29904705286026,-0.788775563240051,-1.0766396522522,-1.21534299850464,-1.49665975570679,-1.53609645366669,-1.57260143756866
E000V00152,-72.387,-43.917,-0.303119033575058,-0.195165574550629,-0.636858701705933,-0.902681946754456,-1.04388070106506,-1.39993262290955,-1.50897669792175,-1.54695653915405
E000V00154,-71.847,-44.24,-0.386700004339218,-0.286300003528595,-0.844299972057343,-1.2364000082016,-1.49290001392365,-2.03449988365173,-2.25909996032715,-2.30570006370544
E000V00203,-73.097,-44.729,-0.481014132499695,-0.366533130407333,-0.69090211391449,-0.931848585605621,-0.990701854228973,-1.15669906139374,-1.2505921125412,-1.39314067363739
E000450001,-72.677,-45.399,-0.472092479467392,-0.379651546478271,-0.585478663444519,-0.770979046821594,-0.782103657722473,-0.833654582500458,-0.946734666824341,-1.1210902929306
E000450004,-72.102,-45.591,-0.360103875398636,-0.247080817818642,-0.411544770002365,-0.566113531589508,-0.574740469455719,-0.609491169452667,-0.754958093166351,-1.04820454120636
E000450005,-71.678,-45.918,-0.31636318564415,-0.177284643054008,-0.283526450395584,-0.421556919813156,-0.421067267656326,-0.389501571655273,-0.516402304172516,-0.828337252140045
E000V00157,-71.941,-46.278,-0.288666635751724,-0.166112259030342,-0.263711094856262,-0.402423739433289,-0.396611124277115,-0.330426841974258,-0.433347880840302,-0.656511127948761
E000V00205,-74.778,-46.355,-0.0500000007450581,-0.0392999984323978,-0.0957999974489212,-0.119400002062321,-0.0650999993085861,0.157499998807907,-0.321999996900558,-0.563499987125397
E000V00204,-73.336,-46.569,-0.15440072119236,-0.0944615826010704,-0.174472600221634,-0.279417484998703,-0.259607255458832,-0.134593069553375,-0.329983085393906,-0.496323376893997
E000460001,-71.685,-46.585,-0.215998709201813,-0.0974835306406021,-0.184504523873329,-0.318843901157379,-0.312547445297241,-0.215382322669029,-0.263092428445816,-0.456071704626083
E000470001,-72.583,-47.244,0.288307636976242,0.295873641967773,0.229585453867912,0.100364692509174,0.0797078385949135,0.248206153512001,0.123362742364407,-0.0320496298372746
E000V00156,-73.536,-47.8,0.506895959377289,0.519203007221222,0.512166261672974,0.508311867713928,0.564248323440552,0.801481366157532,0.541848361492157,0.282970100641251
E000V00155,-72.56,-48.471,0.455589205026627,0.449582368135452,0.444260150194168,0.410634189844131,0.430809944868088,0.676166296005249,0.484142005443573,0.225239098072052
E000V00206,-73.941,-48.958,0.428468078374863,0.458456516265869,0.483419328927994,0.525921404361725,0.585071384906769,0.784261465072632,0.527406990528107,0.237671852111816
E000V00207,-73.57,-51.07,-0.502454459667206,-0.424082487821579,-0.343564361333847,-0.314219057559967,-0.291496247053146,-0.185111060738564,-0.329027771949768,-0.443167358636856
E000V00158,-72.967,-51.184,-0.697613120079041,-0.609860897064209,-0.522867023944855,-0.508195281028748,-0.495802491903305,-0.401669800281525,-0.563994109630585,-0.669862508773804
E000V00159,-71.164,-52.309,-0.316000014543533,-0.199599996209145,-0.245600000023842,-0.593400001525879,-0.68970000743866,-1.00349998474121,-1.74759995937347,-1.7688000202179
E000V00161,-70.361,-52.432,-0.236252874135971,-0.158935651183128,-0.173740312457085,-0.440996915102005,-0.522641599178314,-0.617874920368195,-1.14740383625031,-1.34841895103455
E000V00160,-71.505,-52.601,-0.476875782012939,-0.394837498664856,-0.424327373504639,-0.652277767658234,-0.72476190328598,-0.909829020500183,-1.37359142303467,-1.37200033664703
E000V00162,-69.27,-52.8,-0.0807000026106834,-0.0031999999191612,-0.0910999998450279,-0.423500001430511,-0.544399976730347,-0.726100027561188,-1.3014999628067,-1.6923999786377
E000520006,-70.839,-53.002,-0.372945159673691,-0.295869171619415,-0.359402239322662,-0.650968432426453,-0.755886435508728,-1.03534722328186,-1.61236965656281,-1.60599029064178
E000530005,-70.326,-53.254,-0.429500013589859,-0.337000012397766,-0.453999996185303,-0.813099980354309,-0.960099995136261,-1.37769997119904,-2.05270004272461,-1.97329998016357
E000V00208,-71.38,-53.8,-0.482715725898743,-0.418756514787674,-0.502454280853271,-0.802807986736298,-0.916900098323822,-1.27008557319641,-1.80251502990723,-1.65333473682404
E000V00163,-68.804,-54.051,-0.0768083482980728,-0.189538776874542,-0.306563764810562,-0.614386856555939,-0.725195646286011,-1.0243501663208,-1.39536643028259,-1.42237508296967
E000550001,-67.616,-54.932,-0.272013604640961,-0.464292943477631,-0.505868077278137,-0.791176855564117,-0.857207000255585,-1.27639210224152,-1.68307149410248,-1.53817522525787
