Estacion,Lat,Lon,meses:1,3,6,9,12,24,36,48
E000V00003,-17.595,-69.478,-1.01,-1.41,-0.85,-0.43,-0.38,-0.58,0.07,0.28
E000V00002,-18.197,-69.554,-1.42,-1.75,-1.38,-0.75,-0.74,-1.55,-0.50,0.55
E000180005,-18.356,-70.340,-1.29,-1.22,-1.06,-0.77,-0.53,-0.09,0.70,2.33
E000V00001,-19.011,-69.857,-1.38,-1.62,-1.68,-1.38,-1.27,-1.80,-1.20,-1.35
E000V00006,-19.276,-68.638,-1.08,-1.21,-1.29,-0.76,-0.76,-1.30,-0.32,-0.48
E000V00005,-19.313,-69.427,-1.16,-1.33,-1.44,-1.00,-0.88,-1.31,-0.66,-1.04
E000V00007,-19.996,-69.767,-1.43,-1.56,-1.66,-1.42,-1.34,-1.49,-1.08,-1.25
E000V00004,-20.250,-70.117,-1.59,-1.73,-1.79,-1.54,-1.63,-1.58,-1.27,-1.40
E000V00008,-20.501,-69.342,-1.53,-1.63,-1.73,-1.41,-1.60,-1.57,-1.08,-1.19
E000200006,-20.549,-70.181,-0.68,-0.79,-0.59,-0.39,-0.23,0.58,1.76,2.33
E000V00011,-21.224,-68.255,-1.26,-0.63,-0.30,-0.01,0.05,0.34,0.50,0.60
E000V00013,-22.091,-70.200,-1.76,-1.88,-1.55,-0.64,-1.25,-0.68,0.61,0.89
E000V00014,-22.350,-69.666,-1.53,-1.66,-1.24,-0.42,-0.91,-0.27,0.49,1.24
E000220002,-22.498,-68.892,0.01,0.10,-0.02,-0.40,-0.21,-0.32,-1.00,-1.12
E000V00009,-22.892,-69.320,-0.82,-0.78,-0.03,0.21,0.07,0.74,1.08,0.91
E000V00012,-22.932,-68.213,-0.34,-0.26,-0.10,-0.32,-0.24,-0.26,-0.40,-0.51
E000230001,-23.454,-70.445,-1.38,-1.58,-1.55,-1.12,-0.79,-0.09,0.58,0.88
E000V00166,-23.600,-67.440,-0.39,-0.44,-0.31,-0.56,-0.42,-0.48,-0.60,-0.61
E000V00165,-23.940,-68.570,-0.18,-0.24,-0.14,-0.34,-0.22,-0.26,-0.56,-0.69
E000V00164,-24.510,-69.690,-0.19,-0.21,-0.01,-0.25,-0.19,-0.32,-0.60,-0.71
E000V00167,-25.000,-69.300,-0.18,-0.21,-0.06,-0.31,-0.22,-0.33,-0.62,-0.72
E000V00010,-25.411,-70.484,-0.26,-0.20,0.13,-0.09,-0.05,-0.30,-0.54,-0.57
E000V00168,-25.700,-69.270,-0.31,-0.21,0.13,0.05,0.05,-0.15,-0.42,-0.45
E000V00169,-26.250,-68.990,-0.71,0.08,1.05,0.61,0.54,0.62,0.06,1.36
E000V00016,-26.332,-70.611,-0.42,-0.42,0.10,0.42,0.43,0.33,0.04,0.09
E000V00017,-26.391,-70.046,-0.35,-0.36,-0.07,0.27,0.46,0.49,0.19,0.19
E000V00170,-27.070,-69.330,-0.64,0.08,1.24,0.72,0.40,0.91,0.43,2.33
E000270008,-27.254,-70.781,0.08,0.73,1.01,0.73,1.05,2.33,2.33,2.33
E000270009,-27.359,-70.353,0.15,0.24,0.99,0.76,0.79,0.74,0.39,0.01
E000V00171,-27.980,-69.810,-0.46,0.06,0.62,1.13,0.82,2.32,1.40,2.33
E000V00019,-28.463,-71.225,-0.23,0.00,0.21,0.79,0.82,1.28,0.99,1.06
E000V00018,-28.768,-70.449,-0.40,0.09,0.68,1.12,0.91,2.33,1.24,2.19
E000V00015,-28.976,-70.000,-0.49,0.11,1.06,1.07,0.73,2.33,1.12,2.33
E000V00021,-29.372,-71.116,-0.27,0.04,0.34,0.95,1.06,2.33,2.33,2.33
E000290004,-29.914,-71.207,-0.44,0.09,0.32,0.50,0.95,2.33,2.33,2.33
E000V00022,-30.031,-70.721,-0.23,0.08,0.86,0.43,0.25,0.36,-0.07,0.07
E000V00020,-30.234,-71.082,-0.17,0.08,0.94,0.65,0.50,0.60,0.11,0.28
E000V00172,-30.380,-71.720,-0.14,0.05,0.83,0.80,0.72,0.86,0.34,0.46
E000V00027,-30.746,-70.937,-0.25,0.02,0.68,0.30,0.13,0.23,-0.22,-0.02
E000V00028,-30.838,-71.256,-0.20,0.04,0.77,0.43,0.27,0.31,-0.11,0.07
E000V00026,-31.188,-70.999,-0.26,-0.01,0.59,0.25,0.07,0.13,-0.25,-0.07
E000V00024,-31.390,-71.413,-0.22,-0.02,0.64,0.32,0.17,0.21,-0.20,-0.01
E000V00023,-31.633,-71.152,-0.25,-0.03,0.59,0.29,0.10,0.13,-0.26,-0.08
E000V00025,-31.783,-70.970,-0.28,-0.05,0.53,0.21,0.03,0.08,-0.32,-0.11
E000320019,-32.076,-70.707,0.06,0.07,0.51,0.02,-0.21,0.16,0.92,-0.05
E000V00035,-32.251,-70.926,-0.30,-0.03,0.55,0.20,0.02,0.09,-0.34,-0.10
E000V00174,-32.343,-70.464,-0.32,-0.04,0.48,0.10,-0.08,0.04,-0.40,-0.12
E000V00033,-32.362,-70.819,-0.30,-0.03,0.55,0.20,0.02,0.09,-0.34,-0.10
E000V00034,-32.505,-71.441,-0.27,-0.05,0.64,0.34,0.16,0.16,-0.30,-0.02
E000V00175,-32.540,-71.014,-0.27,-0.05,0.64,0.34,0.16,0.16,-0.30,-0.02
E000V00041,-32.594,-70.725,-0.30,-0.05,0.58,0.23,0.03,0.10,-0.35,-0.10
E000V00176,-32.618,-70.368,-0.34,-0.05,0.53,0.18,0.00,0.09,-0.36,-0.07
E000V00040,-32.757,-70.809,-0.30,-0.05,0.58,0.23,0.03,0.10,-0.35,-0.10
E000V00031,-32.789,-71.526,-0.26,-0.16,0.66,0.44,0.26,0.23,-0.21,0.03
E000V00037,-32.790,-71.173,-0.27,-0.05,0.64,0.34,0.16,0.16,-0.30,-0.02
E000320028,-32.828,-71.227,0.48,0.57,-0.65,2.33,-0.11,-1.23,-1.33,-0.50
E000V00032,-32.890,-70.382,-0.34,-0.05,0.53,0.18,0.00,0.09,-0.36,-0.07
E000V00036,-32.893,-71.207,-0.27,-0.05,0.64,0.34,0.16,0.16,-0.30,-0.02
E000V00030,-32.917,-71.517,-0.26,-0.16,0.66,0.44,0.26,0.23,-0.21,0.03
E000V00042,-32.994,-71.261,-0.27,-0.05,0.64,0.34,0.16,0.16,-0.30,-0.02
E000330002,-33.023,-71.648,-0.17,1.42,2.51,2.33,2.33,2.33,2.33,2.33
E000330007,-33.065,-71.556,-0.21,0.77,1.95,2.33,2.33,2.33,2.33,2.33
E000V00029,-33.083,-71.400,-0.30,-0.12,0.68,0.41,0.22,0.20,-0.27,-0.03
E000V00051,-33.121,-70.834,-0.31,-0.06,0.64,0.27,0.09,0.15,-0.36,-0.05
E000V00050,-33.147,-70.660,-0.31,-0.06,0.64,0.27,0.09,0.15,-0.36,-0.05
E000V00177,-33.230,-71.460,-0.30,-0.12,0.68,0.41,0.22,0.20,-0.27,-0.03
E000V00178,-33.287,-71.155,-0.30,-0.12,0.68,0.41,0.22,0.20,-0.27,-0.03
E000V00046,-33.353,-70.502,-0.31,-0.06,0.64,0.27,0.09,0.15,-0.36,-0.05
E000330021,-33.378,-70.787,-0.41,-0.23,-0.49,-0.48,-0.64,-0.62,-1.13,-1.20
E000V00043,-33.420,-70.733,-0.31,-0.06,0.64,0.27,0.09,0.15,-0.36,-0.05
E000V00055,-33.439,-71.026,-0.30,-0.12,0.68,0.41,0.22,0.20,-0.27,-0.03
E000V00038,-33.439,-71.624,-0.28,-0.15,0.70,0.48,0.28,0.24,-0.19,0.01
E000330020,-33.445,-70.683,0.02,0.22,0.88,1.20,1.06,2.33,0.87,0.87
E000330019,-33.455,-70.549,-0.29,-0.01,-0.18,-0.38,-0.56,-1.70,-1.91,-1.62
E000V00044,-33.467,-70.700,-0.31,-0.06,0.64,0.27,0.09,0.15,-0.36,-0.05
E000V00047,-33.517,-70.766,-0.33,-0.08,0.72,0.36,0.14,0.17,-0.34,-0.06
E000V00039,-33.543,-71.596,-0.30,-0.17,0.78,0.58,0.37,0.36,-0.16,0.06
E000V00045,-33.545,-70.548,-0.33,-0.08,0.72,0.36,0.14,0.17,-0.34,-0.06
E000V00058,-33.608,-70.902,-0.33,-0.08,0.72,0.36,0.14,0.17,-0.34,-0.06
E000V00048,-33.617,-70.567,-0.33,-0.08,0.72,0.36,0.14,0.17,-0.34,-0.06
E000330031,-33.636,-78.833,-1.15,-0.99,-1.11,-0.98,-0.46,-0.43,0.05,-0.50
E000330030,-33.656,-71.613,-0.28,0.30,1.27,0.53,1.93,2.33,2.33,2.33
E000V00049,-33.676,-70.089,-0.35,-0.03,0.64,0.28,0.07,0.14,-0.44,-0.10
E000V00057,-33.692,-71.101,-0.30,-0.09,0.80,0.45,0.24,0.21,-0.31,-0.02
E000V00052,-33.707,-70.707,-0.33,-0.08,0.72,0.36,0.14,0.17,-0.34,-0.06
E000V00053,-33.862,-70.639,-0.33,-0.08,0.72,0.36,0.14,0.17,-0.34,-0.06
E000V00179,-33.878,-70.220,-0.35,-0.03,0.64,0.28,0.07,0.14,-0.44,-0.10
E000V00056,-33.941,-71.394,-0.30,-0.09,0.80,0.45,0.24,0.21,-0.31,-0.02
E000V00068,-33.959,-71.825,-0.30,-0.17,0.78,0.58,0.37,0.36,-0.16,0.06
E000V00064,-33.983,-70.717,-0.33,-0.08,0.72,0.36,0.14,0.17,-0.34,-0.06
E000V00054,-34.029,-70.995,-0.34,-0.04,0.87,0.42,0.19,0.21,-0.44,-0.05
E000V00059,-34.169,-70.772,-0.34,-0.04,0.87,0.42,0.19,0.21,-0.44,-0.05
E000V00180,-34.203,-70.402,-0.37,-0.04,0.76,0.33,0.11,0.17,-0.50,-0.15
E000V00061,-34.215,-70.997,-0.34,-0.04,0.87,0.42,0.19,0.21,-0.44,-0.05
E000V00062,-34.217,-71.300,-0.32,-0.09,0.95,0.56,0.32,0.28,-0.34,-0.03
E000V00060,-34.261,-70.948,-0.34,-0.04,0.87,0.42,0.19,0.21,-0.44,-0.05
E000V00066,-34.279,-70.812,-0.34,-0.04,0.87,0.42,0.19,0.21,-0.44,-0.05
E000V00065,-34.322,-70.834,-0.34,-0.04,0.87,0.42,0.19,0.21,-0.44,-0.05
E000V00067,-34.394,-72.019,-0.29,-0.22,0.96,0.87,0.58,0.54,-0.04,0.23
E000V00063,-34.411,-70.210,-0.37,-0.04,0.76,0.33,0.11,0.17,-0.50,-0.15
E000V00071,-34.485,-71.463,-0.32,-0.09,0.95,0.56,0.32,0.28,-0.34,-0.03
E000V00069,-34.645,-71.898,-0.31,-0.13,1.18,0.88,0.49,0.46,-0.23,0.08
E000V00072,-34.691,-71.400,-0.35,-0.06,1.17,0.66,0.40,0.39,-0.31,0.02
E000V00070,-34.714,-71.630,-0.31,-0.13,1.18,0.88,0.49,0.46,-0.23,0.08
E000340044,-34.721,-71.020,-0.26,0.09,-0.54,0.89,1.36,1.25,-0.44,-0.21
E000V00181,-34.781,-70.520,-0.36,-0.05,1.01,0.53,0.26,0.32,-0.39,-0.03
E000V00086,-34.855,-72.026,-0.31,-0.26,0.94,1.15,0.84,0.75,0.03,0.29
E000V00084,-34.960,-71.125,-0.35,-0.06,1.17,0.66,0.40,0.39,-0.31,0.02
E000V00083,-34.968,-71.832,-0.31,-0.13,1.18,0.88,0.49,0.46,-0.23,0.08
E000340031,-34.969,-71.217,-0.29,-0.15,-0.29,0.14,-0.10,-0.75,-1.12,-1.04
E000V00085,-35.000,-70.811,-0.36,-0.05,1.01,0.53,0.26,0.32,-0.39,-0.03
E000V00076,-35.128,-71.956,-0.38,-0.16,1.29,1.25,0.74,0.76,-0.17,0.13
E000V00182,-35.398,-70.830,-0.36,-0.01,1.29,0.61,0.32,0.36,-0.46,-0.02
E000V00079,-35.419,-71.467,-0.36,-0.08,1.31,0.92,0.48,0.55,-0.34,0.05
E000V00078,-35.533,-71.700,-0.43,-0.10,1.64,1.70,0.91,1.06,-0.13,0.31
E000V00074,-35.663,-71.454,-0.42,-0.07,1.80,1.42,0.68,0.92,-0.28,0.19
E000V00077,-35.672,-72.082,-0.45,-0.29,0.78,2.33,1.25,0.56,-0.11,0.31
E000V00080,-35.699,-71.062,-0.42,-0.07,1.80,1.42,0.68,0.92,-0.28,0.19
E000V00081,-35.707,-72.511,-0.27,0.01,2.33,0.59,0.30,0.02,-0.55,-0.14
E000V00075,-35.753,-71.631,-0.43,-0.10,1.64,1.70,0.91,1.06,-0.13,0.31
E000V00082,-35.836,-72.587,-0.27,0.01,2.33,0.59,0.30,0.02,-0.55,-0.14
E000V00183,-36.060,-71.050,-0.54,-0.07,1.70,2.33,0.93,1.87,-0.19,0.52
E000V00087,-36.133,-72.783,-0.36,-0.10,2.33,1.16,0.57,0.09,-0.78,-0.08
E000V00073,-36.257,-71.548,-0.65,-0.31,0.62,2.33,1.82,0.75,-0.23,0.69
E000V00091,-36.292,-71.900,-0.65,-0.31,0.62,2.33,1.82,0.75,-0.23,0.69
E000V00090,-36.430,-72.640,-0.36,-0.10,2.33,1.16,0.57,0.09,-0.78,-0.08
E000V00088,-36.492,-72.699,-0.36,-0.10,2.33,1.16,0.57,0.09,-0.78,-0.08
E000V00092,-36.560,-71.549,-0.31,-0.07,2.33,0.77,-0.54,-1.35,-1.93,-0.51
E000360011,-36.586,-72.037,-0.18,0.15,0.36,1.46,0.99,0.15,-0.64,0.38
E000V00089,-36.625,-72.603,-0.38,-0.03,2.33,1.06,0.06,-0.20,-0.93,-0.09
E000V00099,-36.672,-72.965,-0.38,-0.03,2.33,1.06,0.06,-0.20,-0.93,-0.09
E000V00096,-36.697,-72.704,-0.38,-0.03,2.33,1.06,0.06,-0.20,-0.93,-0.09
E000V00098,-36.733,-72.983,-0.38,-0.03,2.33,1.06,0.06,-0.20,-0.93,-0.09
E000360019,-36.781,-73.066,-0.00,0.52,0.56,0.94,0.40,2.33,0.70,2.33
E000V00184,-36.880,-71.500,-0.93,-0.24,0.79,2.33,0.45,-0.18,-1.00,0.17
E000V00093,-36.977,-72.099,-0.35,0.08,2.33,0.29,-0.64,-1.11,-1.58,-0.28
E000V00095,-37.005,-73.140,-0.68,-0.17,2.33,2.33,0.73,0.90,0.42,2.33
E000V00106,-37.035,-72.403,-0.52,0.00,2.33,0.58,-0.46,-0.61,-0.85,0.23
E000V00097,-37.092,-73.155,-0.68,-0.17,2.33,2.33,0.73,0.90,0.42,2.33
E000V00105,-37.111,-71.245,-0.57,0.21,2.33,0.11,-0.83,-0.89,-1.39,-0.37
E000V00094,-37.141,-72.012,-0.52,0.00,2.33,0.58,-0.46,-0.61,-0.85,0.23
E000V00108,-37.167,-72.946,-0.51,0.02,2.33,0.98,0.17,0.10,-0.25,0.70
E000V00107,-37.213,-72.328,-0.52,0.00,2.33,0.58,-0.46,-0.61,-0.85,0.23
E000V00111,-37.293,-71.949,-0.53,0.08,2.33,0.29,-0.68,-0.73,-1.14,-0.02
E000V00100,-37.305,-73.437,-0.68,-0.17,2.33,2.33,0.73,0.90,0.42,2.33
E000V00185,-37.323,-71.566,-0.53,0.08,2.33,0.29,-0.68,-0.73,-1.14,-0.02
E000370033,-37.397,-72.424,-0.57,-0.26,0.16,0.71,1.06,0.18,-0.29,0.46
E000V00186,-37.418,-72.830,-0.51,0.02,2.33,0.98,0.17,0.10,-0.25,0.70
E000V00103,-37.485,-73.330,-0.68,-0.17,2.33,2.33,0.73,0.90,0.42,2.33
E000V00110,-37.536,-71.875,-0.72,0.08,2.33,0.39,-0.60,-0.38,-0.60,0.98
E000V00104,-37.627,-73.462,-0.76,0.32,2.33,0.64,-0.33,-0.13,-0.17,2.33
E000V00109,-37.685,-72.007,-0.79,0.04,2.33,0.62,-0.36,-0.21,-0.31,1.38
E000V00116,-37.726,-72.605,-0.80,0.11,2.33,0.77,-0.24,-0.02,-0.13,2.33
E000V00101,-37.892,-73.412,-0.76,0.32,2.33,0.64,-0.33,-0.13,-0.17,2.33
E000V00102,-37.950,-73.097,-0.76,0.32,2.33,0.64,-0.33,-0.13,-0.17,2.33
E000V00112,-38.057,-71.435,-0.77,0.22,1.22,-0.09,-0.91,-0.62,-0.67,0.75
E000V00114,-38.146,-72.298,-0.72,0.44,0.97,-0.19,-0.86,-0.61,-0.50,1.10
E000V00117,-38.228,-72.273,-0.72,0.44,0.97,-0.19,-0.86,-0.61,-0.50,1.10
E000V00113,-38.250,-71.233,-0.77,0.22,1.22,-0.09,-0.91,-0.62,-0.67,0.75
E000V00188,-38.207,-72.956,-0.67,0.60,0.54,-0.39,-1.04,-0.83,-0.71,0.58
E000V00187,-38.414,-71.750,-0.78,0.23,1.26,-0.04,-0.80,-0.56,-0.52,1.16
E000V00121,-38.435,-72.399,-0.72,0.44,0.97,-0.19,-0.86,-0.61,-0.50,1.10
E000V00129,-38.446,-72.850,-0.67,0.60,0.54,-0.39,-1.04,-0.83,-0.71,0.58
E000V00126,-38.675,-72.224,-0.70,0.48,0.39,-0.53,-1.16,-0.97,-0.78,0.54
E000V00115,-38.732,-71.141,-0.79,0.28,0.61,-0.41,-1.10,-0.88,-0.74,0.72
E000380013,-38.768,-72.460,-0.77,0.32,0.71,2.33,0.50,2.33,-0.23,1.85
E000V00120,-38.834,-71.683,-0.74,0.38,0.59,-0.41,-1.05,-0.84,-0.73,0.61
E000V00128,-39.022,-72.787,-0.57,0.59,0.04,-0.77,-1.28,-1.12,-0.86,0.38
E000V00127,-39.007,-72.252,-0.58,0.57,0.06,-0.81,-1.34,-1.12,-0.87,0.44
E000V00122,-39.071,-72.922,-0.57,0.59,0.04,-0.77,-1.28,-1.12,-0.86,0.38
E000V00118,-39.103,-72.615,-0.57,0.59,0.04,-0.77,-1.28,-1.12,-0.86,0.38
E000V00124,-39.165,-73.133,-0.54,0.64,-0.11,-0.83,-1.31,-1.15,-0.81,0.33
E000V00125,-39.196,-72.261,-0.58,0.57,0.06,-0.81,-1.34,-1.12,-0.87,0.44
E000V00119,-39.262,-71.868,-0.67,0.47,0.28,-0.66,-1.29,-1.07,-0.86,0.46
E000V00123,-39.289,-71.926,-0.67,0.47,0.28,-0.66,-1.29,-1.07,-0.86,0.46
E000V00189,-39.373,-72.550,-0.57,0.59,0.04,-0.77,-1.28,-1.12,-0.86,0.38
E000V00190,-39.390,-73.177,-0.54,0.64,-0.11,-0.83,-1.31,-1.15,-0.81,0.33
E000V00131,-39.632,-72.950,-0.59,0.50,0.08,-0.80,-1.25,-1.11,-0.81,0.45
E000390006,-39.657,-73.087,-1.19,-0.25,1.15,1.94,2.33,2.33,2.33,2.33
E000V00130,-39.863,-72.501,-0.59,0.50,0.08,-0.80,-1.25,-1.11,-0.81,0.45
E000V00191,-39.880,-71.910,-0.66,0.40,0.12,-0.77,-1.32,-1.15,-0.91,0.35
E000V00132,-40.096,-72.927,-0.53,0.50,-0.06,-0.86,-1.33,-1.14,-0.83,0.47
E000V00134,-40.134,-72.415,-0.62,0.42,0.02,-0.82,-1.29,-1.18,-0.91,0.41
E000V00193,-40.168,-73.647,-0.44,0.58,-0.17,-0.93,-1.30,-1.19,-0.82,0.41
E000V00133,-40.317,-73.024,-0.47,0.54,-0.16,-0.92,-1.33,-1.18,-0.80,0.46
E000V00135,-40.323,-72.979,-0.53,0.50,-0.06,-0.86,-1.33,-1.14,-0.83,0.47
E000V00139,-40.348,-73.308,-0.47,0.54,-0.16,-0.92,-1.33,-1.18,-0.80,0.46
E000V00192,-40.520,-72.000,-0.55,0.40,-0.21,-0.97,-1.43,-1.20,-0.94,0.23
E000400009,-40.614,-73.058,-0.72,0.38,-0.19,-0.03,-0.32,-0.07,0.43,2.33
E000V00194,-40.623,-72.116,-0.49,0.44,-0.24,-1.02,-1.45,-1.25,-0.92,0.20
E000V00136,-40.765,-73.152,-0.46,0.46,-0.31,-1.05,-1.42,-1.21,-0.87,0.21
E000V00138,-40.861,-73.157,-0.46,0.46,-0.31,-1.05,-1.42,-1.21,-0.87,0.21
E000V00195,-40.873,-73.815,-0.44,0.50,-0.37,-1.07,-1.37,-1.22,-0.88,0.18
E000V00137,-40.957,-72.886,-0.50,0.47,-0.31,-1.05,-1.42,-1.22,-0.88,0.23
E000V00142,-41.115,-73.377,-0.38,0.37,-0.53,-1.21,-1.49,-1.30,-0.94,0.03
E000V00197,-41.142,-72.339,-0.43,0.38,-0.40,-1.13,-1.48,-1.29,-0.98,0.10
E000V00143,-41.259,-73.009,-0.38,0.37,-0.53,-1.21,-1.49,-1.30,-0.94,0.03
E000V00196,-41.359,-73.809,-0.36,0.39,-0.52,-1.18,-1.39,-1.25,-0.93,0.03
E000410005,-41.448,-73.096,-0.62,0.93,1.06,0.78,0.48,2.33,2.33,2.33
E000V00198,-41.579,-72.275,-0.39,0.31,-0.65,-1.34,-1.60,-1.38,-1.05,-0.09
E000V00144,-41.710,-73.672,-0.31,0.24,-0.77,-1.41,-1.59,-1.41,-1.06,-0.20
E000V00140,-41.938,-72.435,-0.39,0.31,-0.65,-1.34,-1.60,-1.38,-1.05,-0.09
E000V00141,-42.075,-71.865,-0.33,0.19,-0.76,-1.40,-1.66,-1.44,-1.12,-0.27
E000V00151,-42.100,-72.417,-0.32,0.18,-0.81,-1.42,-1.63,-1.41,-1.09,-0.23
E000V00149,-42.157,-73.490,-0.27,0.12,-0.91,-1.51,-1.67,-1.45,-1.12,-0.33
E000V00199,-42.285,-74.078,-0.24,0.02,-1.01,-1.55,-1.69,-1.47,-1.17,-0.44
E000V00201,-42.355,-72.663,-0.31,0.15,-0.89,-1.50,-1.69,-1.46,-1.09,-0.26
E000V00147,-42.404,-73.568,-0.27,0.06,-0.97,-1.53,-1.65,-1.46,-1.12,-0.37
E000V00148,-42.583,-73.633,-0.25,-0.11,-1.11,-1.61,-1.75,-1.52,-1.20,-0.58
E000V00146,-42.704,-73.789,-0.25,-0.11,-1.11,-1.61,-1.75,-1.52,-1.20,-0.58
E000V00145,-42.883,-72.717,-0.26,-0.04,-1.05,-1.59,-1.73,-1.51,-1.17,-0.46
E000430002,-43.189,-71.852,-0.59,-0.01,-0.79,-1.35,-1.31,-1.51,-0.83,2.33
E000V00200,-43.208,-74.295,-0.28,-0.37,-1.29,-1.73,-1.80,-1.59,-1.27,-0.74
E000V00202,-43.364,-72.850,-0.27,-0.17,-1.13,-1.62,-1.78,-1.55,-1.24,-0.65
E000V00150,-43.474,-72.126,-0.29,-0.12,-1.08,-1.61,-1.75,-1.54,-1.23,-0.63
E000430004,-43.612,-71.801,-0.81,-0.12,-0.21,-0.09,-0.02,-0.11,-1.07,-0.06
E000V00153,-43.890,-73.740,-0.32,-0.53,-1.40,-1.77,-1.85,-1.64,-1.33,-0.89
E000V00152,-43.917,-72.387,-0.28,-0.30,-1.22,-1.69,-1.81,-1.56,-1.29,-0.80
E000V00154,-44.240,-71.847,-0.32,-0.39,-1.29,-1.73,-1.83,-1.61,-1.34,-0.90
E000V00203,-44.729,-73.097,-0.46,-0.72,-1.46,-1.82,-1.86,-1.69,-1.42,-1.09
E000450001,-45.399,-72.677,-0.39,-0.08,-1.99,-2.17,-2.74,-3.14,-3.03,-2.42
E000450004,-45.591,-72.102,-0.46,0.02,-0.76,-1.38,-1.10,-0.85,-0.59,0.27
E000450005,-45.918,-71.678,-0.26,0.10,-0.83,-1.50,-1.43,-1.15,-1.09,-0.51
E000V00157,-46.278,-71.941,-0.49,-0.72,-1.54,-1.99,-2.08,-1.87,-1.56,-1.22
E000V00205,-46.355,-74.778,-0.77,-1.09,-1.68,-1.95,-1.99,-1.88,-1.61,-1.33
E000V00204,-46.569,-73.336,-0.62,-0.93,-1.64,-1.99,-2.09,-1.92,-1.61,-1.31
E000460001,-46.585,-71.685,-1.27,-0.22,0.05,-0.27,-0.15,-2.83,-2.36,-1.84
E000470001,-47.244,-72.583,-0.38,-0.60,-0.98,-1.27,-1.20,-1.23,-1.54,-1.05
E000V00156,-47.800,-73.536,-0.51,-0.84,-1.71,-2.11,-2.30,-2.12,-1.70,-1.30
E000V00155,-48.471,-72.560,-0.30,-0.42,-1.43,-2.01,-2.21,-2.02,-1.64,-1.19
E000V00206,-48.958,-73.941,-0.31,-0.46,-1.48,-2.00,-2.22,-2.04,-1.65,-1.19
E000V00207,-51.070,-73.570,-0.06,0.24,0.61,-0.88,-1.22,-1.41,-1.32,-0.43
E000V00158,-51.184,-72.967,-0.09,0.18,0.61,-0.83,-1.16,-1.34,-1.28,-0.43
E000V00159,-52.309,-71.164,-0.06,0.30,0.37,-0.89,-1.21,-1.32,-1.22,-0.51
E000V00161,-52.432,-70.361,-0.10,0.26,0.39,-0.89,-1.19,-1.32,-1.23,-0.53
E000V00160,-52.601,-71.505,-0.06,0.36,0.23,-0.91,-1.19,-1.31,-1.21,-0.52
E000V00162,-52.800,-69.270,-0.08,0.30,0.28,-0.91,-1.21,-1.30,-1.19,-0.58
E000520006,-53.002,-70.839,-0.09,0.35,0.67,-0.64,-0.75,-0.65,-0.83,-0.10
E000530005,-53.254,-70.326,-0.25,0.28,0.53,-0.15,-0.33,-0.03,-0.15,0.48
E000V00208,-53.800,-71.380,-0.08,0.39,0.05,-0.96,-1.24,-1.33,-1.23,-0.57
E000V00163,-54.051,-68.804,-0.11,0.35,-0.01,-0.95,-1.24,-1.28,-1.15,-0.65
E000550001,-54.932,-67.616,-0.54,-0.18,0.43,0.17,0.05,-0.16,0.00,0.44
