1991   01   0.8198
1991   02   1.4667
1991   03   4.5713
1991   04   5.8519
1991   05   64.3426
1991   06   82.7994
1991   07   49.7056
1991   08   40.9665
1991   09   19.9482
1991   10   6.4508
1991   11   2.4038
1991   12   0.6087
1992   01   0.7757
1992   02   2.1130
1992   03   7.0331
1992   04   7.5409
1992   05   72.3552
1992   06   201.9670
1992   07   9.2751
1992   08   35.8048
1992   09   4.0425
1992   10   4.5144
1992   11   6.8434
1992   12   0.4281
1993   01   0.7374
1993   02   3.4490
1993   03   4.1824
1993   04   12.7821
1993   05   27.0147
1993   06   63.9489
1993   07   32.0179
1993   08   19.4229
1993   09   2.7503
1993   10   6.6679
1993   11   2.1847
1993   12   0.4778
1994   01   0.7309
1994   02   1.4200
1994   03   4.3534
1994   04   7.5913
1994   05   27.9710
1994   06   75.7513
1994   07   37.9944
1994   08   7.2194
1994   09   9.7329
1994   10   5.4982
1994   11   1.5754
1994   12   0.5258
1995   01   0.7626
1995   02   1.5709
1995   03   4.7836
1995   04   11.9356
1995   05   13.3925
1995   06   67.3666
1995   07   38.8954
1995   08   23.5169
1995   09   2.9954
1995   10   6.0069
1995   11   1.9910
1995   12   0.3853
1996   01   0.6182
1996   02   1.5047
1996   03   4.8742
1996   04   9.2165
1996   05   18.1945
1996   06   46.5342
1996   07   20.8189
1996   08   34.8240
1996   09   3.5527
1996   10   5.3705
1996   11   1.8005
1996   12   0.5027
1997   01   0.7747
1997   02   1.8024
1997   03   3.8116
1997   04   7.8471
1997   05   75.2406
1997   06   173.0883
1997   07   39.2320
1997   08   46.8433
1997   09   16.3053
1997   10   22.2266
1997   11   5.9747
1997   12   0.6470
1998   01   0.7360
1998   02   1.3681
1998   03   4.7778
1998   04   5.7923
1998   05   56.1555
1998   06   21.9489
1998   07   9.5200
1998   08   15.7807
1998   09   8.4564
1998   10   3.9581
1998   11   1.6487
1998   12   0.5098
1999   01   0.6919
1999   02   1.5884
1999   03   6.5827
1999   04   4.9034
1999   05   10.5373
1999   06   47.5192
1999   07   30.8958
1999   08   39.9438
1999   09   19.1971
1999   10   6.1652
1999   11   2.1479
1999   12   0.6356
2000   01   0.6856
2000   02   1.5565
2000   03   3.3225
2000   04   7.4467
2000   05   16.7579
2000   06   150.1379
2000   07   9.0058
2000   08   9.5504
2000   09   31.4357
2000   10   6.4382
2000   11   2.9527
2000   12   0.4315
2001   01   0.7239
2001   02   1.2354
2001   03   4.1017
2001   04   8.7234
2001   05   42.7932
2001   06   23.6578
2001   07   108.0029
2001   08   52.2406
2001   09   9.4634
2001   10   7.0196
2001   11   2.0221
2001   12   0.4129
2002   01   0.5861
2002   02   1.3185
2002   03   9.4811
2002   04   5.3436
2002   05   130.1347
2002   06   128.7793
2002   07   61.5737
2002   08   96.5137
2002   09   13.5356
2002   10   12.6592
2002   11   1.5927
2002   12   0.9449
2003   01   0.5992
2003   02   1.0655
2003   03   3.5918
2003   04   3.0422
2003   05   68.6312
2003   06   69.5740
2003   07   42.6414
2003   08   24.6725
2003   09   10.7405
2003   10   7.7020
2003   11   5.5536
2003   12   0.5248
2004   01   0.6604
2004   02   1.1181
2004   03   4.6538
2004   04   12.7505
2004   05   19.7285
2004   06   75.5008
2004   07   34.9322
2004   08   46.3229
2004   09   11.0389
2004   10   8.1106
2004   11   11.5383
2004   12   0.8616
2005   01   0.5737
2005   02   1.0759
2005   03   12.1358
2005   04   3.4151
2005   05   77.3399
2005   06   128.4812
2005   07   28.4394
2005   08   98.3824
2005   09   7.2240
2005   10   5.9865
2005   11   4.4730
2005   12   0.5526
2006   01   0.5974
2006   02   1.1243
2006   03   2.6705
2006   04   5.1098
2006   05   38.2075
2006   06   80.6742
2006   07   116.6911
2006   08   43.0302
2006   09   6.6023
2006   10   26.8211
2006   11   1.4298
2006   12   0.5011
2007   01   0.6472
2007   02   1.3404
2007   03   5.4002
2007   04   5.2671
2007   05   24.0222
2007   06   46.2798
2007   07   28.6494
2007   08   31.8783
2007   09   3.4900
2007   10   6.4193
2007   11   1.4907
2007   12   0.4184
2008   01   0.5986
2008   02   1.0690
2008   03   3.8237
2008   04   4.4218
2008   05   88.0015
2008   06   45.0766
2008   07   25.4570
2008   08   54.0028
2008   09   2.5317
2008   10   2.8856
2008   11   1.5338
2008   12   0.4183
2009   01   0.6113
2009   02   1.6523
2009   03   2.7575
2009   04   2.2937
2009   05   13.3987
2009   06   80.7740
2009   07   19.2409
2009   08   66.4125
2009   09   13.5323
2009   10   6.7873
2009   11   2.7766
2009   12   0.4136
2010   01   0.6825
2010   02   1.1747
2010   03   3.1633
2010   04   2.6518
2010   05   30.9701
2010   06   60.9430
2010   07   21.7719
2010   08   8.0342
2010   09   4.3048
2010   10   8.2792
2010   11   2.1834
2010   12   0.5317
2011   01   0.7585
2011   02   1.1758
2011   03   5.2757
2011   04   5.5911
2011   05   11.5461
2011   06   48.6489
2011   07   18.9003
2011   08   41.2684
2011   09   3.0176
2011   10   3.6505
2011   11   1.7301
2011   12   0.4246
2012   01   0.6110
2012   02   1.8486
2012   03   2.6826
2012   04   3.2464
2012   05   90.6748
2012   06   54.6425
2012   07   6.2476
2012   08   49.0516
2012   09   1.4152
2012   10   15.8455
2012   11   1.8671
2012   12   0.5489
2013   01   0.7259
2013   02   1.6532
2013   03   3.2858
2013   04   2.8647
2013   05   55.2427
2013   06   27.1094
2013   07   19.8268
2013   08   16.4706
2013   09   7.7341
2013   10   6.1359
2013   11   1.7267
2013   12   0.4135
2014   01   0.6991
2014   02   1.5396
2014   03   4.6423
2014   04   2.8212
2014   05   19.9766
2014   06   59.2225
2014   07   22.0783
2014   08   27.0584
2014   09   10.3615
2014   10   3.3413
2014   11   2.6894
2014   12   0.5787
2015   01   0.6678
2015   02   1.4929
2015   03   4.7237
2015   04   5.0579
2015   05   13.4491
2015   06   10.8185
2015   07   52.3080
2015   08   60.1961
2015   09   12.6068
2015   10   15.2520
2015   11   1.9904
2015   12   0.5018
2016   01   0.9684
2016   02   1.5214
2016   03   4.7931
2016   04   17.4909
2016   05   28.8020
2016   06   12.6845
2016   07   58.7465
2016   08   7.8799
2016   09   1.4795
2016   10   14.6007
2016   11   1.6392
2016   12   0.9774
2017   01   0.7169
2017   02   2.6278
2017   03   4.1356
2017   04   4.1388
2017   05   42.9570
2017   06   58.5809
2017   07   19.8703
2017   08   33.7347
2017   09   4.0014
2017   10   12.2374
2017   11   4.4810
2017   12   0.3979
2018   01   0.8022
2018   02   1.5356
2018   03   5.2480
2018   04   3.1243
2018   05   22.7897
2018   06   27.5340
2018   07   30.2376
2018   08   14.6971
2018   09   10.3977
2018   10   7.4804
2018   11   2.0411
2018   12   0.6018
2019   01   0.7243
2019   02   1.5287
2019   03   4.4095
2019   04   2.8698
2019   05   24.4897
2019   06   27.5474
2019   07   18.5330
2019   08   11.0329
2019   09   4.9563
2019   10   6.9975
2019   11   1.0490
2019   12   0.3685
2020   01   0.6386
2020   02   1.3445
2020   03   2.8610
2020   04   3.4656
2020   05   5.8041
2020   06   75.8375
2020   07   22.2599
2020   08   8.0533
2020   09   2.3074
2020   10   2.1789
2020   11   1.3365
2020   12   0.4414
2021   01   2.5568
2021   02   1.3233
2021   03   3.4997
2021   04   2.8859
2021   05   10.3890
2021   06   17.1475
2021   07   7.8544
2021   08   23.0686
2021   09   5.2870
2021   10   3.5840
2021   11   1.1062
2021   12   0.3367
2022   01   0.6710
2022   02   1.8951
2022   03   2.7679
2022   04   8.7549
2022   05   10.5110
2022   06   24.9381
2022   07   35.3133
2022   08   9.4259
2022   09   3.0090
2022   10   2.5357
2022   11   1.7208
2022   12   0.4890
2023   01   0.7887
2023   02   1.3269
2023   03   2.6122
2023   04   4.3317
2023   05   13.9647
2023   06   34.9988
2023   07   25.2459
2023   08   55.1193
2023   09   14.4482
2023   10   3.9184
2023   11   5.3133
2023   12   0.3559
2024   01   0.6255
2024   02   1.8087
2024   03   3.4651
2024   04   4.2878
2024   05   19.8056
2024   06   79.2418
2024   07   20.7669
2024   08   39.6811
2024   09   4.6676
2024   10   3.3843
2024   11   1.3726
2024   11   1.3726
2024   12   0.3478
2025   01   0.5847
2025   02   1.2248
2025   03   4.2068
2025   04   3.3323
2025   05   18.0073
2025   06   47.3442
