1991   01   53.8674
1991   02   37.2164
1991   03   150.5199
1991   04   159.9722
1991   05   263.8078
1991   06   129.0004
1991   07   215.0210
1991   08   159.0483
1991   09   142.2766
1991   10   75.4239
1991   11   112.1766
1991   12   246.5534
1992   01   25.1533
1992   02   36.6106
1992   03   346.1173
1992   04   191.6505
1992   05   232.8878
1992   06   208.1218
1992   07   134.3358
1992   08   114.9456
1992   09   112.4304
1992   10   196.3829
1992   11   43.7860
1992   12   85.3887
1993   01   81.7753
1993   02   42.6279
1993   03   494.5774
1993   04   376.8171
1993   05   444.3763
1993   06   335.9432
1993   07   269.1196
1993   08   78.9591
1993   09   65.1072
1993   10   100.0890
1993   11   144.9373
1993   12   134.3940
1994   01   34.1185
1994   02   27.4971
1994   03   54.0324
1994   04   233.2270
1994   05   310.9593
1994   06   329.7448
1994   07   217.9212
1994   08   134.3598
1994   09   120.3239
1994   10   152.1331
1994   11   106.0973
1994   12   106.4539
1995   01   102.9379
1995   02   38.7527
1995   03   87.8638
1995   04   163.9514
1995   05   163.6689
1995   06   350.5328
1995   07   193.4810
1995   08   300.6109
1995   09   81.9297
1995   10   41.2126
1995   11   60.1937
1995   12   27.7005
1996   01   37.4251
1996   02   73.8383
1996   03   175.8367
1996   04   134.5258
1996   05   167.0898
1996   06   161.2556
1996   07   94.6262
1996   08   215.9391
1996   09   68.7080
1996   10   67.2016
1996   11   95.4894
1996   12   118.5410
1997   01   87.4997
1997   02   47.4926
1997   03   46.9861
1997   04   286.7918
1997   05   210.0925
1997   06   413.9940
1997   07   278.3990
1997   08   197.1488
1997   09   104.1840
1997   10   129.1449
1997   11   119.0479
1997   12   51.1696
1998   01   24.6908
1998   02   36.6317
1998   03   127.2575
1998   04   181.2392
1998   05   253.0338
1998   06   217.4181
1998   07   132.4754
1998   08   119.2494
1998   09   86.8599
1998   10   23.2840
1998   11   47.6714
1998   12   61.6297
1999   01   50.3749
1999   02   73.9211
1999   03   130.5277
1999   04   75.5339
1999   05   199.7922
1999   06   300.3789
1999   07   135.0343
1999   08   233.1666
1999   09   160.4957
1999   10   36.1482
1999   11   121.1308
1999   12   82.9476
2000   01   30.1853
2000   02   205.6313
2000   03   117.0250
2000   04   166.8465
2000   05   139.7789
2000   06   448.0973
2000   07   261.9454
2000   08   128.0341
2000   09   137.5699
2000   10   175.1448
2000   11   120.3617
2000   12   65.5182
2001   01   197.5388
2001   02   40.9420
2001   03   200.3312
2001   04   65.6595
2001   05   330.5728
2001   06   197.7890
2001   07   287.8748
2001   08   194.0283
2001   09   82.6299
2001   10   71.4812
2001   11   118.8547
2001   12   33.5158
2002   01   29.1732
2002   02   127.2876
2002   03   300.4659
2002   04   209.0897
2002   05   348.8312
2002   06   123.8099
2002   07   155.3816
2002   08   207.7725
2002   09   172.1529
2002   10   329.4642
2002   11   188.8833
2002   12   157.8094
2003   01   51.2249
2003   02   38.3718
2003   03   120.8157
2003   04   97.0467
2003   05   92.8367
2003   06   302.6203
2003   07   163.6244
2003   08   162.4167
2003   09   192.4163
2003   10   123.0270
2003   11   133.8407
2003   12   121.3750
2004   01   54.1280
2004   02   40.0911
2004   03   112.2893
2004   04   396.5186
2004   05   92.6047
2004   06   338.3011
2004   07   201.5152
2004   08   226.0429
2004   09   112.6832
2004   10   155.8157
2004   11   155.1454
2004   12   78.4233
2005   01   35.4986
2005   02   73.4664
2005   03   212.2489
2005   04   83.4181
2005   05   460.6204
2005   06   293.5780
2005   07   208.3323
2005   08   311.5187
2005   09   73.0610
2005   10   88.7557
2005   11   164.4948
2005   12   66.2629
2006   01   140.8018
2006   02   48.7646
2006   03   163.2893
2006   04   176.7054
2006   05   177.1799
2006   06   313.6689
2006   07   251.0971
2006   08   196.7901
2006   09   118.5509
2006   10   122.8445
2006   11   47.4598
2006   12   159.4900
2007   01   45.7629
2007   02   67.0640
2007   03   99.2394
2007   04   197.1148
2007   05   71.7500
2007   06   149.0735
2007   07   160.5215
2007   08   168.8497
2007   09   123.1836
2007   10   98.0380
2007   11   102.6960
2007   12   40.5053
2008   01   39.2827
2008   02   33.6717
2008   03   61.7536
2008   04   139.7478
2008   05   358.4917
2008   06   136.5946
2008   07   326.5039
2008   08   276.0583
2008   09   41.0982
2008   10   42.9529
2008   11   87.2301
2008   12   44.8173
2009   01   37.0310
2009   02   87.2977
2009   03   94.1459
2009   04   151.6297
2009   05   383.3534
2009   06   206.5290
2009   07   85.5161
2009   08   352.8497
2009   09   69.5865
2009   10   156.0590
2009   11   145.1907
2009   12   149.5645
2010   01   52.2932
2010   02   125.4345
2010   03   115.1327
2010   04   36.5594
2010   05   126.1627
2010   06   251.1211
2010   07   129.1540
2010   08   169.5743
2010   09   51.0821
2010   10   72.6443
2010   11   68.1864
2010   12   94.8629
2011   01   82.9589
2011   02   35.9222
2011   03   189.7525
2011   04   189.9209
2011   05   192.9407
2011   06   158.3811
2011   07   172.9141
2011   08   228.8597
2011   09   171.5755
2011   10   52.4836
2011   11   65.0915
2011   12   28.8057
2012   01   70.4456
2012   02   178.8795
2012   03   97.1966
2012   04   74.9085
2012   05   273.0781
2012   06   243.7239
2012   07   132.4235
2012   08   230.0007
2012   09   83.4165
2012   10   41.2357
2012   11   64.6618
2012   12   187.7879
2013   01   23.7497
2013   02   69.2484
2013   03   110.6238
2013   04   185.2624
2013   05   288.4283
2013   06   178.6649
2013   07   123.3823
2013   08   163.3639
2013   09   134.0665
2013   10   55.3220
2013   11   61.5542
2013   12   36.6311
2014   01   57.9432
2014   02   38.1862
2014   03   95.8831
2014   04   126.5069
2014   05   185.8756
2014   06   260.5481
2014   07   251.8658
2014   08   155.8347
2014   09   147.7160
2014   10   103.1992
2014   11   63.3699
2014   12   33.1449
2015   01   15.4345
2015   02   23.2186
2015   03   59.4988
2015   04   182.6015
2015   05   322.2287
2015   06   196.4622
2015   07   274.8471
2015   08   286.9944
2015   09   88.7796
2015   10   48.1435
2015   11   50.1476
2015   12   59.9537
2016   01   45.1474
2016   02   33.7808
2016   03   59.0614
2016   04   167.7017
2016   05   127.5711
2016   06   38.5506
2016   07   145.4991
2016   08   234.3288
2016   09   70.0258
2016   10   89.9782
2016   11   88.1667
2016   12   105.3038
2017   01   41.2252
2017   02   103.5995
2017   03   120.9288
2017   04   142.3934
2017   05   221.0760
2017   06   237.4513
2017   07   135.9761
2017   08   305.8447
2017   09   86.1113
2017   10   190.8477
2017   11   55.2748
2017   12   97.4856
2018   01   52.3449
2018   02   38.9116
2018   03   304.0919
2018   04   194.6599
2018   05   147.9582
2018   06   192.5480
2018   07   88.9455
2018   08   216.0366
2018   09   127.6720
2018   10   77.9572
2018   11   143.7608
2018   12   65.8450
2019   01   25.6339
2019   02   22.4369
2019   03   62.4158
2019   04   57.9027
2019   05   190.1702
2019   06   214.4743
2019   07   180.4144
2019   08   117.8037
2019   09   44.0610
2019   10   69.7151
2019   11   201.2896
2019   12   34.7185
2020   01   33.6846
2020   02   33.2431
2020   03   81.2817
2020   04   178.4743
2020   05   237.4011
2020   06   310.0054
2020   07   229.6148
2020   08   138.0266
2020   09   58.7176
2020   10   39.5881
2020   11   110.7016
2020   12   78.9122
2021   01   46.2357
2021   02   11.0009
2021   03   37.4831
2021   04   174.8487
2021   05   112.0491
2021   06   194.2001
2021   07   100.0511
2021   08   169.3351
2021   09   59.5035
2021   10   39.8425
2021   11   96.9833
2021   12   39.6140
2022   01   82.2698
2022   02   57.3406
2022   03   160.4111
2022   04   163.0959
2022   05   111.5691
2022   06   200.9462
2022   07   277.4554
2022   08   87.3288
2022   09   84.1101
2022   10   62.2765
2022   11   90.7663
2022   12   54.2519
2023   01   35.5293
2023   02   36.9054
2023   03   153.5634
2023   04   131.9412
2023   05   163.4008
2023   06   232.7133
2023   07   212.9592
2023   08   187.6785
2023   09   74.9008
2023   10   49.5741
2023   11   123.8506
2023   12   32.7997
2024   01   13.6723
2024   02   25.9130
2024   03   224.8232
2024   04   142.8268
2024   05   119.4501
2024   06   203.1704
2024   07   78.8746
2024   08   75.9872
2024   09   151.0681
2024   10   14.7568
2024   11   303.4581
2024   11   303.4581
2024   12   21.0090
2025   01   39.4971
2025   02   26.5414
2025   03   126.2487
2025   04   142.6257
2025   05   225.6744
2025   06   134.6850
