1991   01   4.1855
1991   02   0.1817
1991   03   1.1746
1991   04   3.1817
1991   05   4.0295
1991   06   4.7768
1991   07   3.9534
1991   08   2.7817
1991   09   2.3515
1991   10   1.0643
1991   11   4.6007
1991   12   2.8751
1992   01   6.1336
1992   02   0.1818
1992   03   1.1746
1992   04   3.4838
1992   05   4.1474
1992   06   4.9590
1992   07   3.8531
1992   08   2.8095
1992   09   2.8983
1992   10   1.2758
1992   11   4.5960
1992   12   4.4290
1993   01   7.1817
1993   02   0.1815
1993   03   1.4785
1993   04   1.9977
1993   05   3.8673
1993   06   4.4079
1993   07   3.4786
1993   08   4.5804
1993   09   2.3278
1993   10   1.0829
1993   11   4.5068
1993   12   2.8693
1994   01   4.1752
1994   02   0.1817
1994   03   1.1737
1994   04   2.6793
1994   05   3.9245
1994   06   4.4522
1994   07   3.8528
1994   08   3.0499
1994   09   2.4221
1994   10   1.0646
1994   11   4.5069
1994   12   3.9365
1995   01   4.1853
1995   02   0.1820
1995   03   1.1746
1995   04   2.0032
1995   05   4.2893
1995   06   4.4095
1995   07   4.2682
1995   08   2.8918
1995   09   2.3624
1995   10   1.0653
1995   11   4.5070
1995   12   2.8736
1996   01   4.1854
1996   02   0.1817
1996   03   1.1741
1996   04   2.0032
1996   05   3.9894
1996   06   4.7243
1996   07   3.8519
1996   08   2.7823
1996   09   2.3516
1996   10   1.0687
1996   11   4.5875
1996   12   2.8736
1997   01   4.1853
1997   02   0.1817
1997   03   1.1746
1997   04   2.0032
1997   05   4.8592
1997   06   5.7246
1997   07   3.8528
1997   08   4.6120
1997   09   2.8866
1997   10   1.0656
1997   11   4.5070
1997   12   2.8751
1998   01   4.1853
1998   02   0.1817
1998   03   1.1727
1998   04   2.8551
1998   05   3.8974
1998   06   4.5452
1998   07   3.8528
1998   08   2.7842
1998   09   2.3517
1998   10   1.2515
1998   11   4.5070
1998   12   2.8736
1999   01   4.1854
1999   02   0.1935
1999   03   1.1746
1999   04   2.0043
1999   05   4.0036
1999   06   4.6883
1999   07   4.1530
1999   08   2.7820
1999   09   2.3517
1999   10   1.0656
1999   11   4.5070
1999   12   2.8736
2000   01   4.1853
2000   02   0.1817
2000   03   1.0044
2000   04   1.6406
2000   05   4.1177
2000   06   4.1381
2000   07   2.9586
2000   08   2.6322
2000   09   2.0715
2000   10   0.8586
2000   11   4.5101
2000   12   2.4295
2001   01   3.5619
2001   02   0.1645
2001   03   1.3267
2001   04   1.6406
2001   05   3.9787
2001   06   4.1133
2001   07   2.9584
2001   08   2.6270
2001   09   2.0715
2001   10   0.8587
2001   11   4.5102
2001   12   3.4893
2002   01   3.5704
2002   02   0.1645
2002   03   1.0044
2002   04   1.9714
2002   05   3.3233
2002   06   4.1127
2002   07   3.3981
2002   08   2.9160
2002   09   2.0749
2002   10   1.2418
2002   11   4.5260
2002   12   2.1353
2003   01   3.5704
2003   02   0.1645
2003   03   1.0044
2003   04   2.1491
2003   05   4.6162
2003   06   4.1129
2003   07   2.9520
2003   08   2.6319
2003   09   2.0749
2003   10   0.8588
2003   11   4.5100
2003   12   2.1353
2004   01   4.0387
2004   02   0.1645
2004   03   1.1398
2004   04   1.6406
2004   05   3.3246
2004   06   4.1155
2004   07   3.5377
2004   08   2.6612
2004   09   2.0849
2004   10   0.8588
2004   11   4.5101
2004   12   2.1353
2005   01   3.5584
2005   02   0.1645
2005   03   1.0044
2005   04   2.5545
2005   05   3.2010
2005   06   3.9927
2005   07   2.9631
2005   08   2.6692
2005   09   2.0233
2005   10   0.8563
2005   11   4.5669
2005   12   2.1345
2006   01   3.5703
2006   02   0.1645
2006   03   1.0044
2006   04   1.6060
2006   05   3.2274
2006   06   3.9703
2006   07   4.8542
2006   08   2.9956
2006   09   1.9899
2006   10   0.8564
2006   11   4.5260
2006   12   2.4904
2007   01   4.3700
2007   02   0.1645
2007   03   1.0044
2007   04   1.8310
2007   05   3.3969
2007   06   6.2404
2007   07   3.3412
2007   08   3.0674
2007   09   2.0849
2007   10   0.8588
2007   11   4.5090
2007   12   3.3104
2008   01   3.9819
2008   02   0.1645
2008   03   1.0044
2008   04   1.6064
2008   05   3.1742
2008   06   3.9350
2008   07   2.9625
2008   08   2.6044
2008   09   1.9814
2008   10   0.8564
2008   11   4.5100
2008   12   2.1345
2009   01   3.5703
2009   02   0.1645
2009   03   1.0044
2009   04   1.5484
2009   05   3.1940
2009   06   3.9245
2009   07   3.5384
2009   08   2.6036
2009   09   1.9692
2009   10   0.8563
2009   11   4.5100
2009   12   2.4859
2010   01   4.1676
2010   02   0.1645
2010   03   1.0044
2010   04   2.5467
2010   05   3.5484
2010   06   4.4931
2010   07   2.9628
2010   08   2.7849
2010   09   1.9826
2010   10   0.8563
2010   11   4.5100
2010   12   2.1345
2011   01   3.5704
2011   02   0.1645
2011   03   1.0044
2011   04   1.6052
2011   05   3.1283
2011   06   3.9576
2011   07   3.4897
2011   08   2.6498
2011   09   1.9911
2011   10   0.8563
2011   11   4.5100
2011   12   3.3497
2012   01   3.5561
2012   02   0.2848
2012   03   1.0044
2012   04   1.6057
2012   05   3.1227
2012   06   3.9414
2012   07   2.9623
2012   08   2.6302
2012   09   2.1362
2012   10   0.8563
2012   11   4.3112
2012   12   2.1344
2013   01   6.0814
2013   02   0.1812
2013   03   1.1193
2013   04   1.7566
2013   05   3.9837
2013   06   4.3977
2013   07   3.8932
2013   08   2.9865
2013   09   3.6880
2013   10   1.4813
2013   11   4.3895
2013   12   2.4392
2014   01   4.1363
2014   02   0.1812
2014   03   1.1193
2014   04   1.7575
2014   05   3.9688
2014   06   4.2763
2014   07   3.3512
2014   08   2.9621
2014   09   2.4104
2014   10   0.9543
2014   11   4.3895
2014   12   3.0355
2015   01   5.7799
2015   02   0.1812
2015   03   1.1193
2015   04   1.7572
2015   05   4.2073
2015   06   4.3308
2015   07   3.8524
2015   08   3.0801
2015   09   2.2457
2015   10   1.6644
2015   11   4.3895
2015   12   2.8447
2016   01   4.1363
2016   02   0.1812
2016   03   1.1193
2016   04   1.6914
2016   05   3.9053
2016   06   5.6331
2016   07   4.9426
2016   08   3.0077
2016   09   2.2636
2016   10   0.9551
2016   11   4.4754
2016   12   2.4384
2017   01   4.1362
2017   02   0.1812
2017   03   1.1193
2017   04   1.7572
2017   05   4.3822
2017   06   11.6725
2017   07   3.3518
2017   08   3.0056
2017   09   2.2537
2017   10   1.0256
2017   11   4.3895
2017   12   2.4392
2018   01   5.0848
2018   02   0.3044
2018   03   1.1193
2018   04   2.9563
2018   05   3.5975
2018   06   4.3262
2018   07   3.5369
2018   08   3.0053
2018   09   2.2636
2018   10   1.0962
2018   11   4.4129
2018   12   3.0049
2019   01   5.7919
2019   02   0.1811
2019   03   1.1193
2019   04   1.7519
2019   05   3.5906
2019   06   4.3403
2019   07   3.3518
2019   08   3.0053
2019   09   2.2636
2019   10   0.9551
2019   11   4.4266
2019   12   2.9814
2020   01   3.9886
2020   02   0.1805
2020   03   1.1188
2020   04   1.6892
2020   05   3.4150
2020   06   4.4256
2020   07   3.3160
2020   08   2.8115
2020   09   2.4901
2020   10   1.2516
2020   11   4.3885
2020   12   2.5647
2021   01   4.1363
2021   02   0.1805
2021   03   1.1188
2021   04   1.6774
2021   05   3.3970
2021   06   4.5204
2021   07   3.4758
2021   08   2.7472
2021   09   2.1553
2021   10   0.9498
2021   11   4.4636
2021   12   2.7871
2022   01   5.7396
2022   02   0.1805
2022   03   1.2535
2022   04   1.7245
2022   05   3.3028
2022   06   4.4291
2022   07   3.3111
2022   08   2.7513
2022   09   2.0962
2022   10   1.9573
2022   11   4.4299
2022   12   8.6212
2023   01   3.9977
2023   02   0.1805
2023   03   1.1188
2023   04   1.9209
2023   05   3.6048
2023   06   4.2617
2023   07   3.7937
2023   08   2.7805
2023   09   2.0386
2023   10   1.0611
2023   11   4.4167
2023   12   2.4177
2024   01   3.9945
2024   02   0.2040
2024   03   1.1188
2024   04   1.8207
2024   05   3.1745
2024   06   3.8252
2024   07   3.2896
2024   08   2.7028
2024   09   2.0022
2024   10   1.0285
2024   11   4.8442
2024   11   4.8442
2024   12   2.2994
2025   01   3.9892
2025   02   0.1768
2025   03   1.0485
2025   04   2.4360
2025   05   3.2012
2025   06   4.8671
