1991   01   45.3926
1991   02   30.2178
1991   03   77.6003
1991   04   70.0476
1991   05   260.0217
1991   06   144.7249
1991   07   189.5361
1991   08   128.0561
1991   09   127.4434
1991   10   112.2632
1991   11   90.7273
1991   12   126.7989
1992   01   25.8647
1992   02   38.8856
1992   03   138.3640
1992   04   128.4957
1992   05   209.0161
1992   06   221.8901
1992   07   113.0041
1992   08   101.7207
1992   09   114.3297
1992   10   127.6782
1992   11   49.1428
1992   12   66.7565
1993   01   41.0915
1993   02   46.1066
1993   03   213.9100
1993   04   169.3623
1993   05   438.0276
1993   06   364.7422
1993   07   207.4073
1993   08   83.0887
1993   09   66.8009
1993   10   84.8402
1993   11   121.8649
1993   12   53.6321
1994   01   34.9623
1994   02   24.2468
1994   03   47.2671
1994   04   126.1135
1994   05   288.0556
1994   06   353.1827
1994   07   166.2078
1994   08   271.6547
1994   09   184.7767
1994   10   87.0697
1994   11   134.1635
1994   12   110.6592
1995   01   53.0053
1995   02   44.2534
1995   03   50.5763
1995   04   101.7777
1995   05   230.2487
1995   06   312.6835
1995   07   199.8514
1995   08   261.2531
1995   09   96.7951
1995   10   111.3485
1995   11   57.0388
1995   12   27.4041
1996   01   33.1476
1996   02   35.6935
1996   03   107.5330
1996   04   108.3775
1996   05   199.7781
1996   06   137.6600
1996   07   86.5086
1996   08   271.6006
1996   09   50.4913
1996   10   72.3421
1996   11   60.0858
1996   12   72.1611
1997   01   66.8082
1997   02   42.9719
1997   03   36.4445
1997   04   105.1477
1997   05   188.8134
1997   06   221.6950
1997   07   287.5834
1997   08   258.1855
1997   09   31.7827
1997   10   88.0982
1997   11   115.6352
1997   12   66.6372
1998   01   25.7659
1998   02   21.9759
1998   03   69.5242
1998   04   103.2571
1998   05   217.0300
1998   06   172.0252
1998   07   116.1436
1998   08   139.7433
1998   09   75.4709
1998   10   34.3686
1998   11   56.3798
1998   12   63.2351
1999   01   41.3048
1999   02   28.4837
1999   03   47.6105
1999   04   36.7394
1999   05   138.3798
1999   06   231.5925
1999   07   191.8584
1999   08   284.6650
1999   09   114.4169
1999   10   42.2420
1999   11   138.8219
1999   12   52.4058
2000   01   51.3546
2000   02   117.1140
2000   03   70.5069
2000   04   109.9153
2000   05   137.4968
2000   06   504.5536
2000   07   242.3256
2000   08   156.0240
2000   09   111.4290
2000   10   169.0247
2000   11   81.4002
2000   12   61.4822
2001   01   177.2567
2001   02   40.5832
2001   03   106.5571
2001   04   81.7194
2001   05   370.1687
2001   06   279.1442
2001   07   285.0829
2001   08   186.7092
2001   09   73.7043
2001   10   54.8918
2001   11   85.0678
2001   12   31.1590
2002   01   42.7629
2002   02   105.9370
2002   03   185.5791
2002   04   121.1501
2002   05   415.8095
2002   06   141.7454
2002   07   124.9740
2002   08   304.0185
2002   09   182.0444
2002   10   243.1811
2002   11   185.2248
2002   12   79.3095
2003   01   44.4644
2003   02   25.9971
2003   03   52.7305
2003   04   74.0248
2003   05   72.0837
2003   06   295.3683
2003   07   130.6596
2003   08   239.2137
2003   09   179.8841
2003   10   114.4431
2003   11   106.3798
2003   12   92.1026
2004   01   20.4233
2004   02   29.7684
2004   03   120.1819
2004   04   214.5077
2004   05   88.7881
2004   06   374.2539
2004   07   158.1016
2004   08   338.6247
2004   09   101.4221
2004   10   95.6293
2004   11   160.7460
2004   12   107.9170
2005   01   39.0536
2005   02   51.7011
2005   03   247.1200
2005   04   117.9749
2005   05   447.5737
2005   06   294.4887
2005   07   212.0045
2005   08   323.7729
2005   09   58.2379
2005   10   59.8270
2005   11   107.5010
2005   12   50.7031
2006   01   138.8897
2006   02   80.9501
2006   03   133.2330
2006   04   135.0144
2006   05   169.4474
2006   06   318.8455
2006   07   257.5292
2006   08   243.8408
2006   09   119.6285
2006   10   94.1679
2006   11   48.6213
2006   12   167.9106
2007   01   40.5436
2007   02   56.3209
2007   03   75.1614
2007   04   154.7021
2007   05   53.3381
2007   06   133.1187
2007   07   145.3053
2007   08   165.2996
2007   09   109.5956
2007   10   114.1621
2007   11   62.8875
2007   12   36.9712
2008   01   42.7126
2008   02   30.3982
2008   03   38.8354
2008   04   133.4257
2008   05   413.7817
2008   06   216.9599
2008   07   282.3864
2008   08   268.4774
2008   09   18.7222
2008   10   35.3238
2008   11   94.7552
2008   12   46.3806
2009   01   37.7140
2009   02   63.7499
2009   03   76.7929
2009   04   140.9928
2009   05   416.3511
2009   06   154.2508
2009   07   70.9966
2009   08   377.2610
2009   09   53.4850
2009   10   138.3605
2009   11   94.7861
2009   12   89.0862
2010   01   38.5677
2010   02   63.5805
2010   03   85.5433
2010   04   59.4990
2010   05   119.0971
2010   06   283.1653
2010   07   151.8409
2010   08   259.6852
2010   09   61.7112
2010   10   55.3927
2010   11   95.9294
2010   12   67.1570
2011   01   67.1673
2011   02   27.9002
2011   03   113.5081
2011   04   149.9512
2011   05   176.4413
2011   06   203.6619
2011   07   253.8636
2011   08   211.5903
2011   09   189.6231
2011   10   43.8006
2011   11   61.3960
2011   12   28.6599
2012   01   107.8601
2012   02   122.4394
2012   03   44.4125
2012   04   52.9148
2012   05   357.5959
2012   06   284.4888
2012   07   130.0101
2012   08   281.4169
2012   09   50.3267
2012   10   39.6361
2012   11   73.4880
2012   12   164.1945
2013   01   29.8363
2013   02   41.7808
2013   03   91.9515
2013   04   143.4830
2013   05   226.9247
2013   06   335.3220
2013   07   199.9094
2013   08   347.3540
2013   09   141.8386
2013   10   59.9878
2013   11   55.6436
2013   12   28.9497
2014   01   48.0127
2014   02   25.8007
2014   03   83.8411
2014   04   125.5441
2014   05   287.4189
2014   06   299.2242
2014   07   226.8574
2014   08   234.5339
2014   09   68.1990
2014   10   74.3651
2014   11   101.2276
2014   12   22.9688
2015   01   13.7163
2015   02   25.4664
2015   03   43.2902
2015   04   92.8528
2015   05   405.5568
2015   06   210.2298
2015   07   270.1552
2015   08   352.5596
2015   09   91.0746
2015   10   39.6201
2015   11   64.1335
2015   12   43.0976
2016   01   18.1730
2016   02   28.7092
2016   03   57.2715
2016   04   100.8579
2016   05   92.1610
2016   06   43.8233
2016   07   143.1180
2016   08   313.1566
2016   09   79.6769
2016   10   82.1548
2016   11   111.7159
2016   12   48.6821
2017   01   46.2183
2017   02   111.9505
2017   03   92.1995
2017   04   93.4420
2017   05   293.6286
2017   06   341.9798
2017   07   232.4912
2017   08   480.4140
2017   09   89.7112
2017   10   159.6838
2017   11   60.5526
2017   12   46.6037
2018   01   51.8361
2018   02   50.7896
2018   03   110.2456
2018   04   119.9306
2018   05   204.7144
2018   06   232.1998
2018   07   130.9303
2018   08   279.2255
2018   09   162.0559
2018   10   81.8096
2018   11   197.3724
2018   12   61.5673
2019   01   21.1250
2019   02   27.1012
2019   03   45.4193
2019   04   100.2197
2019   05   198.5484
2019   06   254.8073
2019   07   198.7802
2019   08   203.8336
2019   09   42.8951
2019   10   67.2471
2019   11   229.2080
2019   12   53.7756
2020   01   36.0311
2020   02   47.7182
2020   03   82.8976
2020   04   124.7000
2020   05   362.1236
2020   06   379.1108
2020   07   240.0793
2020   08   169.6535
2020   09   89.9593
2020   10   44.8725
2020   11   127.4967
2020   12   46.9269
2021   01   46.6437
2021   02   12.0482
2021   03   43.1802
2021   04   118.4602
2021   05   164.6243
2021   06   271.3037
2021   07   118.2102
2021   08   298.3410
2021   09   60.2005
2021   10   52.3171
2021   11   129.6463
2021   12   21.4420
2022   01   75.6776
2022   02   44.4067
2022   03   92.8651
2022   04   163.3623
2022   05   156.0346
2022   06   249.8391
2022   07   321.1432
2022   08   164.9312
2022   09   91.3231
2022   10   72.6857
2022   11   112.4348
2022   12   61.7364
2023   01   24.3172
2023   02   26.9709
2023   03   150.8070
2023   04   107.4645
2023   05   169.1053
2023   06   279.9510
2023   07   287.5943
2023   08   367.1216
2023   09   109.9166
2023   10   46.8576
2023   11   91.1436
2023   12   36.4205
2024   01   20.4306
2024   02   21.3542
2024   03   186.8682
2024   04   105.1573
2024   05   112.3946
2024   06   230.2221
2024   07   97.5543
2024   08   129.9785
2024   09   200.7161
2024   10   17.7631
2024   11   398.9760
2024   11   398.9760
2024   12   31.2589
2025   01   37.5841
2025   02   35.1614
2025   03   109.9425
2025   04   112.2743
2025   05   281.1598
2025   06   207.6025
