1991   01   28.2369
1991   02   33.1702
1991   03   66.7419
1991   04   149.5422
1991   05   344.9728
1991   06   166.2700
1991   07   293.1821
1991   08   189.4056
1991   09   137.0746
1991   10   60.5554
1991   11   96.1806
1991   12   145.5509
1992   01   27.5384
1992   02   26.0000
1992   03   139.3605
1992   04   159.9606
1992   05   284.3808
1992   06   318.0852
1992   07   130.8322
1992   08   177.0966
1992   09   138.1420
1992   10   126.4201
1992   11   53.1056
1992   12   75.4213
1993   01   66.9988
1993   02   21.8899
1993   03   205.6317
1993   04   203.9381
1993   05   384.3433
1993   06   333.6407
1993   07   414.4720
1993   08   147.4090
1993   09   70.1572
1993   10   89.0532
1993   11   85.4535
1993   12   79.9103
1994   01   32.6230
1994   02   25.8813
1994   03   62.8601
1994   04   123.2259
1994   05   104.1118
1994   06   296.9403
1994   07   273.2271
1994   08   167.6192
1994   09   117.9236
1994   10   147.5899
1994   11   117.0373
1994   12   89.8756
1995   01   52.4786
1995   02   14.5397
1995   03   54.7592
1995   04   147.4259
1995   05   126.0750
1995   06   385.0432
1995   07   280.6406
1995   08   298.4223
1995   09   75.1802
1995   10   94.9594
1995   11   48.5463
1995   12   19.0255
1996   01   35.6509
1996   02   49.7387
1996   03   91.8889
1996   04   80.9814
1996   05   208.6638
1996   06   154.3536
1996   07   74.4184
1996   08   227.9401
1996   09   43.0593
1996   10   66.6830
1996   11   95.5558
1996   12   44.0168
1997   01   85.0357
1997   02   34.4431
1997   03   25.8607
1997   04   275.7487
1997   05   204.2609
1997   06   392.4314
1997   07   375.6890
1997   08   213.1044
1997   09   131.4974
1997   10   142.7708
1997   11   141.6651
1997   12   46.0597
1998   01   33.8130
1998   02   23.3630
1998   03   59.5351
1998   04   81.5156
1998   05   127.4344
1998   06   113.0437
1998   07   147.6789
1998   08   245.9209
1998   09   77.6418
1998   10   21.8801
1998   11   51.4336
1998   12   44.7184
1999   01   38.0225
1999   02   40.3095
1999   03   99.2993
1999   04   40.9991
1999   05   132.5490
1999   06   330.2836
1999   07   162.5364
1999   08   321.1399
1999   09   181.5327
1999   10   35.8701
1999   11   56.6951
1999   12   37.2546
2000   01   26.8660
2000   02   121.3912
2000   03   68.3515
2000   04   141.4182
2000   05   134.1104
2000   06   555.3047
2000   07   271.5728
2000   08   165.2030
2000   09   165.2101
2000   10   52.2455
2000   11   88.6858
2000   12   57.5480
2001   01   103.2576
2001   02   28.7383
2001   03   86.3406
2001   04   63.6743
2001   05   285.2556
2001   06   266.9259
2001   07   458.4891
2001   08   161.4036
2001   09   75.0211
2001   10   42.2288
2001   11   112.7195
2001   12   17.3449
2002   01   34.7645
2002   02   47.7776
2002   03   161.2073
2002   04   100.0946
2002   05   277.7433
2002   06   162.4461
2002   07   213.1412
2002   08   237.6280
2002   09   197.0076
2002   10   226.4979
2002   11   150.7904
2002   12   79.7822
2003   01   29.7108
2003   02   27.5705
2003   03   64.7209
2003   04   70.3878
2003   05   93.4827
2003   06   369.3303
2003   07   201.0388
2003   08   154.6501
2003   09   219.4173
2003   10   95.3194
2003   11   115.2729
2003   12   55.6726
2004   01   22.9734
2004   02   28.7758
2004   03   66.1736
2004   04   200.8497
2004   05   91.5559
2004   06   323.1283
2004   07   247.3264
2004   08   301.1173
2004   09   160.4061
2004   10   134.4183
2004   11   117.7357
2004   12   71.3111
2005   01   33.7330
2005   02   33.8048
2005   03   96.8923
2005   04   65.6348
2005   05   496.6345
2005   06   354.0870
2005   07   208.5391
2005   08   335.3136
2005   09   77.7516
2005   10   61.7824
2005   11   147.3501
2005   12   46.4394
2006   01   94.9735
2006   02   32.6315
2006   03   94.7470
2006   04   141.1337
2006   05   141.6893
2006   06   338.1035
2006   07   331.7297
2006   08   217.4593
2006   09   150.6353
2006   10   89.4126
2006   11   45.9536
2006   12   100.9652
2007   01   22.7999
2007   02   53.1623
2007   03   52.1504
2007   04   116.4239
2007   05   98.0141
2007   06   181.2591
2007   07   290.4319
2007   08   181.9835
2007   09   147.6609
2007   10   91.4574
2007   11   55.1775
2007   12   39.0209
2008   01   28.9266
2008   02   29.8800
2008   03   52.7553
2008   04   62.7372
2008   05   291.7707
2008   06   136.8614
2008   07   372.8643
2008   08   378.9372
2008   09   45.7065
2008   10   52.7943
2008   11   75.6199
2008   12   31.8639
2009   01   27.9840
2009   02   42.2750
2009   03   46.2140
2009   04   92.8347
2009   05   285.1071
2009   06   243.2164
2009   07   108.8125
2009   08   359.4082
2009   09   84.8404
2009   10   126.9815
2009   11   104.5160
2009   12   74.0449
2010   01   27.0981
2010   02   89.8467
2010   03   59.7833
2010   04   45.6107
2010   05   103.6668
2010   06   212.8741
2010   07   196.2159
2010   08   242.5287
2010   09   71.5536
2010   10   47.4751
2010   11   64.3068
2010   12   55.4377
2011   01   54.5608
2011   02   31.1689
2011   03   94.5636
2011   04   150.4700
2011   05   139.9780
2011   06   213.7770
2011   07   174.6237
2011   08   243.9783
2011   09   170.5839
2011   10   61.1620
2011   11   63.6845
2011   12   26.1432
2012   01   51.2832
2012   02   94.9501
2012   03   62.5453
2012   04   44.3179
2012   05   204.5525
2012   06   232.2056
2012   07   104.8547
2012   08   224.0307
2012   09   91.0252
2012   10   42.8104
2012   11   63.1904
2012   12   186.0500
2013   01   23.9795
2013   02   70.7063
2013   03   55.5256
2013   04   99.0801
2013   05   230.0150
2013   06   135.9090
2013   07   125.8672
2013   08   242.6171
2013   09   141.4530
2013   10   49.4684
2013   11   69.0362
2013   12   23.7844
2014   01   60.5448
2014   02   31.0913
2014   03   83.5236
2014   04   82.7779
2014   05   212.2677
2014   06   235.9781
2014   07   325.3115
2014   08   187.5053
2014   09   140.4041
2014   10   103.2496
2014   11   61.4542
2014   12   27.1133
2015   01   11.7975
2015   02   18.6675
2015   03   34.3611
2015   04   73.6900
2015   05   236.6234
2015   06   254.6771
2015   07   393.4964
2015   08   324.2459
2015   09   86.5713
2015   10   70.3718
2015   11   44.9826
2015   12   52.7172
2016   01   28.5197
2016   02   26.5275
2016   03   39.8520
2016   04   86.9146
2016   05   125.6256
2016   06   42.6600
2016   07   243.6175
2016   08   262.8378
2016   09   60.0878
2016   10   103.6361
2016   11   76.0960
2016   12   69.9758
2017   01   47.1596
2017   02   62.3156
2017   03   65.1405
2017   04   101.9323
2017   05   145.6629
2017   06   252.7423
2017   07   116.2191
2017   08   378.5408
2017   09   118.1127
2017   10   119.7992
2017   11   45.4121
2017   12   49.7070
2018   01   45.5829
2018   02   39.7868
2018   03   172.0875
2018   04   181.5167
2018   05   112.5429
2018   06   169.5168
2018   07   114.0508
2018   08   228.9288
2018   09   142.5191
2018   10   83.1745
2018   11   113.1143
2018   12   49.8459
2019   01   30.8813
2019   02   18.2870
2019   03   42.2142
2019   04   39.7105
2019   05   162.6620
2019   06   205.1363
2019   07   261.5191
2019   08   150.9767
2019   09   55.5073
2019   10   60.5072
2019   11   96.7665
2019   12   28.5124
2020   01   23.6650
2020   02   31.8849
2020   03   57.0122
2020   04   96.9185
2020   05   142.0690
2020   06   330.6703
2020   07   315.5171
2020   08   174.6396
2020   09   67.0258
2020   10   46.7985
2020   11   59.1682
2020   12   48.7891
2021   01   43.5217
2021   02   13.1741
2021   03   33.4131
2021   04   85.0254
2021   05   108.3393
2021   06   208.3591
2021   07   96.4652
2021   08   196.0124
2021   09   69.4974
2021   10   45.5173
2021   11   65.0079
2021   12   31.7308
2022   01   76.1884
2022   02   37.6900
2022   03   109.6275
2022   04   164.5232
2022   05   120.0987
2022   06   293.6178
2022   07   268.4068
2022   08   141.8622
2022   09   74.6835
2022   10   95.0993
2022   11   54.2029
2022   12   33.6965
2023   01   15.9258
2023   02   18.5332
2023   03   93.0051
2023   04   85.7003
2023   05   139.2552
2023   06   194.1399
2023   07   225.7448
2023   08   202.5772
2023   09   94.0485
2023   10   40.1859
2023   11   80.0992
2023   12   23.5861
2024   01   9.1714
2024   02   18.6763
2024   03   105.6137
2024   04   122.3786
2024   05   111.0324
2024   06   289.2159
2024   07   86.6505
2024   08   118.9542
2024   09   143.2740
2024   10   26.7206
2024   11   97.0721
2024   11   97.0721
2024   12   17.9359
2025   01   25.5124
2025   02   23.0841
2025   03   86.5398
2025   04   118.1574
2025   05   135.4867
2025   06   153.4724
