1991   01   5.8970
1991   02   4.7164
1991   03   8.0236
1991   04   63.2781
1991   05   139.4496
1991   06   95.5636
1991   07   83.1270
1991   08   47.2165
1991   09   19.3335
1991   10   35.1916
1991   11   16.1835
1991   12   26.2333
1992   01   3.5507
1992   02   11.6480
1992   03   18.7275
1992   04   16.3516
1992   05   145.3355
1992   06   167.2185
1992   07   34.5280
1992   08   85.1844
1992   09   37.6420
1992   10   40.1293
1992   11   14.8772
1992   12   17.5718
1993   01   5.4813
1993   02   6.0947
1993   03   12.4179
1993   04   58.5726
1993   05   170.0713
1993   06   161.1714
1993   07   99.3437
1993   08   49.1196
1993   09   13.8289
1993   10   21.5169
1993   11   8.5681
1993   12   6.8224
1994   01   4.1321
1994   02   5.0341
1994   03   8.5496
1994   04   47.8578
1994   05   41.8574
1994   06   167.7117
1994   07   67.6207
1994   08   21.0759
1994   09   36.2944
1994   10   27.1946
1994   11   12.7837
1994   12   9.2331
1995   01   5.2732
1995   02   3.4908
1995   03   7.7412
1995   04   54.2285
1995   05   45.0244
1995   06   112.5619
1995   07   109.2580
1995   08   88.4730
1995   09   13.6757
1995   10   11.1154
1995   11   4.6292
1995   12   2.8424
1996   01   3.8848
1996   02   14.4735
1996   03   8.4130
1996   04   26.6848
1996   05   42.6046
1996   06   65.6084
1996   07   29.7270
1996   08   118.1962
1996   09   10.1566
1996   10   17.9247
1996   11   8.1693
1996   12   5.2829
1997   01   5.0649
1997   02   14.7790
1997   03   3.8627
1997   04   75.1076
1997   05   96.0665
1997   06   231.4381
1997   07   108.9585
1997   08   73.6614
1997   09   48.3689
1997   10   25.4863
1997   11   12.7858
1997   12   5.8236
1998   01   3.4157
1998   02   5.2454
1998   03   6.1467
1998   04   20.8547
1998   05   49.1667
1998   06   74.6726
1998   07   40.9489
1998   08   57.8702
1998   09   27.8442
1998   10   3.6498
1998   11   7.8890
1998   12   4.0365
1999   01   7.0165
1999   02   11.9788
1999   03   10.3068
1999   04   11.7967
1999   05   65.0144
1999   06   155.3028
1999   07   49.3908
1999   08   107.8326
1999   09   54.0506
1999   10   9.2197
1999   11   4.4508
1999   12   4.3479
2000   01   3.6044
2000   02   30.1909
2000   03   7.2328
2000   04   28.2777
2000   05   36.0739
2000   06   296.2207
2000   07   42.1332
2000   08   69.4891
2000   09   55.6965
2000   10   11.8861
2000   11   15.5092
2000   12   5.8148
2001   01   15.6010
2001   02   13.1825
2001   03   11.4005
2001   04   25.6712
2001   05   129.7163
2001   06   76.4299
2001   07   178.0935
2001   08   89.1742
2001   09   16.4087
2001   10   10.7812
2001   11   12.5545
2001   12   2.8023
2002   01   4.2053
2002   02   18.9815
2002   03   27.5588
2002   04   37.3636
2002   05   93.0409
2002   06   51.4762
2002   07   45.5215
2002   08   136.0170
2002   09   31.9984
2002   10   65.2046
2002   11   18.7055
2002   12   8.7853
2003   01   5.4198
2003   02   3.7284
2003   03   8.6257
2003   04   9.0313
2003   05   50.3803
2003   06   190.4025
2003   07   57.5182
2003   08   63.3871
2003   09   34.1631
2003   10   22.0156
2003   11   28.3856
2003   12   6.5298
2004   01   3.5252
2004   02   7.2265
2004   03   20.4176
2004   04   58.3010
2004   05   32.1739
2004   06   132.2139
2004   07   78.0349
2004   08   95.7416
2004   09   32.6017
2004   10   37.9404
2004   11   24.3090
2004   12   10.8876
2005   01   4.1864
2005   02   4.3032
2005   03   20.4770
2005   04   10.4578
2005   05   144.2339
2005   06   188.7902
2005   07   61.3549
2005   08   166.4639
2005   09   34.7407
2005   10   18.0576
2005   11   22.3705
2005   12   11.1832
2006   01   10.7703
2006   02   6.0712
2006   03   8.1012
2006   04   47.5224
2006   05   44.0956
2006   06   191.3807
2006   07   118.6808
2006   08   128.7135
2006   09   28.6419
2006   10   38.3811
2006   11   6.2207
2006   12   17.6342
2007   01   7.8202
2007   02   18.6527
2007   03   11.2469
2007   04   46.0557
2007   05   27.7655
2007   06   48.3125
2007   07   83.0948
2007   08   60.8052
2007   09   23.3938
2007   10   23.8995
2007   11   5.9344
2007   12   7.7773
2008   01   4.3031
2008   02   4.1083
2008   03   6.7521
2008   04   22.8788
2008   05   121.8175
2008   06   46.3143
2008   07   73.8090
2008   08   108.9826
2008   09   22.2976
2008   10   10.4236
2008   11   8.3887
2008   12   5.1831
2009   01   5.5535
2009   02   11.5076
2009   03   5.4853
2009   04   12.5205
2009   05   73.2777
2009   06   124.0144
2009   07   55.4113
2009   08   157.1744
2009   09   23.3266
2009   10   29.8394
2009   11   18.7214
2009   12   5.4139
2010   01   7.4361
2010   02   18.4588
2010   03   6.9610
2010   04   6.1649
2010   05   28.1373
2010   06   92.1136
2010   07   56.2286
2010   08   68.3229
2010   09   8.6838
2010   10   19.3720
2010   11   10.8814
2010   12   6.5307
2011   01   9.0479
2011   02   6.2561
2011   03   18.1277
2011   04   55.6006
2011   05   44.5376
2011   06   110.9707
2011   07   27.6187
2011   08   104.0645
2011   09   22.4928
2011   10   12.4404
2011   11   13.3985
2011   12   3.3078
2012   01   6.4175
2012   02   14.5949
2012   03   6.6564
2012   04   8.9813
2012   05   78.2086
2012   06   109.1221
2012   07   25.6120
2012   08   74.7580
2012   09   11.1183
2012   10   27.8992
2012   11   16.3523
2012   12   19.6932
2013   01   4.3737
2013   02   9.4360
2013   03   4.7021
2013   04   14.8881
2013   05   56.6894
2013   06   47.1264
2013   07   31.9425
2013   08   72.1084
2013   09   30.5862
2013   10   16.2168
2013   11   14.2049
2013   12   2.6577
2014   01   6.9109
2014   02   6.1045
2014   03   22.7628
2014   04   16.3203
2014   05   57.7700
2014   06   128.3263
2014   07   77.9277
2014   08   45.5997
2014   09   28.0230
2014   10   6.7377
2014   11   6.4029
2014   12   6.0287
2015   01   3.4366
2015   02   6.8334
2015   03   5.2604
2015   04   18.8238
2015   05   61.8412
2015   06   80.3817
2015   07   97.9185
2015   08   122.6269
2015   09   27.3854
2015   10   21.9036
2015   11   9.2099
2015   12   6.3189
2016   01   5.1385
2016   02   3.8400
2016   03   8.1298
2016   04   35.5424
2016   05   53.7829
2016   06   16.6106
2016   07   85.6598
2016   08   24.6820
2016   09   17.0584
2016   10   33.1306
2016   11   6.4953
2016   12   8.7384
2017   01   4.9006
2017   02   7.3857
2017   03   10.0922
2017   04   31.9052
2017   05   38.5438
2017   06   82.1974
2017   07   27.9472
2017   08   122.7330
2017   09   23.8451
2017   10   20.1546
2017   11   7.2128
2017   12   4.4393
2018   01   5.6463
2018   02   5.1251
2018   03   16.7203
2018   04   27.8720
2018   05   44.9073
2018   06   51.7397
2018   07   45.6762
2018   08   39.7772
2018   09   31.9922
2018   10   27.2688
2018   11   10.2720
2018   12   3.8692
2019   01   5.6708
2019   02   4.4326
2019   03   7.1581
2019   04   14.9986
2019   05   43.7320
2019   06   143.5489
2019   07   43.2081
2019   08   29.0394
2019   09   22.9360
2019   10   17.8057
2019   11   4.3961
2019   12   3.9929
2020   01   5.9953
2020   02   4.2563
2020   03   9.7627
2020   04   31.8494
2020   05   25.2258
2020   06   106.1142
2020   07   54.3697
2020   08   45.1187
2020   09   13.6098
2020   10   6.3086
2020   11   2.0508
2020   12   4.1965
2021   01   11.1222
2021   02   2.8787
2021   03   3.9094
2021   04   25.9748
2021   05   51.0162
2021   06   60.7005
2021   07   27.0962
2021   08   54.6355
2021   09   18.2617
2021   10   7.6825
2021   11   3.2415
2021   12   1.8654
2022   01   5.4633
2022   02   3.6196
2022   03   6.8332
2022   04   58.5407
2022   05   33.3849
2022   06   82.2729
2022   07   62.5247
2022   08   31.7010
2022   09   6.3309
2022   10   12.9461
2022   11   5.1191
2022   12   3.2444
2023   01   3.2817
2023   02   2.6603
2023   03   5.5635
2023   04   30.1606
2023   05   22.0276
2023   06   72.4592
2023   07   53.5771
2023   08   141.9576
2023   09   35.2000
2023   10   9.1740
2023   11   7.5093
2023   12   2.6018
2024   01   2.3577
2024   02   2.8262
2024   03   11.6416
2024   04   33.0772
2024   05   26.3693
2024   06   189.4698
2024   07   21.2713
2024   08   67.7714
2024   09   22.0056
2024   10   9.6665
2024   11   9.4559
2024   11   9.4559
2024   12   2.7169
2025   01   2.9627
2025   02   2.7853
2025   03   16.8719
2025   04   33.4418
2025   05   22.7318
2025   06   99.8511
