1991   01   0.0298
1991   02   0.0424
1991   03   0.7131
1991   04   9.5660
1991   05   137.7603
1991   06   96.8258
1991   07   141.7931
1991   08   47.2694
1991   09   72.9735
1991   10   9.9196
1991   11   3.0999
1991   12   0.6749
1992   01   0.0298
1992   02   0.0449
1992   03   2.6837
1992   04   18.8388
1992   05   200.9980
1992   06   106.9765
1992   07   24.2419
1992   08   63.7761
1992   09   28.3611
1992   10   6.5384
1992   11   5.9730
1992   12   0.6066
1993   01   0.0318
1993   02   0.1475
1993   03   0.8244
1993   04   31.2050
1993   05   176.6780
1993   06   98.2046
1993   07   76.0959
1993   08   39.5114
1993   09   22.7019
1993   10   10.6867
1993   11   3.2164
1993   12   0.5088
1994   01   0.0321
1994   02   0.0575
1994   03   0.7483
1994   04   22.9683
1994   05   104.7032
1994   06   80.8094
1994   07   75.5812
1994   08   20.7025
1994   09   46.9272
1994   10   16.0071
1994   11   2.7711
1994   12   1.9826
1995   01   0.0321
1995   02   0.0563
1995   03   0.8228
1995   04   21.7457
1995   05   31.8566
1995   06   78.7803
1995   07   85.8439
1995   08   58.3607
1995   09   47.8234
1995   10   7.8218
1995   11   3.3394
1995   12   0.4992
1996   01   0.0321
1996   02   0.0579
1996   03   0.8832
1996   04   21.7194
1996   05   62.9032
1996   06   58.2133
1996   07   54.3292
1996   08   25.6740
1996   09   18.3102
1996   10   7.9102
1996   11   2.5655
1996   12   0.5303
1997   01   0.0329
1997   02   0.0566
1997   03   1.0809
1997   04   11.6929
1997   05   131.7984
1997   06   297.0889
1997   07   85.3097
1997   08   92.4913
1997   09   40.3736
1997   10   32.6934
1997   11   7.1010
1997   12   0.6639
1998   01   0.0319
1998   02   0.0563
1998   03   2.1572
1998   04   27.0646
1998   05   98.8085
1998   06   62.2909
1998   07   23.9734
1998   08   20.5713
1998   09   53.0649
1998   10   5.4897
1998   11   4.8562
1998   12   0.8728
1999   01   0.0321
1999   02   0.0568
1999   03   1.0313
1999   04   25.5251
1999   05   43.7094
1999   06   71.5232
1999   07   45.1240
1999   08   129.2089
1999   09   79.9986
1999   10   23.4133
1999   11   2.4040
1999   12   0.6881
2000   01   0.0313
2000   02   0.0399
2000   03   0.7287
2000   04   35.5516
2000   05   71.5407
2000   06   261.9215
2000   07   36.6909
2000   08   18.2564
2000   09   123.2128
2000   10   8.4604
2000   11   6.7710
2000   12   0.7850
2001   01   0.0270
2001   02   0.0441
2001   03   1.6554
2001   04   16.8660
2001   05   124.2840
2001   06   37.0479
2001   07   198.8398
2001   08   81.0547
2001   09   41.3809
2001   10   8.4308
2001   11   3.0375
2001   12   0.6780
2002   01   0.0263
2002   02   0.0433
2002   03   1.0116
2002   04   20.7934
2002   05   312.7497
2002   06   178.3985
2002   07   72.6810
2002   08   127.8879
2002   09   57.2162
2002   10   16.4952
2002   11   2.7315
2002   12   1.1558
2003   01   0.0242
2003   02   0.0416
2003   03   0.7148
2003   04   15.5513
2003   05   141.1254
2003   06   92.6908
2003   07   52.3536
2003   08   30.9850
2003   09   48.5517
2003   10   9.1113
2003   11   7.5798
2003   12   0.8471
2004   01   0.0263
2004   02   0.0616
2004   03   1.4269
2004   04   23.8980
2004   05   37.3999
2004   06   76.1514
2004   07   99.3405
2004   08   52.0779
2004   09   39.9730
2004   10   7.0810
2004   11   18.6654
2004   12   0.8895
2005   01   0.0257
2005   02   0.0655
2005   03   2.5856
2005   04   8.8746
2005   05   164.6922
2005   06   159.0793
2005   07   60.7169
2005   08   140.9632
2005   09   32.4871
2005   10   7.3294
2005   11   5.9811
2005   12   0.3703
2006   01   0.0269
2006   02   0.0423
2006   03   0.7068
2006   04   8.0428
2006   05   73.5419
2006   06   155.9044
2006   07   172.5240
2006   08   123.0808
2006   09   45.3845
2006   10   43.5045
2006   11   2.8464
2006   12   0.5001
2007   01   0.0270
2007   02   0.0471
2007   03   3.8701
2007   04   11.6462
2007   05   76.5696
2007   06   123.0464
2007   07   52.7165
2007   08   53.0930
2007   09   17.1394
2007   10   11.8145
2007   11   2.3197
2007   12   0.3564
2008   01   0.0263
2008   02   0.0422
2008   03   0.7544
2008   04   16.7722
2008   05   208.2238
2008   06   72.0863
2008   07   63.0440
2008   08   102.0688
2008   09   31.2772
2008   10   5.9791
2008   11   2.2231
2008   12   0.3404
2009   01   0.0298
2009   02   0.0741
2009   03   0.7161
2009   04   5.4193
2009   05   48.3915
2009   06   88.7871
2009   07   46.2068
2009   08   92.4837
2009   09   48.1123
2009   10   17.0336
2009   11   3.4183
2009   12   0.3404
2010   01   0.0262
2010   02   0.0413
2010   03   0.6873
2010   04   7.3477
2010   05   108.8300
2010   06   65.6876
2010   07   43.1093
2010   08   24.1635
2010   09   22.3996
2010   10   12.0263
2010   11   5.2598
2010   12   0.3448
2011   01   0.0266
2011   02   0.0479
2011   03   0.7524
2011   04   10.8688
2011   05   20.4083
2011   06   56.0997
2011   07   48.5206
2011   08   69.9530
2011   09   14.9324
2011   10   6.3558
2011   11   2.8802
2011   12   0.3401
2012   01   0.0263
2012   02   0.0571
2012   03   0.6815
2012   04   15.5198
2012   05   115.3974
2012   06   83.3031
2012   07   16.7045
2012   08   53.8567
2012   09   27.6607
2012   10   29.4896
2012   11   2.8893
2012   12   0.5159
2013   01   0.0304
2013   02   0.0507
2013   03   3.1317
2013   04   6.9982
2013   05   146.3611
2013   06   28.7398
2013   07   38.3954
2013   08   40.5671
2013   09   28.4786
2013   10   8.1905
2013   11   2.6248
2013   12   0.3811
2014   01   0.0299
2014   02   0.0479
2014   03   0.9696
2014   04   7.4670
2014   05   67.9688
2014   06   69.9175
2014   07   44.9220
2014   08   59.9130
2014   09   63.1193
2014   10   10.2251
2014   11   3.7991
2014   12   0.6436
2015   01   0.0295
2015   02   0.0478
2015   03   4.4015
2015   04   7.2435
2015   05   34.8468
2015   06   15.1018
2015   07   53.7235
2015   08   116.8926
2015   09   52.0586
2015   10   36.3469
2015   11   3.8920
2015   12   0.6769
2016   01   0.0270
2016   02   0.0477
2016   03   1.0602
2016   04   85.3715
2016   05   98.2640
2016   06   41.7010
2016   07   68.7451
2016   08   17.5243
2016   09   13.9501
2016   10   16.3233
2016   11   2.5569
2016   12   1.4358
2017   01   0.0296
2017   02   0.0890
2017   03   0.8525
2017   04   16.6841
2017   05   139.4979
2017   06   81.3341
2017   07   40.2280
2017   08   64.6482
2017   09   32.0512
2017   10   27.2874
2017   11   5.2528
2017   12   0.3753
2018   01   0.0295
2018   02   0.0475
2018   03   1.0372
2018   04   9.1019
2018   05   71.7255
2018   06   46.6610
2018   07   47.3709
2018   08   24.7600
2018   09   52.4869
2018   10   15.0306
2018   11   2.4364
2018   12   1.1143
2019   01   0.0295
2019   02   0.0476
2019   03   2.0267
2019   04   21.3949
2019   05   57.7542
2019   06   55.2829
2019   07   28.2057
2019   08   20.0590
2019   09   22.2257
2019   10   11.9570
2019   11   1.8436
2019   12   0.5402
2020   01   0.0289
2020   02   0.0442
2020   03   0.8034
2020   04   9.7784
2020   05   31.1755
2020   06   119.4426
2020   07   64.1513
2020   08   22.6620
2020   09   13.2375
2020   10   2.4920
2020   11   3.0192
2020   12   0.3747
2021   01   0.0841
2021   02   0.0460
2021   03   0.8166
2021   04   4.4220
2021   05   53.4806
2021   06   27.7058
2021   07   11.8852
2021   08   39.1857
2021   09   36.4488
2021   10   6.2430
2021   11   1.9786
2021   12   0.3414
2022   01   0.0361
2022   02   0.0976
2022   03   0.7557
2022   04   26.9601
2022   05   28.0825
2022   06   37.1612
2022   07   65.5873
2022   08   26.0254
2022   09   20.7519
2022   10   2.4932
2022   11   2.3115
2022   12   0.3504
2023   01   0.0304
2023   02   0.0421
2023   03   0.7727
2023   04   8.6642
2023   05   41.3922
2023   06   50.8298
2023   07   36.0641
2023   08   99.9278
2023   09   143.6810
2023   10   6.4517
2023   11   9.5191
2023   12   0.3924
2024   01   0.0294
2024   02   0.0538
2024   03   0.7695
2024   04   5.3497
2024   05   235.7027
2024   06   173.0921
2024   07   25.2552
2024   08   91.9643
2024   09   29.5861
2024   10   12.5929
2024   11   1.8043
2024   11   1.8043
2024   12   0.3066
2025   01   0.0256
2025   02   0.0371
2025   03   1.5383
2025   04   4.3390
2025   05   167.9109
2025   06   79.7605
