1991   01   16.5647
1991   02   9.8672
1991   03   25.1155
1991   04   159.4287
1991   05   348.7834
1991   06   156.6358
1991   07   235.0645
1991   08   158.3255
1991   09   120.0074
1991   10   74.1067
1991   11   30.7147
1991   12   110.7073
1992   01   11.4458
1992   02   27.9522
1992   03   54.9294
1992   04   119.3848
1992   05   536.7519
1992   06   379.8490
1992   07   89.5359
1992   08   214.4515
1992   09   145.1525
1992   10   65.6853
1992   11   39.9565
1992   12   61.8627
1993   01   12.1349
1993   02   11.5419
1993   03   31.7046
1993   04   170.3683
1993   05   608.1691
1993   06   369.1547
1993   07   246.4618
1993   08   185.2299
1993   09   33.8083
1993   10   82.7734
1993   11   31.5254
1993   12   23.6543
1994   01   10.9240
1994   02   10.9165
1994   03   21.1614
1994   04   132.6513
1994   05   162.2823
1994   06   351.4948
1994   07   186.2198
1994   08   78.5708
1994   09   169.0116
1994   10   130.7747
1994   11   24.2208
1994   12   43.8161
1995   01   13.1632
1995   02   8.0417
1995   03   21.3522
1995   04   157.4580
1995   05   102.8002
1995   06   345.2704
1995   07   306.5110
1995   08   276.7073
1995   09   37.7770
1995   10   59.9425
1995   11   17.4620
1995   12   11.4622
1996   01   10.2673
1996   02   19.3166
1996   03   25.0971
1996   04   70.9244
1996   05   102.2433
1996   06   253.8813
1996   07   45.3234
1996   08   338.3073
1996   09   31.2270
1996   10   50.3397
1996   11   38.6989
1996   12   29.9292
1997   01   20.0737
1997   02   20.5764
1997   03   12.8517
1997   04   202.4352
1997   05   163.7246
1997   06   404.6961
1997   07   226.2236
1997   08   191.7317
1997   09   134.0564
1997   10   170.1889
1997   11   38.3472
1997   12   22.4469
1998   01   12.2410
1998   02   10.2556
1998   03   25.5348
1998   04   69.8569
1998   05   218.6052
1998   06   90.0974
1998   07   121.8300
1998   08   208.1699
1998   09   69.6585
1998   10   17.5580
1998   11   23.6817
1998   12   14.3170
1999   01   19.6131
1999   02   47.9838
1999   03   35.7210
1999   04   44.0973
1999   05   206.5743
1999   06   315.8879
1999   07   114.8917
1999   08   342.4358
1999   09   184.3421
1999   10   49.6367
1999   11   15.2282
1999   12   15.0335
2000   01   10.2521
2000   02   100.3542
2000   03   28.0256
2000   04   74.7671
2000   05   175.4798
2000   06   747.3799
2000   07   143.5194
2000   08   228.2120
2000   09   251.1552
2000   10   57.9556
2000   11   34.9078
2000   12   33.9468
2001   01   53.1323
2001   02   23.2752
2001   03   38.3909
2001   04   70.0688
2001   05   484.9276
2001   06   190.3478
2001   07   464.7549
2001   08   227.9326
2001   09   51.8486
2001   10   41.9435
2001   11   38.2296
2001   12   11.2705
2002   01   15.2463
2002   02   47.1898
2002   03   108.3428
2002   04   86.0984
2002   05   295.7040
2002   06   228.8164
2002   07   182.0159
2002   08   368.8402
2002   09   129.8077
2002   10   196.8643
2002   11   59.8154
2002   12   34.3283
2003   01   16.8910
2003   02   7.4820
2003   03   22.0548
2003   04   49.2999
2003   05   145.2474
2003   06   409.7501
2003   07   186.5005
2003   08   136.9803
2003   09   158.7935
2003   10   66.7024
2003   11   62.6673
2003   12   22.1721
2004   01   10.2183
2004   02   14.0279
2004   03   73.5976
2004   04   159.5732
2004   05   77.1256
2004   06   405.8615
2004   07   285.1143
2004   08   226.1647
2004   09   114.3788
2004   10   122.4856
2004   11   59.6284
2004   12   37.8061
2005   01   10.6798
2005   02   8.7211
2005   03   50.0907
2005   04   31.6479
2005   05   403.0826
2005   06   522.8006
2005   07   163.1479
2005   08   502.3492
2005   09   68.5558
2005   10   47.8024
2005   11   54.4299
2005   12   48.7234
2006   01   33.7709
2006   02   17.6776
2006   03   24.5590
2006   04   98.4848
2006   05   93.6824
2006   06   422.4189
2006   07   483.4752
2006   08   217.1481
2006   09   113.6099
2006   10   128.8643
2006   11   15.8500
2006   12   92.7910
2007   01   22.2347
2007   02   63.3009
2007   03   36.9062
2007   04   134.4347
2007   05   90.5785
2007   06   214.2248
2007   07   238.7369
2007   08   190.7204
2007   09   80.0329
2007   10   61.6412
2007   11   19.7253
2007   12   42.0560
2008   01   12.1857
2008   02   19.5391
2008   03   24.1386
2008   04   62.1550
2008   05   310.7703
2008   06   125.9401
2008   07   222.0664
2008   08   214.0413
2008   09   89.4250
2008   10   38.1534
2008   11   28.4467
2008   12   16.4415
2009   01   15.3547
2009   02   31.1408
2009   03   18.4177
2009   04   43.8371
2009   05   243.4603
2009   06   272.8561
2009   07   135.4324
2009   08   392.8840
2009   09   64.8967
2009   10   83.9822
2009   11   50.0879
2009   12   20.9754
2010   01   19.1220
2010   02   47.6482
2010   03   21.6827
2010   04   20.7038
2010   05   89.1142
2010   06   244.0048
2010   07   225.1542
2010   08   145.8904
2010   09   27.1213
2010   10   67.8904
2010   11   26.0775
2010   12   26.0137
2011   01   25.1723
2011   02   11.9013
2011   03   48.1314
2011   04   140.7351
2011   05   117.8281
2011   06   241.9430
2011   07   118.6924
2011   08   224.2681
2011   09   110.5972
2011   10   38.2186
2011   11   32.3717
2011   12   14.3507
2012   01   18.5042
2012   02   37.7508
2012   03   21.3733
2012   04   22.4672
2012   05   297.2356
2012   06   296.4246
2012   07   61.9201
2012   08   247.5430
2012   09   35.3696
2012   10   68.0154
2012   11   55.8740
2012   12   99.0621
2013   01   11.4804
2013   02   14.9611
2013   03   27.1816
2013   04   34.5978
2013   05   158.3083
2013   06   114.6556
2013   07   90.9343
2013   08   177.1340
2013   09   103.0961
2013   10   57.6465
2013   11   39.1452
2013   12   12.5220
2014   01   16.8246
2014   02   26.8662
2014   03   88.3170
2014   04   50.1119
2014   05   227.6370
2014   06   247.3206
2014   07   185.0394
2014   08   126.3255
2014   09   121.3050
2014   10   42.3912
2014   11   28.8634
2014   12   28.7238
2015   01   9.4037
2015   02   30.6480
2015   03   23.2669
2015   04   52.4072
2015   05   182.5814
2015   06   163.0398
2015   07   277.2491
2015   08   308.0274
2015   09   148.5074
2015   10   105.9627
2015   11   28.6673
2015   12   30.7492
2016   01   19.2237
2016   02   8.8893
2016   03   30.5587
2016   04   119.6240
2016   05   103.8420
2016   06   40.4421
2016   07   205.7116
2016   08   128.8284
2016   09   44.2600
2016   10   99.3528
2016   11   28.5022
2016   12   40.2509
2017   01   10.5993
2017   02   11.2761
2017   03   44.4869
2017   04   74.1605
2017   05   108.1225
2017   06   260.3577
2017   07   71.9383
2017   08   304.5745
2017   09   79.4024
2017   10   89.5734
2017   11   41.5014
2017   12   25.5024
2018   01   16.8866
2018   02   24.8920
2018   03   53.8832
2018   04   96.0324
2018   05   159.2863
2018   06   146.1003
2018   07   93.1001
2018   08   121.2984
2018   09   185.5632
2018   10   117.7972
2018   11   56.5301
2018   12   29.1258
2019   01   16.5488
2019   02   17.8480
2019   03   22.0174
2019   04   32.9754
2019   05   163.7806
2019   06   330.6164
2019   07   120.0147
2019   08   99.9422
2019   09   60.0607
2019   10   68.8274
2019   11   16.5669
2019   12   18.9093
2020   01   11.5204
2020   02   6.7648
2020   03   26.1832
2020   04   60.2245
2020   05   73.9429
2020   06   313.0896
2020   07   177.9495
2020   08   112.3602
2020   09   37.8797
2020   10   34.3145
2020   11   13.0541
2020   12   18.0778
2021   01   54.8013
2021   02   11.4826
2021   03   16.9990
2021   04   60.4742
2021   05   180.6472
2021   06   120.5481
2021   07   93.5016
2021   08   169.1294
2021   09   76.1620
2021   10   38.7068
2021   11   11.2186
2021   12   8.9409
2022   01   9.3257
2022   02   11.0432
2022   03   23.6363
2022   04   191.1874
2022   05   107.8450
2022   06   236.1259
2022   07   177.7047
2022   08   158.1738
2022   09   28.3244
2022   10   43.7324
2022   11   25.7100
2022   12   11.4864
2023   01   10.8238
2023   02   4.7271
2023   03   18.8111
2023   04   92.8432
2023   05   88.1524
2023   06   182.5900
2023   07   126.2663
2023   08   407.5577
2023   09   109.8559
2023   10   39.8571
2023   11   46.0654
2023   12   11.5262
2024   01   6.2394
2024   02   9.4536
2024   03   39.3814
2024   04   117.0371
2024   05   150.1158
2024   06   429.5110
2024   07   43.5513
2024   08   163.8568
2024   09   113.7960
2024   10   49.2071
2024   11   22.7467
2024   11   22.7467
2024   12   9.5118
2025   01   6.9417
2025   02   4.8312
2025   03   78.5513
2025   04   91.8169
2025   05   171.0276
2025   06   155.7383
