1981 1 16.9
1981 2 15.3
1981 3 14.6
1981 4 19.3
1981 5 109.5
1981 6 45.1
1981 7 59.6
1981 8 31.1
1981 9 60.92
1981 10 12.5
1981 11 45.4
1981 12 3.5
1982 1 22.4
1982 2 7.9
1982 3 75.5
1982 4 18.7
1982 5 55.5
1982 6 51.6
1982 7 19.9
1982 8 79.7
1982 9 57.6
1982 10 67.2
1982 11 8.2
1982 12 0.7
1983 1 31.3
1983 2 27.0
1983 3 48.3
1983 4 15.1
1983 5 27.3
1983 6 44.7
1983 7 119.0
1983 8 33.9
1983 9 26.1
1983 10 26.9
1983 11 18.3
1983 12 68.7
1984 1 20.3
1984 2 27.1
1984 3 8.4
1984 4 38.1
1984 5 48.8
1984 6 31.6
1984 7 15.1
1984 8 6.9
1984 9 17.9
1984 10 59.2
1984 11 29.8
1984 12 43.8
1985 1 8.0
1985 2 23.2
1985 3 6.3
1985 4 79.6
1985 5 127.7
1985 6 91.1
1985 7 23.3
1985 8 55.4
1985 9 77.3
1985 10 41.4
1985 11 27.3
1985 12 12.3
1986 1 38.2
1986 2 7.8
1986 3 81.7
1986 4 91.9
1986 5 75.7
1986 6 120.9
1986 7 96.3
1986 8 32.2
1986 9 40.2
1986 10 23.5
1986 11 26.9
1986 12 18.4
1987 1 26.1
1987 2 8.7
1987 3 42.6
1987 4 34.7
1987 5 38.6
1987 6 65.3
1987 7 88.0
1987 8 55.9
1987 9 37.5
1987 10 21.7
1987 11 40.5
1987 12 20.1
1988 1 9.1
1988 2 8.3
1988 3 62.8
1988 4 34.8
1988 5 19.7
1988 6 119.9
1988 7 7.0
1988 8 64.7
1988 9 17.1
1988 10 28.4
1988 11 15.5
1988 12 42.31
1989 1 15.3
1989 2 16.3
1989 3 20.4
1989 4 79.4
1989 5 22.1
1989 6 104.5
1989 7 51.1
1989 8 80.6
1989 9 8.1
1989 10 6.7
1989 11 9.2
1989 12 108.6
1990 1 19.6
1990 2 20.1
1990 3 57.0
1990 4 34.3
1990 5 140.7
1990 6 109.9
1990 7 99.3
1990 8 89.7
1990 9 75.5
1990 10 54.1
1990 11 37.6
1990 12 22.7
1991 1 43.0
1991 2 18.3
1991 3 45.3
1991 4 52.2
1991 5 74.2
1991 6 57.7
1991 7 132.6
1991 8 63.0
1991 9 92.7
1991 10 26.6
1991 11 32.6
1991 12 47.0
1992 1 2.0
1992 2 23.2
1992 3 29.2
1992 4 37.2
1992 5 61.6
1992 6 47.3
1992 7 17.8
1992 8 47.1
1992 9 30.9
1992 10 97.3
1992 11 36.0
1992 12 35.4
1993 1 23.6
1993 2 8.5
1993 3 69.8
1993 4 35.2
1993 5 64.8
1993 6 109.8
1993 7 38.7
1993 8 39.7
1993 9 21.7
1993 10 18.9
1993 11 22.5
1993 12 42.7
1994 1 32.3
1994 2 14.0
1994 3 5.2
1994 4 39.1
1994 5 198.1
1994 6 99.6
1994 7 68.4
1994 8 54.5
1994 9 70.3
1994 10 11.4
1994 11 25.8
1994 12 10.8
1995 1 11.3
1995 2 28.2
1995 3 78.6
1995 4 60.4
1995 5 87.3
1995 6 93.6
1995 7 102.2
1995 8 36.4
1995 9 16.9
1995 10 22.3
1995 11 15.8
1995 12 4.1
1996 1 0.8
1996 2 44.7
1996 3 64.8
1996 4 135.5
1996 5 56.2
1996 6 64.3
1996 7 58.0
1996 8 164.4
1996 9 16.4
1996 10 26.2
1996 11 42.4
1996 12 38.9
1997 1 46.8
1997 2 16.3
1997 3 31.3
1997 4 80.8
1997 5 21.9
1997 6 80.9
1997 7 108.7
1997 8 128.7
1997 9 22.2
1997 10 56.6
1997 11 5.4
1997 12 5.2
1998 1 45.1
1998 2 3.3
1998 3 31.2
1998 4 13.6
1998 5 85.5
1998 6 34.7
1998 7 223.3
1998 8 47.2
1998 9 5.9
1998 10 34.8
1998 11 17.1
1998 12 24.9
1999 1 10.1
1999 2 24.1
1999 3 52.6
1999 4 23.9
1999 5 16.2
1999 6 122.3
1999 7 82.1
1999 8 46.1
1999 9 69.4
1999 10 33.0
1999 11 20.2
1999 12 19.8
2000 1 14.2
2000 2 23.9
2000 3 24.9
2000 4 81.6
2000 5 24.3
2000 6 70.0
2000 7 78.0
2000 8 7.4
2000 9 54.2
2000 10 28.9
2000 11 12.9
2000 12 60.1
2001 1 74.0
2001 2 33.0
2001 3 78.9
2001 4 19.4
2001 5 70.1
2001 6 66.6
2001 7 41.1
2001 8 68.2
2001 9 20.2
2001 10 2.4
2001 11 10.0
2001 12 24.8
2002 1 33.0
2002 2 25.0
2002 3 58.4
2002 4 22.3
2002 5 62.5
2002 6 25.8
2002 7 41.6
2002 8 54.8
2002 9 72.1
2002 10 60.3
2002 11 55.2
2002 12 34.0
2003 1 46.2
2003 2 5.4
2003 3 20.4
2003 4 12.0
2003 5 62.8
2003 6 108.0
2003 7 17.3
2003 8 97.1
2003 9 44.5
2003 10 146.8
2003 11 38.7
2003 12 14.3
2004 1 13.8
2004 2 0.2
2004 3 12.3
2004 4 120.9
2004 5 17.5
2004 6 155.7
2004 7 62.9
2004 8 11.2
2004 9 38.0
2004 10 39.0
2004 11 39.8
2004 12 47.0
2005 1 8.2
2005 2 27.6
2005 3 43.6
2005 4 80.1
2005 5 109.2
2005 6 167.3
2005 7 20.0
2005 8 21.8
2005 9 2.2
2005 10 51.4
2005 11 50.4
2005 12 0.0
2006 1 40.6
2006 2 10.4
2006 3 62.6
2006 4 70.1
2006 5 70.6
2006 6 36.6
2006 7 122.0
2006 8 18.8
2006 9 26.4
2006 10 60.4
2006 11 29.0
2006 12 78.2
2007 1 3.6
2007 2 8.1
2007 3 16.0
2007 4 64.0
2007 5 9.4
2007 6 46.4
2007 7 24.6
2007 8 24.6
2007 9 61.8
2007 10 48.0
2007 11 8.6
2007 12 14.8
2008 1 11.0
2008 2 11.4
2008 3 16.2
2008 4 62.5
2008 5 60.6
2008 6 83.2
2008 7 71.4
2008 8 47.2
2008 9 4.2
2008 10 13.2
2008 11 55.8
2008 12 3.4
2009 1 16.2
2009 2 76.4
2009 3 36.6
2009 4 60.0
2009 5 77.2
2009 6 57.8
2009 7 22.4
2009 8 82.6
2009 9 15.4
2009 10 52.4
2009 11 35.2
2009 12 46.9
2010 1 47.8
2010 2 38.0
2010 3 6.4
2010 4 21.4
2010 5 42.0
2010 6 168.6
2010 7 91.2
2010 8 55.8
2010 9 19.6
2010 10 23.6
2010 11 24.4
2010 12 21.2
2011 1 27.6
2011 2 25.6
2011 3 41.4
2011 4 37.4
2011 5 37.6
2011 6 41.8
2011 7 78.6
2011 8 33.4
2011 9 29.6
2011 10 28.4
2011 11 27.2
2011 12 5.8
2012 1 23.7
2012 2 20.2
2012 3 58.9
2012 4 34.6
2012 5 200.5
2012 6 99.9
2012 7 32.6
2012 8 57.8
2012 9 23.0
2012 10 35.2
2012 11 37.6
2012 12 37.2
2013 1 15.6
2013 2 38.8
2013 3 6.2
2013 4 10.6
2013 5 103.3
2013 6 47.0
2013 7 101.8
2013 8 112.2
2013 9 29.4
2013 10 0.0
2013 11 12.0
2013 12 0.4
2014 1 11.2
2014 2 4.6
2014 3 4.6
2014 4 25.8
2014 5 114.7
2014 6 40.8
2014 7 19.4
2014 8 80.0
2014 9 36.6
2014 10 23.4
2014 11 37.4
2014 12 17.6
2015 1 12.4
2015 2 1.0
2015 3 85.8
2015 4 23.6
2015 5 119.0
2015 6 59.4
2015 7 61.4
2015 8 41.2
2015 9 7.2
2015 10 1.8
2015 11 16.4
2015 12 4.6
2016 1 0.2
2016 2 15.0
2016 3 2.2
2016 4 13.8
2016 5 12.3
2016 6 1.4
2016 7 15.0
2016 8 74.8
2016 9 17.6
2016 10 20.8
2016 11 88.8
2016 12 15.0
2017 1 57.0
2017 2 28.6
2017 3 83.9
2017 4 61.6
2017 5 83.0
2017 6 105.6
2017 7 82.6
2017 8 83.4
2017 9 22.1
2017 10 26.0
2017 11 5.8
2017 12 29.4
2018 1 4.6
2018 2 4.4
2018 3 44.0
2018 4 77.8
2018 5 28.8
2018 6 97.8
2018 7 10.8
2018 8 35.8
2018 9 57.0
2018 10 25.2
2018 11 45.2
2018 12 7.4
2019 1 14.6
2019 2 3.8
2019 3 40.6
2019 4 69.0
2019 5 54.6
2019 6 102.6
2019 7 50.2
2019 8 29.8
2019 9 2.5
2019 10 0.0
2019 11 7.0
2019 12 23.6
2020 1 12.4
2020 2 32.6
2020 3 6.0
2020 4 45.7
2020 5 67.3
2020 6 95.2
2020 7 82.1
2020 8 24.0
2020 9 16.0
2020 10 13.0
2020 11 5.6
2020 12 16.4
2021 1 25.8
2021 2 7.6
2021 3 23.6
2021 4 22.6
2021 5 21.3
2021 6 58.2
2021 7 61.8
2021 8 0.5
2021 9 0.1
2021 10 0.3
2021 11 1.1
2021 12 6.3
2022 1 14.0
2022 2 17.9
2022 3 43.2
2022 4 41.9
2022 5 42.9
2022 6 40.2
2022 7 91.2
2022 8 16.0
2022 9 16.3
2022 10 23.8
2022 11 2.0
2022 12 25.1
2023 1 6.5
2023 2 6.5
2023 3 49.4
2023 4 11.3
2023 5 46.4
2023 6 91.4
2023 7 145.8
2023 8 66.8
2023 9 19.8
2023 10 38.2
2023 11 19.5
2023 12 0.9
2024 1 2.9
2024 2 8.0
2024 3 43.0
2024 4 12.6
2024 5 6.7
2024 6 65.1
2024 7 17.0
2024 8 24.4
2024 9 24.6
2024 10 0.1
2024 11 38.6
2024 12 3.0
2025 1 2.7
2025 2 30.1
2025 3 37.5
2025 4 21.3
2025 5 24.7
2025 6 31.5
