1991   01   31.0395
1991   02   33.5250
1991   03   94.0259
1991   04   138.2684
1991   05   335.9999
1991   06   151.8895
1991   07   303.7117
1991   08   196.5831
1991   09   126.8038
1991   10   74.4179
1991   11   84.5755
1991   12   161.7384
1992   01   26.5373
1992   02   29.1610
1992   03   115.4697
1992   04   190.0536
1992   05   331.8758
1992   06   343.7927
1992   07   134.1142
1992   08   174.7200
1992   09   207.5352
1992   10   154.1529
1992   11   63.0680
1992   12   107.9732
1993   01   28.2744
1993   02   22.5977
1993   03   126.5248
1993   04   243.0437
1993   05   492.0905
1993   06   371.7451
1993   07   434.8211
1993   08   162.3279
1993   09   87.8646
1993   10   112.8336
1993   11   91.7627
1993   12   75.0481
1994   01   30.3169
1994   02   22.2758
1994   03   38.6857
1994   04   154.9282
1994   05   150.6417
1994   06   316.0082
1994   07   280.9016
1994   08   152.2315
1994   09   143.3872
1994   10   190.4283
1994   11   92.2983
1994   12   124.4359
1995   01   124.4921
1995   02   14.8280
1995   03   35.0699
1995   04   194.8079
1995   05   87.2251
1995   06   424.2932
1995   07   318.1685
1995   08   289.6167
1995   09   70.4458
1995   10   97.8564
1995   11   40.9865
1995   12   21.6120
1996   01   33.3348
1996   02   53.4330
1996   03   77.6167
1996   04   95.6630
1996   05   281.7904
1996   06   120.8181
1996   07   84.3411
1996   08   241.9904
1996   09   58.1307
1996   10   86.0521
1996   11   93.9454
1996   12   42.3579
1997   01   83.8750
1997   02   51.4128
1997   03   19.6215
1997   04   212.4085
1997   05   173.8304
1997   06   445.3657
1997   07   396.3071
1997   08   164.9535
1997   09   95.5513
1997   10   143.7364
1997   11   109.4382
1997   12   62.5378
1998   01   19.8314
1998   02   30.8316
1998   03   44.9228
1998   04   118.6163
1998   05   157.9280
1998   06   122.6348
1998   07   166.4654
1998   08   250.2462
1998   09   71.0876
1998   10   26.8411
1998   11   43.9976
1998   12   30.1073
1999   01   38.9122
1999   02   42.6307
1999   03   55.5664
1999   04   55.4883
1999   05   162.5808
1999   06   272.5131
1999   07   154.9068
1999   08   310.8118
1999   09   154.9548
1999   10   67.8774
1999   11   46.6740
1999   12   35.1160
2000   01   41.8980
2000   02   169.4313
2000   03   55.3711
2000   04   112.1922
2000   05   112.3233
2000   06   647.1386
2000   07   220.4198
2000   08   180.6504
2000   09   184.3219
2000   10   89.4255
2000   11   87.2559
2000   12   58.4031
2001   01   89.3312
2001   02   28.1235
2001   03   67.1502
2001   04   83.4570
2001   05   354.7681
2001   06   311.2637
2001   07   494.1227
2001   08   159.8422
2001   09   71.7911
2001   10   69.2756
2001   11   79.5259
2001   12   17.1202
2002   01   35.3166
2002   02   47.1852
2002   03   140.5564
2002   04   130.7850
2002   05   306.1550
2002   06   189.3705
2002   07   205.5643
2002   08   248.8047
2002   09   203.7094
2002   10   283.2228
2002   11   153.4647
2002   12   71.6811
2003   01   24.8486
2003   02   28.5385
2003   03   63.0942
2003   04   72.7422
2003   05   99.2038
2003   06   469.9471
2003   07   225.6855
2003   08   155.3513
2003   09   200.6113
2003   10   99.0996
2003   11   97.7712
2003   12   71.2101
2004   01   19.4216
2004   02   36.2108
2004   03   57.6793
2004   04   223.5103
2004   05   77.9980
2004   06   350.4626
2004   07   289.3123
2004   08   288.2736
2004   09   170.5671
2004   10   166.8816
2004   11   96.2744
2004   12   67.8129
2005   01   31.2476
2005   02   25.2965
2005   03   81.5830
2005   04   78.5394
2005   05   585.1422
2005   06   403.1053
2005   07   234.2363
2005   08   317.4876
2005   09   76.7783
2005   10   93.3168
2005   11   154.3738
2005   12   54.0995
2006   01   89.9199
2006   02   33.7708
2006   03   69.1159
2006   04   150.9497
2006   05   153.9645
2006   06   392.8727
2006   07   382.4829
2006   08   246.6731
2006   09   161.1517
2006   10   128.9425
2006   11   38.6194
2006   12   102.5575
2007   01   28.4198
2007   02   59.4339
2007   03   52.1695
2007   04   127.0150
2007   05   106.7043
2007   06   194.8307
2007   07   290.3868
2007   08   165.4444
2007   09   145.1484
2007   10   78.5580
2007   11   47.5382
2007   12   40.2170
2008   01   24.7633
2008   02   26.9245
2008   03   45.1952
2008   04   75.6829
2008   05   293.6518
2008   06   144.4240
2008   07   359.8368
2008   08   334.0004
2008   09   54.0475
2008   10   63.1059
2008   11   68.8116
2008   12   39.0704
2009   01   22.9179
2009   02   54.1899
2009   03   37.1928
2009   04   89.6224
2009   05   338.9715
2009   06   247.0632
2009   07   137.2957
2009   08   379.5323
2009   09   86.2322
2009   10   174.6317
2009   11   102.3657
2009   12   87.8588
2010   01   42.4690
2010   02   97.7595
2010   03   44.6778
2010   04   40.1976
2010   05   100.8815
2010   06   240.7889
2010   07   200.2099
2010   08   207.7703
2010   09   50.3628
2010   10   74.3108
2010   11   58.0535
2010   12   62.8105
2011   01   42.5532
2011   02   34.9435
2011   03   59.7126
2011   04   145.3835
2011   05   139.2878
2011   06   258.0246
2011   07   171.6778
2011   08   234.5415
2011   09   161.8775
2011   10   69.6079
2011   11   74.6491
2011   12   26.7136
2012   01   33.1998
2012   02   97.3624
2012   03   50.8296
2012   04   41.0676
2012   05   315.5654
2012   06   260.7357
2012   07   115.0842
2012   08   184.8438
2012   09   91.9830
2012   10   69.1433
2012   11   47.4724
2012   12   164.8019
2013   01   20.2507
2013   02   67.3314
2013   03   38.3240
2013   04   113.4846
2013   05   245.3154
2013   06   105.1648
2013   07   124.3523
2013   08   230.7654
2013   09   132.3512
2013   10   56.6147
2013   11   56.6429
2013   12   21.1351
2014   01   51.0315
2014   02   29.5036
2014   03   65.0285
2014   04   63.4879
2014   05   245.2521
2014   06   269.5172
2014   07   306.1720
2014   08   173.9050
2014   09   152.1054
2014   10   94.9337
2014   11   57.3708
2014   12   24.3293
2015   01   10.6896
2015   02   19.2955
2015   03   24.7983
2015   04   75.8430
2015   05   214.7475
2015   06   259.0719
2015   07   404.0635
2015   08   306.5564
2015   09   100.4185
2015   10   79.4222
2015   11   34.4858
2015   12   55.1311
2016   01   28.6379
2016   02   25.0698
2016   03   27.2428
2016   04   103.9882
2016   05   129.2435
2016   06   44.4093
2016   07   247.6942
2016   08   211.5088
2016   09   58.3824
2016   10   108.4349
2016   11   49.1407
2016   12   73.8599
2017   01   23.9770
2017   02   57.6800
2017   03   52.7831
2017   04   85.4354
2017   05   142.0972
2017   06   224.3376
2017   07   138.3831
2017   08   323.3315
2017   09   92.4335
2017   10   141.4078
2017   11   34.1758
2017   12   34.5532
2018   01   36.0981
2018   02   45.6900
2018   03   114.8112
2018   04   207.0938
2018   05   123.4908
2018   06   138.1736
2018   07   125.8206
2018   08   198.0146
2018   09   163.1368
2018   10   126.6690
2018   11   105.6948
2018   12   39.8475
2019   01   16.0205
2019   02   17.2558
2019   03   43.9146
2019   04   37.7391
2019   05   182.0534
2019   06   248.9110
2019   07   253.2668
2019   08   132.9391
2019   09   53.7710
2019   10   63.7380
2019   11   50.8619
2019   12   34.3097
2020   01   17.8930
2020   02   29.9907
2020   03   44.3450
2020   04   81.2996
2020   05   116.2950
2020   06   336.9902
2020   07   339.5418
2020   08   150.2012
2020   09   67.8368
2020   10   50.0748
2020   11   43.3394
2020   12   44.2872
2021   01   43.4301
2021   02   11.4990
2021   03   21.8684
2021   04   89.1988
2021   05   161.5367
2021   06   192.8612
2021   07   95.2406
2021   08   201.6016
2021   09   76.6622
2021   10   52.9017
2021   11   52.4345
2021   12   28.2972
2022   01   47.4503
2022   02   30.5185
2022   03   83.9769
2022   04   209.5185
2022   05   99.6632
2022   06   205.7090
2022   07   262.9617
2022   08   120.7415
2022   09   57.2796
2022   10   97.2161
2022   11   41.2369
2022   12   27.2658
2023   01   13.1234
2023   02   17.6695
2023   03   82.6770
2023   04   99.3215
2023   05   115.2505
2023   06   178.0709
2023   07   240.1277
2023   08   207.2792
2023   09   107.1691
2023   10   63.4139
2023   11   89.1507
2023   12   23.0233
2024   01   6.7100
2024   02   19.9507
2024   03   80.9938
2024   04   124.8092
2024   05   120.9406
2024   06   310.7786
2024   07   91.5302
2024   08   101.6944
2024   09   185.4520
2024   10   30.7581
2024   11   90.5252
2024   11   90.5252
2024   12   15.1977
2025   01   23.5094
2025   02   24.5224
2025   03   72.8420
2025   04   163.6689
2025   05   133.8837
2025   06   158.3228
