1991   01   21.9563
1991   02   9.4582
1991   03   4.2034
1991   04   3.7528
1991   05   10.1854
1991   06   14.8566
1991   07   4.0162
1991   08   2.6309
1991   09   2.4611
1991   10   0.4670
1991   11   8.3327
1991   12   12.5005
1992   01   21.9563
1992   02   9.4821
1992   03   4.2034
1992   04   4.4064
1992   05   9.6788
1992   06   18.0916
1992   07   3.3491
1992   08   3.1662
1992   09   2.0524
1992   10   0.4678
1992   11   6.9736
1992   12   16.7002
1993   01   35.0243
1993   02   14.9688
1993   03   5.4431
1993   04   4.2055
1993   05   9.2877
1993   06   11.8288
1993   07   2.8358
1993   08   2.6926
1993   09   1.9307
1993   10   0.4434
1993   11   4.5794
1993   12   12.4716
1994   01   21.8393
1994   02   9.4389
1994   03   4.1998
1994   04   4.3229
1994   05   10.0791
1994   06   13.6381
1994   07   2.6525
1994   08   2.4387
1994   09   1.7881
1994   10   0.4685
1994   11   4.5746
1994   12   20.2768
1995   01   21.9563
1995   02   9.4582
1995   03   4.3411
1995   04   3.9484
1995   05   9.9962
1995   06   11.9528
1995   07   2.7764
1995   08   2.5418
1995   09   1.5580
1995   10   0.4672
1995   11   4.5504
1995   12   16.5763
1996   01   21.9566
1996   02   9.4820
1996   03   4.1993
1996   04   3.5338
1996   05   9.9730
1996   06   12.8223
1996   07   2.9847
1996   08   2.3796
1996   09   2.0865
1996   10   0.6858
1996   11   4.5885
1996   12   12.5006
1997   01   21.9564
1997   02   9.4582
1997   03   4.1988
1997   04   3.5337
1997   05   11.0277
1997   06   14.7211
1997   07   2.7826
1997   08   4.5737
1997   09   1.7878
1997   10   0.4669
1997   11   4.5775
1997   12   14.1752
1998   01   21.9562
1998   02   9.4582
1998   03   4.2048
1998   04   6.3857
1998   05   10.7328
1998   06   15.8305
1998   07   2.6525
1998   08   2.6001
1998   09   1.9577
1998   10   0.6870
1998   11   4.5487
1998   12   12.5006
1999   01   21.9565
1999   02   9.4582
1999   03   4.1988
1999   04   3.7528
1999   05   10.5170
1999   06   12.7043
1999   07   2.5843
1999   08   2.4403
1999   09   1.5586
1999   10   0.4954
1999   11   4.5762
1999   12   15.3732
2000   01   31.9952
2000   02   8.4404
2000   03   4.1989
2000   04   3.5600
2000   05   9.4131
2000   06   9.4819
2000   07   2.2382
2000   08   2.0283
2000   09   1.6599
2000   10   0.5056
2000   11   4.6381
2000   12   10.0746
2001   01   18.9723
2001   02   16.3438
2001   03   4.5724
2001   04   3.5600
2001   05   7.9351
2001   06   10.4845
2001   07   1.9582
2001   08   2.4855
2001   09   2.4264
2001   10   0.5037
2001   11   4.6387
2001   12   11.1566
2002   01   16.1992
2002   02   7.5455
2002   03   4.4291
2002   04   4.4081
2002   05   12.4200
2002   06   8.9162
2002   07   4.0979
2002   08   3.2331
2002   09   1.2864
2002   10   0.4604
2002   11   4.5628
2002   12   10.4986
2003   01   16.1992
2003   02   7.5454
2003   03   4.1988
2003   04   3.5600
2003   05   10.2197
2003   06   8.8914
2003   07   2.3587
2003   08   2.0268
2003   09   1.2864
2003   10   0.5187
2003   11   7.0196
2003   12   8.9218
2004   01   23.6754
2004   02   7.8666
2004   03   4.1878
2004   04   3.5600
2004   05   9.0267
2004   06   8.9226
2004   07   2.8857
2004   08   2.9897
2004   09   1.4503
2004   10   0.4305
2004   11   4.5902
2004   12   8.9217
2005   01   26.6809
2005   02   15.3252
2005   03   4.1988
2005   04   5.6703
2005   05   6.7158
2005   06   9.1848
2005   07   3.1253
2005   08   2.5183
2005   09   1.6970
2005   10   0.4317
2005   11   5.1813
2005   12   8.9217
2006   01   30.2983
2006   02   11.1047
2006   03   4.2034
2006   04   4.1165
2006   05   6.0113
2006   06   8.1109
2006   07   2.9655
2006   08   2.4212
2006   09   1.4265
2006   10   0.4317
2006   11   4.5468
2006   12   10.5525
2007   01   18.4896
2007   02   7.5454
2007   03   4.2034
2007   04   7.1270
2007   05   10.6043
2007   06   13.2355
2007   07   4.7215
2007   08   3.0088
2007   09   1.4503
2007   10   0.4317
2007   11   4.5746
2007   12   10.8135
2008   01   34.6994
2008   02   13.1611
2008   03   4.2220
2008   04   3.7920
2008   05   6.0507
2008   06   7.5665
2008   07   1.8869
2008   08   1.7186
2008   09   1.3089
2008   10   0.4317
2008   11   4.6219
2008   12   8.8214
2009   01   16.1190
2009   02   7.5448
2009   03   4.2815
2009   04   3.7528
2009   05   6.2485
2009   06   7.3304
2009   07   3.8659
2009   08   1.7084
2009   09   1.5229
2009   10   0.4317
2009   11   4.5057
2009   12   8.7018
2010   01   18.8040
2010   02   7.5454
2010   03   4.2038
2010   04   5.0778
2010   05   7.0370
2010   06   7.3758
2010   07   2.2978
2010   08   1.8260
2010   09   1.3175
2010   10   0.4317
2010   11   4.5835
2010   12   8.7018
2011   01   16.1192
2011   02   7.5450
2011   03   4.2094
2011   04   3.6297
2011   05   6.7298
2011   06   8.6052
2011   07   3.8208
2011   08   2.2452
2011   09   1.3486
2011   10   0.4317
2011   11   4.5052
2011   12   12.5184
2012   01   17.9581
2012   02   8.9457
2012   03   4.2742
2012   04   3.8702
2012   05   8.4116
2012   06   7.7379
2012   07   1.8895
2012   08   1.7121
2012   09   1.5998
2012   10   0.4317
2012   11   4.5112
2012   12   8.8661
2013   01   23.7890
2013   02   8.3410
2013   03   4.1815
2013   04   3.5060
2013   05   9.4083
2013   06   10.0203
2013   07   2.3154
2013   08   2.7777
2013   09   2.6401
2013   10   0.5895
2013   11   5.3875
2013   12   19.6799
2014   01   24.7185
2014   02   8.3404
2014   03   4.1815
2014   04   3.5481
2014   05   8.6848
2014   06   9.9814
2014   07   2.2438
2014   08   1.8373
2014   09   1.8906
2014   10   0.5780
2014   11   5.3790
2014   12   10.8775
2015   01   25.0348
2015   02   8.3403
2015   03   4.5994
2015   04   3.5059
2015   05   9.3246
2015   06   11.4117
2015   07   5.9321
2015   08   2.1925
2015   09   1.5432
2015   10   0.5025
2015   11   5.4461
2015   12   13.7207
2016   01   17.0120
2016   02   9.4729
2016   03   4.1815
2016   04   4.3555
2016   05   11.1692
2016   06   15.6348
2016   07   5.9723
2016   08   2.8544
2016   09   1.7322
2016   10   0.5025
2016   11   9.5233
2016   12   10.8775
2017   01   42.8014
2017   02   8.3404
2017   03   4.2496
2017   04   3.5060
2017   05   7.7429
2017   06   14.5874
2017   07   3.3120
2017   08   2.7894
2017   09   1.5378
2017   10   0.5025
2017   11   5.3702
2017   12   10.8776
2018   01   17.0122
2018   02   15.3993
2018   03   4.1669
2018   04   3.8955
2018   05   7.7295
2018   06   13.0599
2018   07   3.3569
2018   08   2.7753
2018   09   1.7322
2018   10   0.5325
2018   11   5.4523
2018   12   11.1773
2019   01   27.0136
2019   02   9.5803
2019   03   4.1885
2019   04   3.5060
2019   05   12.7457
2019   06   11.7619
2019   07   4.9975
2019   08   2.7759
2019   09   1.7322
2019   10   0.5325
2019   11   5.4523
2019   12   13.2214
2020   01   19.3325
2020   02   8.3403
2020   03   4.9047
2020   04   3.5060
2020   05   6.2437
2020   06   12.4889
2020   07   3.1158
2020   08   2.6970
2020   09   1.7322
2020   10   0.5025
2020   11   6.1872
2020   12   10.8776
2021   01   17.0911
2021   02   8.3410
2021   03   4.2877
2021   04   3.5059
2021   05   6.6755
2021   06   12.2663
2021   07   2.4109
2021   08   1.8970
2021   09   1.5379
2021   10   0.5025
2021   11   5.3496
2021   12   10.9889
2022   01   32.1824
2022   02   8.3402
2022   03   4.3979
2022   04   3.5481
2022   05   6.0143
2022   06   11.1607
2022   07   2.9124
2022   08   2.6681
2022   09   1.5385
2022   10   0.5025
2022   11   8.3847
2022   12   10.8777
2023   01   17.0986
2023   02   17.5152
2023   03   4.3472
2023   04   3.4871
2023   05   7.5495
2023   06   11.0838
2023   07   3.2250
2023   08   2.6708
2023   09   1.9482
2023   10   0.5003
2023   11   5.3131
2023   12   10.2151
2024   01   16.3781
2024   02   14.4835
2024   03   4.2411
2024   04   4.0489
2024   05   7.5182
2024   06   8.5998
2024   07   2.4333
2024   08   2.0157
2024   09   1.3665
2024   10   0.5373
2024   11   5.8881
2024   11   5.8881
2024   12   10.0050
2025   01   16.8644
2025   02   18.0781
2025   03   3.9877
2025   04   3.4209
2025   05   6.1675
2025   06   9.6401
