1981 1 0.0
1981 2 0.0
1981 3 1.5
1981 4 0.0
1981 5 336.2
1981 6 56.3
1981 7 13.9
1981 8 6.9
1981 9 12.9
1981 10 0.6
1981 11 0.4
1981 12 0.0
1982 1 0.0
1982 2 0.0
1982 3 23.8
1982 4 1.1
1982 5 153.0
1982 6 276.9
1982 7 146.3
1982 8 63.5
1982 9 18.9
1982 10 29.2
1982 11 0.0
1982 12 0.0
1983 1 0.0
1983 2 0.0
1983 3 0.0
1983 4 0.6
1983 5 49.1
1983 6 100.3
1983 7 90.2
1983 8 94.4
1983 9 9.7
1983 10 0.3
1983 11 0.0
1983 12 0.1
1984 1 0.0
1984 2 0.0
1984 3 9.8
1984 4 0.5
1984 5 107.7
1984 6 32.7
1984 7 390.9
1984 8 64.0
1984 9 64.7
1984 10 11.4
1984 11 2.0
1984 12 0.3
1985 1 1.0
1985 2 0.2
1985 3 3.3
1985 4 0.2
1985 5 56.2
1985 6 2.0
1985 7 95.8
1985 8 0.0
1985 9 49.8
1985 10 8.3
1985 11 0.0
1985 12 0.0
1986 1 0.0
1986 2 0.0
1986 3 0.0
1986 4 77.0
1986 5 181.2
1986 6 88.6
1986 7 2.8
1986 8 76.7
1986 9 0.2
1986 10 0.0
1986 11 58.9
1986 12 0.0
1987 1 0.4
1987 2 0.0
1987 3 0.0
1987 4 3.6
1987 5 82.3
1987 6 19.6
1987 7 324.8
1987 8 169.4
1987 9 26.0
1987 10 24.3
1987 11 0.0
1987 12 0.0
1988 1 0.0
1988 2 0.0
1988 3 4.6
1988 4 0.0
1988 5 0.0
1988 6 9.9
1988 7 68.2
1988 8 66.7
1988 9 2.0
1988 10 0.0
1988 11 0.0
1988 12 0.3
1989 1 0.0
1989 2 0.0
1989 3 0.0
1989 4 2.9
1989 5 20.0
1989 6 10.7
1989 7 56.6
1989 8 83.8
1989 9 0.9
1989 10 7.4
1989 11 0.2
1989 12 2.6
1990 1 0.0
1990 2 0.0
1990 3 43.3
1990 4 0.7
1990 5 17.0
1990 6 0.1
1990 7 72.7
1990 8 13.7
1990 9 51.7
1990 10 20.3
1990 11 0.0
1990 12 0.0
1991 1 0.0
1991 2 0.0
1991 3 0.0
1991 4 16.0
1991 5 128.4
1991 6 231.5
1991 7 111.7
1991 8 20.0
1991 9 53.0
1991 10 17.0
1991 11 0.0
1991 12 20.5
1992 1 0.0
1992 2 0.7
1992 3 29.9
1992 4 20.4
1992 5 202.8
1992 6 213.0
1992 7 1.6
1992 8 131.2
1992 9 21.2
1992 10 0.0
1992 11 2.5
1992 12 0.0
1993 1 0.0
1993 2 0.0
1993 3 0.0
1993 4 89.0
1993 5 60.3
1993 6 39.7
1993 7 62.3
1993 8 19.8
1993 9 0.6
1993 10 4.0
1993 11 0.7
1993 12 1.3
1994 1 0.0
1994 2 0.0
1994 3 0.0
1994 4 16.0
1994 5 95.2
1994 6 52.6
1994 7 56.4
1994 8 10.5
1994 9 17.0
1994 10 2.0
1994 11 0.1
1994 12 0.0
1995 1 0.0
1995 2 0.0
1995 3 0.0
1995 4 51.4
1995 5 0.0
1995 6 64.9
1995 7 73.5
1995 8 48.5
1995 9 4.4
1995 10 9.1
1995 11 0.9
1995 12 0.9
1996 1 0.0
1996 2 0.0
1996 3 1.4
1996 4 0.0
1996 5 19.6
1996 6 45.2
1996 7 90.1
1996 8 45.5
1996 9 0.7
1996 10 1.5
1996 11 0.5
1996 12 1.5
1997 1 0.0
1997 2 0.0
1997 3 2.0
1997 4 4.2
1997 5 135.4
1997 6 286.6
1997 7 50.4
1997 8 166.6
1997 9 85.3
1997 10 50.6
1997 11 9.8
1997 12 0.4
1998 1 0.0
1998 2 1.2
1998 3 0.0
1998 4 20.2
1998 5 11.4
1998 6 41.0
1998 7 0.0
1998 8 0.0
1998 9 21.2
1998 10 0.0
1998 11 0.0
1998 12 0.0
1999 1 0.0
1999 2 0.5
1999 3 10.3
1999 4 1.3
1999 5 27.9
1999 6 57.3
1999 7 32.5
1999 8 60.1
1999 9 144.5
1999 10 4.6
1999 11 0.7
1999 12 0.0
2000 1 0.0
2000 2 0.4
2000 3 0.0
2000 4 5.4
2000 5 16.4
2000 6 349.7
2000 7 5.3
2000 8 6.4
2000 9 112.2
2000 10 3.6
2000 11 0.0
2000 12 0.1
2001 1 0.0
2001 2 0.3
2001 3 0.0
2001 4 16.3
2001 5 55.9
2001 6 4.4
2001 7 330.0
2001 8 59.8
2001 9 0.0
2001 10 0.0
2001 11 0.0
2001 12 0.0
2002 1 0.0
2002 2 0.0
2002 3 7.6
2002 4 2.4
2002 5 196.5
2002 6 177.4
2002 7 133.2
2002 8 172.6
2002 9 15.8
2002 10 6.6
2002 11 0.0
2002 12 0.0
2003 1 0.2
2003 2 0.0
2003 3 1.2
2003 4 0.2
2003 5 134.5
2003 6 27.7
2003 7 52.1
2003 8 18.7
2003 9 27.2
2003 10 8.9
2003 11 9.9
2003 12 0.0
2004 1 0.0
2004 2 0.0
2004 3 1.5
2004 4 42.8
2004 5 29.2
2004 6 67.5
2004 7 113.8
2004 8 91.0
2004 9 15.8
2004 10 0.1
2004 11 33.3
2004 12 0.0
2005 1 0.0
2005 2 0.2
2005 3 29.0
2005 4 0.6
2005 5 100.9
2005 6 104.3
2005 7 27.0
2005 8 107.5
2005 9 19.4
2005 10 5.0
2005 11 34.5
2005 12 0.1
2006 1 0.0
2006 2 0.0
2006 3 0.0
2006 4 3.2
2006 5 30.9
2006 6 151.0
2006 7 205.7
2006 8 44.5
2006 9 4.1
2006 10 45.7
2006 11 0.0
2006 12 0.0
2007 1 0.0
2007 2 22.2
2007 3 0.0
2007 4 0.0
2007 5 13.1
2007 6 108.8
2007 7 61.3
2007 8 39.1
2007 9 0.6
2007 10 0.0
2007 11 1.2
2007 12 0.1
2008 1 0.2
2008 2 0.0
2008 3 8.7
2008 4 17.8
2008 5 166.9
2008 6 53.5
2008 7 70.9
2008 8 167.1
2008 9 1.1
2008 10 0.0
2008 11 0.2
2008 12 0.0
2009 1 0.0
2009 2 0.0
2009 3 0.0
2009 4 0.5
2009 5 1.0
2009 6 144.6
2009 7 10.7
2009 8 105.0
2009 9 6.4
2009 10 0.0
2009 11 2.3
2009 12 0.0
2010 1 0.0
2010 2 0.0
2010 3 0.2
2010 4 0.0
2010 5 37.2
2010 6 88.9
2010 7 56.0
2010 8 0.8
2010 9 32.9
2010 10 10.0
2010 11 1.0
2010 12 0.2
2011 1 0.0
2011 2 1.3
2011 3 10.0
2011 4 14.3
2011 5 0.3
2011 6 108.8
2011 7 57.3
2011 8 75.8
2011 9 0.7
2011 10 0.2
2011 11 0.5
2011 12 0.1
2012 1 0.0
2012 2 0.4
2012 3 0.2
2012 4 0.2
2012 5 53.0
2012 6 125.4
2012 7 0.0
2012 8 74.5
2012 9 1.6
2012 10 45.6
2012 11 6.4
2012 12 30.0
2013 1 2.0
2013 2 0.0
2013 3 0.0
2013 4 0.0
2013 5 196.2
2013 6 36.4
2013 7 13.9
2013 8 28.1
2013 9 0.1
2013 10 1.8
2013 11 0.0
2013 12 0.4
2014 1 0.2
2014 2 0.0
2014 3 1.8
2014 4 0.0
2014 5 26.3
2014 6 134.2
2014 7 25.8
2014 8 51.4
2014 9 46.5
2014 10 0.0
2014 11 0.4
2014 12 0.0
2015 1 0.0
2015 2 0.2
2015 3 0.0
2015 4 0.0
2015 5 0.6
2015 6 0.0
2015 7 57.8
2015 8 141.2
2015 9 65.3
2015 10 79.0
2015 11 0.7
2015 12 0.0
2016 1 0.2
2016 2 0.0
2016 3 0.2
2016 4 76.0
2016 5 48.5
2016 6 46.1
2016 7 90.7
2016 8 0.2
2016 9 2.2
2016 10 11.3
2016 11 0.0
2016 12 15.3
2017 1 0.0
2017 2 0.0
2017 3 0.0
2017 4 3.7
2017 5 118.5
2017 6 150.5
2017 7 32.3
2017 8 90.6
2017 9 13.4
2017 10 40.8
2017 11 2.6
2017 12 0.4
2018 1 0.3
2018 2 0.0
2018 3 0.5
2018 4 0.3
2018 5 49.4
2018 6 84.4
2018 7 50.7
2018 8 13.7
2018 9 19.4
2018 10 9.8
2018 11 0.0
2018 12 0.0
2019 1 0.0
2019 2 0.1
2019 3 1.4
2019 4 2.7
2019 5 8.3
2019 6 65.4
2019 7 4.6
2019 8 0.0
2019 9 0.0
2019 10 0.0
2019 11 0.7
2019 12 0.0
2020 1 0.1
2020 2 0.1
2020 3 0.1
2020 4 0.6
2020 5 0.7
2020 6 150.3
2020 7 78.9
2020 8 27.8
2020 9 0.8
2020 10 1.1
2020 11 0.5
2020 12 0.1
2021 1 18.2
2021 2 1.7
2021 3 0.8
2021 4 14.9
2021 5 9.1
2021 6 14.2
2021 7 7.7
2021 8 19.2
2021 9 12.4
2021 10 0.7
2021 11 0.1
2021 12 0.3
2022 1 0.2
2022 2 0.0
2022 3 0.1
2022 4 19.5
2022 5 0.4
2022 6 79.0
2022 7 116.9
2022 8 10.35
2022 9 0.4
2022 10 1.2
2022 11 1.3
2022 12 0.0
2023 1 0.2
2023 2 0.0
2023 3 0.5
2023 4 39.6
2023 5 26.1
2023 6 58.3
2023 7 59.1
2023 8 66.2
2023 9 52.6
2023 10 17.3
2023 11 25.9
2023 12 2.1
2024 1 1.1
2024 2 0.3
2024 3 0.4
2024 4 3.55
2024 5 32.9
2024 6 122.5
2024 7 0.1
2024 8 56.7
2024 9 0.1
2024 10 1.9
2024 11 0.0
2024 12 0.0
2025 1 0.6
2025 2 0.3
2025 3 12.8
2025 4 0.3
2025 5 25.2
2025 6 6.6
