1991   01   0.1117
1991   02   2.3975
1991   03   5.1845
1991   04   3.7211
1991   05   18.6206
1991   06   23.1780
1991   07   13.2888
1991   08   5.2012
1991   09   2.8600
1991   10   4.2222
1991   11   1.8304
1991   12   0.1059
1992   01   0.1117
1992   02   2.3975
1992   03   6.9406
1992   04   5.5538
1992   05   6.2403
1992   06   19.6619
1992   07   5.8764
1992   08   8.2371
1992   09   3.0863
1992   10   4.6442
1992   11   2.2855
1992   12   0.1019
1993   01   0.1218
1993   02   2.7110
1993   03   4.8835
1993   04   6.8442
1993   05   4.0327
1993   06   14.8599
1993   07   6.0389
1993   08   9.0832
1993   09   2.9255
1993   10   3.8721
1993   11   1.5195
1993   12   0.1119
1994   01   0.1218
1994   02   2.3976
1994   03   5.4211
1994   04   4.3888
1994   05   10.4798
1994   06   19.5911
1994   07   13.8666
1994   08   4.2170
1994   09   3.2143
1994   10   4.8827
1994   11   1.5272
1994   12   0.1018
1995   01   0.1117
1995   02   2.3976
1995   03   5.4147
1995   04   3.7488
1995   05   7.1667
1995   06   11.1500
1995   07   6.2941
1995   08   3.9662
1995   09   4.5358
1995   10   4.2631
1995   11   1.5040
1995   12   0.1219
1996   01   0.1117
1996   02   2.3976
1996   03   4.9442
1996   04   3.7388
1996   05   4.9249
1996   06   16.6806
1996   07   13.6382
1996   08   5.8218
1996   09   2.7931
1996   10   5.5509
1996   11   1.5047
1996   12   0.1018
1997   01   0.1117
1997   02   2.3976
1997   03   4.9387
1997   04   3.7768
1997   05   16.4463
1997   06   113.1458
1997   07   11.0518
1997   08   25.4743
1997   09   4.4215
1997   10   4.3787
1997   11   1.8021
1997   12   0.1165
1998   01   0.1117
1998   02   2.6006
1998   03   5.2428
1998   04   4.1955
1998   05   13.5423
1998   06   21.1527
1998   07   2.9684
1998   08   4.7078
1998   09   3.0786
1998   10   4.6905
1998   11   1.5047
1998   12   0.1018
1999   01   0.1117
1999   02   2.3976
1999   03   4.9394
1999   04   5.3878
1999   05   4.4611
1999   06   13.0794
1999   07   11.3661
1999   08   13.3615
1999   09   6.6430
1999   10   5.3111
1999   11   1.5047
1999   12   0.1018
2000   01   0.1117
2000   02   2.3976
2000   03   4.4656
2000   04   3.7417
2000   05   5.4011
2000   06   33.5317
2000   07   6.9882
2000   08   4.0962
2000   09   11.0947
2000   10   4.4850
2000   11   1.5047
2000   12   0.1020
2001   01   0.1117
2001   02   2.3976
2001   03   4.4656
2001   04   3.0855
2001   05   4.8782
2001   06   9.3116
2001   07   42.0852
2001   08   20.3694
2001   09   8.7300
2001   10   4.2909
2001   11   1.7072
2001   12   0.1020
2002   01   0.1117
2002   02   2.3976
2002   03   4.4655
2002   04   3.5733
2002   05   28.1669
2002   06   27.8080
2002   07   13.8130
2002   08   18.7744
2002   09   4.3192
2002   10   3.9175
2002   11   1.5047
2002   12   0.1020
2003   01   0.1117
2003   02   2.3976
2003   03   5.3484
2003   04   3.1287
2003   05   18.2217
2003   06   16.6031
2003   07   10.8027
2003   08   4.4457
2003   09   2.3977
2003   10   3.5643
2003   11   1.5272
2003   12   0.1020
2004   01   0.1117
2004   02   2.3976
2004   03   4.4656
2004   04   2.9326
2004   05   5.7554
2004   06   13.7578
2004   07   34.6970
2004   08   9.6630
2004   09   2.9389
2004   10   4.9134
2004   11   1.9308
2004   12   0.1064
2005   01   0.1117
2005   02   2.3963
2005   03   5.2426
2005   04   2.9246
2005   05   9.9767
2005   06   21.2956
2005   07   8.5185
2005   08   14.3566
2005   09   3.8318
2005   10   4.2268
2005   11   1.8848
2005   12   0.1020
2006   01   0.1117
2006   02   2.3976
2006   03   4.4606
2006   04   3.3757
2006   05   13.0503
2006   06   25.0092
2006   07   35.6517
2006   08   13.7157
2006   09   2.6327
2006   10   4.5371
2006   11   1.5047
2006   12   0.1020
2007   01   0.1117
2007   02   2.3976
2007   03   4.4656
2007   04   4.8412
2007   05   7.3017
2007   06   22.8923
2007   07   6.7159
2007   08   8.8674
2007   09   2.7074
2007   10   3.8972
2007   11   1.5042
2007   12   0.1120
2008   01   0.1117
2008   02   2.3976
2008   03   4.4753
2008   04   3.4690
2008   05   16.7714
2008   06   31.1351
2008   07   14.9842
2008   08   17.4637
2008   09   2.9129
2008   10   3.5400
2008   11   1.5047
2008   12   0.1020
2009   01   0.1117
2009   02   2.3975
2009   03   4.4658
2009   04   2.8366
2009   05   4.6482
2009   06   27.5580
2009   07   6.6898
2009   08   15.1015
2009   09   2.7901
2009   10   3.9728
2009   11   1.5042
2009   12   0.1020
2010   01   0.1319
2010   02   2.3975
2010   03   4.4605
2010   04   2.8358
2010   05   15.0428
2010   06   10.5863
2010   07   3.3214
2010   08   6.1806
2010   09   3.1501
2010   10   3.6051
2010   11   1.5043
2010   12   0.1020
2011   01   0.1117
2011   02   2.3977
2011   03   4.4798
2011   04   2.8321
2011   05   3.4200
2011   06   15.6460
2011   07   21.0200
2011   08   6.8017
2011   09   2.7422
2011   10   3.8316
2011   11   1.5047
2011   12   0.1050
2012   01   0.1117
2012   02   2.3976
2012   03   4.4601
2012   04   4.1518
2012   05   11.4916
2012   06   12.7693
2012   07   3.7960
2012   08   10.1253
2012   09   5.4971
2012   10   4.3936
2012   11   1.5223
2012   12   0.1020
2013   01   0.1134
2013   02   2.4542
2013   03   4.8514
2013   04   4.0053
2013   05   11.4251
2013   06   13.1251
2013   07   8.4712
2013   08   4.7401
2013   09   4.2933
2013   10   4.1132
2013   11   1.5890
2013   12   0.1040
2014   01   0.1134
2014   02   2.4543
2014   03   5.3345
2014   04   3.2333
2014   05   5.5330
2014   06   18.2874
2014   07   9.8173
2014   08   4.9894
2014   09   7.8840
2014   10   4.0111
2014   11   1.5671
2014   12   0.1143
2015   01   0.1134
2015   02   2.4542
2015   03   13.3747
2015   04   3.1034
2015   05   6.6667
2015   06   9.6848
2015   07   18.1385
2015   08   14.3667
2015   09   6.9827
2015   10   5.0474
2015   11   1.7537
2015   12   0.1040
2016   01   0.1134
2016   02   2.4542
2016   03   4.9971
2016   04   5.6381
2016   05   21.3288
2016   06   26.5649
2016   07   21.4122
2016   08   4.8086
2016   09   2.7592
2016   10   5.0295
2016   11   1.5672
2016   12   0.1040
2017   01   0.1134
2017   02   2.4541
2017   03   4.8523
2017   04   3.9826
2017   05   19.9755
2017   06   37.9531
2017   07   9.4658
2017   08   7.3325
2017   09   3.1958
2017   10   4.0696
2017   11   2.3570
2017   12   0.1071
2018   01   0.1134
2018   02   2.4541
2018   03   4.8487
2018   04   3.7780
2018   05   8.3961
2018   06   35.6399
2018   07   7.1550
2018   08   5.5151
2018   09   3.7374
2018   10   4.9649
2018   11   1.5676
2018   12   0.1040
2019   01   0.1134
2019   02   2.4542
2019   03   4.8541
2019   04   3.2689
2019   05   17.5970
2019   06   13.6141
2019   07   8.2928
2019   08   4.6203
2019   09   3.4739
2019   10   3.9397
2019   11   1.5436
2019   12   0.0895
2020   01   0.1039
2020   02   2.4353
2020   03   4.8334
2020   04   3.6531
2020   05   3.2471
2020   06   53.4950
2020   07   3.4465
2020   08   4.1748
2020   09   1.9109
2020   10   3.7191
2020   11   2.0728
2020   12   0.1040
2021   01   0.1134
2021   02   2.4353
2021   03   4.8389
2021   04   3.0216
2021   05   3.3286
2021   06   20.4313
2021   07   3.1371
2021   08   3.4220
2021   09   1.9682
2021   10   3.8918
2021   11   1.5755
2021   12   0.0895
2022   01   0.1019
2022   02   2.9425
2022   03   4.8436
2022   04   2.9182
2022   05   5.4183
2022   06   12.9255
2022   07   26.2835
2022   08   3.0166
2022   09   2.3247
2022   10   3.5946
2022   11   2.6381
2022   12   0.0930
2023   01   0.1020
2023   02   2.4355
2023   03   4.9496
2023   04   4.7185
2023   05   3.9459
2023   06   8.2784
2023   07   5.4142
2023   08   3.8035
2023   09   3.2656
2023   10   3.3085
2023   11   1.5433
2023   12   0.1077
2024   01   0.1041
2024   02   2.8539
2024   03   5.1355
2024   04   4.8894
2024   05   14.9386
2024   06   47.7906
2024   07   6.8133
2024   08   11.1495
2024   09   1.9302
2024   10   5.8919
2024   11   1.6383
2024   11   1.6383
2024   12   0.1026
2025   01   0.1038
2025   02   2.4354
2025   03   5.0376
2025   04   3.2517
2025   05   4.1806
2025   06   38.9892
