1991   01   47.4923
1991   02   36.0123
1991   03   70.7151
1991   04   150.7350
1991   05   507.8209
1991   06   180.5986
1991   07   408.0817
1991   08   227.1276
1991   09   171.5487
1991   10   153.4817
1991   11   89.6489
1991   12   195.2783
1992   01   41.7002
1992   02   36.2926
1992   03   140.5030
1992   04   151.6761
1992   05   486.5371
1992   06   359.5102
1992   07   175.8518
1992   08   166.1071
1992   09   221.9696
1992   10   151.2268
1992   11   78.2064
1992   12   139.4277
1993   01   61.7118
1993   02   25.8792
1993   03   117.8749
1993   04   238.9019
1993   05   452.6399
1993   06   421.1625
1993   07   354.0090
1993   08   142.9658
1993   09   97.4153
1993   10   124.8487
1993   11   126.8378
1993   12   91.2819
1994   01   50.7038
1994   02   27.6826
1994   03   46.8429
1994   04   183.7088
1994   05   259.2147
1994   06   380.5952
1994   07   448.0931
1994   08   108.4557
1994   09   194.4020
1994   10   149.8699
1994   11   185.3637
1994   12   118.5628
1995   01   73.6604
1995   02   26.6953
1995   03   44.4658
1995   04   202.0197
1995   05   116.3582
1995   06   513.7355
1995   07   367.0506
1995   08   330.7759
1995   09   106.4542
1995   10   134.8824
1995   11   69.1830
1995   12   23.9092
1996   01   54.3642
1996   02   63.2349
1996   03   92.7237
1996   04   114.8772
1996   05   361.0898
1996   06   222.9795
1996   07   139.2745
1996   08   240.0203
1996   09   70.4751
1996   10   152.5776
1996   11   85.2356
1996   12   64.6725
1997   01   92.5940
1997   02   60.5085
1997   03   26.6147
1997   04   279.4107
1997   05   297.3446
1997   06   520.7595
1997   07   474.5517
1997   08   243.7323
1997   09   105.2982
1997   10   211.2414
1997   11   165.9406
1997   12   63.7876
1998   01   40.6639
1998   02   42.3233
1998   03   54.6947
1998   04   84.3025
1998   05   229.7586
1998   06   142.4820
1998   07   194.8977
1998   08   228.2742
1998   09   134.5317
1998   10   44.1913
1998   11   61.4652
1998   12   44.1360
1999   01   41.2109
1999   02   66.4168
1999   03   77.0256
1999   04   51.7037
1999   05   284.9417
1999   06   409.2124
1999   07   164.6508
1999   08   337.6891
1999   09   189.7500
1999   10   88.4888
1999   11   62.4714
1999   12   43.9400
2000   01   37.4255
2000   02   206.5508
2000   03   65.7235
2000   04   122.1817
2000   05   221.5771
2000   06   749.0857
2000   07   273.1443
2000   08   208.9897
2000   09   238.4410
2000   10   102.0336
2000   11   103.1883
2000   12   55.9945
2001   01   98.9028
2001   02   29.4217
2001   03   84.6775
2001   04   77.6963
2001   05   465.3149
2001   06   416.8075
2001   07   636.1227
2001   08   176.3572
2001   09   88.3413
2001   10   82.7325
2001   11   101.1667
2001   12   25.4451
2002   01   54.8196
2002   02   43.7900
2002   03   153.5558
2002   04   135.3960
2002   05   322.5869
2002   06   158.3632
2002   07   241.1305
2002   08   304.7030
2002   09   177.8747
2002   10   299.6731
2002   11   161.4466
2002   12   113.3610
2003   01   40.7026
2003   02   26.0627
2003   03   63.5041
2003   04   81.8775
2003   05   136.4933
2003   06   573.5034
2003   07   247.2992
2003   08   166.1531
2003   09   246.4964
2003   10   124.4111
2003   11   130.2678
2003   12   65.8684
2004   01   27.9177
2004   02   37.8332
2004   03   92.9486
2004   04   225.8358
2004   05   105.1397
2004   06   415.6041
2004   07   341.6508
2004   08   292.4538
2004   09   149.2584
2004   10   171.9740
2004   11   133.0674
2004   12   99.3057
2005   01   54.9642
2005   02   22.5690
2005   03   88.3504
2005   04   66.5934
2005   05   617.6005
2005   06   433.2682
2005   07   251.3628
2005   08   347.7108
2005   09   87.9688
2005   10   95.0421
2005   11   222.6649
2005   12   73.7406
2006   01   130.1441
2006   02   42.5313
2006   03   87.4278
2006   04   155.2012
2006   05   171.6236
2006   06   563.3289
2006   07   433.7048
2006   08   269.1784
2006   09   198.6555
2006   10   136.3247
2006   11   57.2015
2006   12   128.7067
2007   01   34.5093
2007   02   71.7668
2007   03   51.3397
2007   04   167.3419
2007   05   116.5181
2007   06   272.7169
2007   07   302.7318
2007   08   178.0235
2007   09   153.3327
2007   10   114.5509
2007   11   60.9079
2007   12   58.6146
2008   01   36.4008
2008   02   27.9841
2008   03   53.6136
2008   04   85.3075
2008   05   326.2618
2008   06   163.2417
2008   07   345.2358
2008   08   432.1890
2008   09   88.7746
2008   10   67.4966
2008   11   98.3108
2008   12   41.4517
2009   01   30.2414
2009   02   48.4101
2009   03   37.8648
2009   04   86.8884
2009   05   354.6635
2009   06   285.2546
2009   07   145.8685
2009   08   489.7952
2009   09   101.4141
2009   10   230.9403
2009   11   120.6870
2009   12   95.4991
2010   01   67.7841
2010   02   115.4820
2010   03   63.1107
2010   04   63.8696
2010   05   104.2187
2010   06   276.6653
2010   07   220.9140
2010   08   258.3367
2010   09   54.3750
2010   10   79.8218
2010   11   75.0032
2010   12   78.7831
2011   01   78.3049
2011   02   42.8205
2011   03   78.5066
2011   04   132.7066
2011   05   183.8248
2011   06   229.5467
2011   07   186.9793
2011   08   294.2657
2011   09   176.0122
2011   10   81.8857
2011   11   113.8474
2011   12   33.3391
2012   01   56.4742
2012   02   132.6625
2012   03   56.8955
2012   04   49.8290
2012   05   320.3656
2012   06   339.7104
2012   07   131.3301
2012   08   232.2628
2012   09   111.7039
2012   10   74.8112
2012   11   72.9372
2012   12   160.2586
2013   01   34.7677
2013   02   60.3521
2013   03   44.3636
2013   04   105.1980
2013   05   214.8590
2013   06   137.6065
2013   07   115.7388
2013   08   274.7468
2013   09   169.3904
2013   10   75.8776
2013   11   78.1659
2013   12   32.7685
2014   01   95.1657
2014   02   35.5494
2014   03   103.7342
2014   04   69.0199
2014   05   271.7000
2014   06   337.6935
2014   07   341.3959
2014   08   195.6315
2014   09   201.1379
2014   10   100.1946
2014   11   56.6164
2014   12   39.4057
2015   01   20.1823
2015   02   24.0823
2015   03   32.3691
2015   04   93.6124
2015   05   314.7314
2015   06   270.7675
2015   07   405.5118
2015   08   384.3210
2015   09   145.0125
2015   10   112.7634
2015   11   53.9844
2015   12   68.9602
2016   01   42.8509
2016   02   30.3955
2016   03   32.8107
2016   04   110.6900
2016   05   159.3350
2016   06   34.5306
2016   07   316.0213
2016   08   223.8214
2016   09   82.3391
2016   10   137.3081
2016   11   77.7269
2016   12   91.0722
2017   01   45.9172
2017   02   63.3604
2017   03   71.1474
2017   04   99.7245
2017   05   156.2268
2017   06   313.0385
2017   07   175.9592
2017   08   349.1069
2017   09   126.5184
2017   10   161.2249
2017   11   52.6407
2017   12   71.3709
2018   01   52.9757
2018   02   38.8373
2018   03   133.6830
2018   04   181.7036
2018   05   177.6599
2018   06   172.7321
2018   07   134.9150
2018   08   208.0767
2018   09   201.1127
2018   10   146.5573
2018   11   103.8965
2018   12   53.0145
2019   01   28.7944
2019   02   18.9912
2019   03   43.8725
2019   04   46.9942
2019   05   209.3208
2019   06   334.7789
2019   07   260.4882
2019   08   146.6971
2019   09   70.7180
2019   10   103.9741
2019   11   80.2984
2019   12   26.2945
2020   01   30.8139
2020   02   34.0198
2020   03   46.8668
2020   04   92.2792
2020   05   172.4012
2020   06   342.8217
2020   07   367.9254
2020   08   148.2652
2020   09   94.3060
2020   10   94.2874
2020   11   54.6806
2020   12   65.4946
2021   01   71.5567
2021   02   13.0611
2021   03   30.7299
2021   04   76.9988
2021   05   203.2300
2021   06   214.4455
2021   07   124.7789
2021   08   190.4560
2021   09   102.3881
2021   10   68.3983
2021   11   58.2508
2021   12   27.1197
2022   01   80.2644
2022   02   39.3205
2022   03   114.0233
2022   04   225.8353
2022   05   150.7756
2022   06   323.7101
2022   07   303.7137
2022   08   179.4606
2022   09   104.3544
2022   10   119.7595
2022   11   51.4527
2022   12   45.2148
2023   01   22.8081
2023   02   17.4020
2023   03   85.3982
2023   04   78.0375
2023   05   154.5273
2023   06   249.5411
2023   07   264.4514
2023   08   237.8152
2023   09   205.8429
2023   10   69.0947
2023   11   78.3045
2023   12   33.9093
2024   01   11.7100
2024   02   29.4295
2024   03   117.9364
2024   04   168.1573
2024   05   250.2826
2024   06   386.6682
2024   07   75.4680
2024   08   127.0379
2024   09   283.4503
2024   10   37.6054
2024   11   106.0745
2024   11   106.0745
2024   12   21.1503
2025   01   35.2077
2025   02   24.2715
2025   03   82.6549
2025   04   183.0262
2025   05   202.8982
2025   06   156.2230
