1991   01   3.1866
1991   02   2.4295
1991   03   1.6569
1991   04   8.4478
1991   05   73.9303
1991   06   89.0877
1991   07   114.1913
1991   08   39.9093
1991   09   21.6655
1991   10   11.7337
1991   11   4.7722
1991   12   1.8307
1992   01   3.2163
1992   02   2.5307
1992   03   3.7650
1992   04   24.9140
1992   05   133.5572
1992   06   177.3948
1992   07   21.5519
1992   08   67.0773
1992   09   18.4073
1992   10   6.2990
1992   11   7.9113
1992   12   1.3543
1993   01   3.3115
1993   02   4.0453
1993   03   1.8101
1993   04   20.8482
1993   05   36.2044
1993   06   69.5147
1993   07   31.7126
1993   08   27.5288
1993   09   11.0896
1993   10   6.1585
1993   11   6.0466
1993   12   1.4622
1994   01   3.4658
1994   02   3.4926
1994   03   2.3115
1994   04   15.8632
1994   05   43.8669
1994   06   63.0616
1994   07   66.2358
1994   08   24.5918
1994   09   20.2419
1994   10   8.5182
1994   11   5.7746
1994   12   1.9941
1995   01   3.4908
1995   02   6.7151
1995   03   2.0039
1995   04   20.7357
1995   05   19.3068
1995   06   38.4155
1995   07   38.0315
1995   08   24.1893
1995   09   25.8043
1995   10   7.7997
1995   11   6.1531
1995   12   1.5253
1996   01   3.4976
1996   02   3.3694
1996   03   2.0670
1996   04   14.0683
1996   05   19.8100
1996   06   58.5319
1996   07   53.1054
1996   08   23.4373
1996   09   13.2398
1996   10   8.2044
1996   11   5.1010
1996   12   1.6366
1997   01   3.4976
1997   02   3.3595
1997   03   2.2435
1997   04   7.4203
1997   05   91.3198
1997   06   272.2177
1997   07   88.7107
1997   08   71.2647
1997   09   19.0936
1997   10   15.4351
1997   11   7.2321
1997   12   1.6366
1998   01   3.4354
1998   02   3.4667
1998   03   2.3658
1998   04   20.8689
1998   05   46.1651
1998   06   46.5954
1998   07   21.1202
1998   08   18.7101
1998   09   19.2415
1998   10   7.1767
1998   11   5.8448
1998   12   1.5593
1999   01   3.5240
1999   02   3.3919
1999   03   2.1837
1999   04   13.3088
1999   05   8.6291
1999   06   34.2859
1999   07   31.8233
1999   08   75.5806
1999   09   37.2044
1999   10   12.3989
1999   11   5.8003
1999   12   1.5306
2000   01   3.3552
2000   02   3.2431
2000   03   1.5646
2000   04   16.1556
2000   05   27.8159
2000   06   214.2638
2000   07   31.3879
2000   08   14.8936
2000   09   51.8974
2000   10   6.7778
2000   11   6.1380
2000   12   1.7564
2001   01   3.4756
2001   02   3.1580
2001   03   1.7130
2001   04   12.4560
2001   05   44.6022
2001   06   48.6089
2001   07   224.8925
2001   08   66.1293
2001   09   19.3798
2001   10   5.1557
2001   11   5.7715
2001   12   1.4248
2002   01   3.3585
2002   02   2.9813
2002   03   2.1775
2002   04   14.0438
2002   05   152.1020
2002   06   124.2255
2002   07   65.5625
2002   08   79.5784
2002   09   23.3639
2002   10   6.2070
2002   11   4.4720
2002   12   1.5612
2003   01   3.1758
2003   02   2.8678
2003   03   1.5750
2003   04   6.6381
2003   05   63.4168
2003   06   62.2541
2003   07   48.8880
2003   08   27.9757
2003   09   15.8659
2003   10   4.7932
2003   11   11.3135
2003   12   1.3932
2004   01   3.3369
2004   02   2.7717
2004   03   2.2070
2004   04   14.4390
2004   05   22.8262
2004   06   82.5393
2004   07   120.1846
2004   08   45.3445
2004   09   10.7862
2004   10   5.3846
2004   11   21.8281
2004   12   1.3314
2005   01   3.3579
2005   02   3.6163
2005   03   3.3624
2005   04   4.7820
2005   05   73.3471
2005   06   131.9467
2005   07   62.5915
2005   08   119.2654
2005   09   15.1729
2005   10   7.2821
2005   11   7.5460
2005   12   1.5676
2006   01   3.4701
2006   02   3.0557
2006   03   1.5434
2006   04   6.7398
2006   05   29.9763
2006   06   80.1308
2006   07   162.3261
2006   08   55.4971
2006   09   13.2570
2006   10   13.1841
2006   11   4.2582
2006   12   1.4520
2007   01   3.4846
2007   02   3.2514
2007   03   3.0088
2007   04   9.6017
2007   05   19.8530
2007   06   45.0871
2007   07   46.6234
2007   08   36.6645
2007   09   8.8249
2007   10   5.7613
2007   11   4.3503
2007   12   1.5574
2008   01   3.3927
2008   02   2.9225
2008   03   1.4930
2008   04   6.9618
2008   05   99.9324
2008   06   55.5193
2008   07   59.1372
2008   08   88.6790
2008   09   13.3502
2008   10   5.5303
2008   11   4.0681
2008   12   1.4634
2009   01   3.3559
2009   02   2.8440
2009   03   1.5819
2009   04   3.5966
2009   05   19.5560
2009   06   81.0483
2009   07   48.2811
2009   08   58.1505
2009   09   22.1767
2009   10   8.0982
2009   11   5.1361
2009   12   1.4600
2010   01   3.3059
2010   02   2.8089
2010   03   1.5148
2010   04   4.8426
2010   05   35.3162
2010   06   23.2098
2010   07   24.4880
2010   08   17.7681
2010   09   11.6471
2010   10   8.0837
2010   11   6.2687
2010   12   1.4863
2011   01   3.4075
2011   02   3.1950
2011   03   1.5596
2011   04   5.7849
2011   05   8.6717
2011   06   57.1916
2011   07   39.6149
2011   08   86.3058
2011   09   7.8273
2011   10   4.6542
2011   11   4.5226
2011   12   1.4395
2012   01   3.3354
2012   02   2.9517
2012   03   1.5057
2012   04   7.1937
2012   05   73.7810
2012   06   67.9964
2012   07   14.0233
2012   08   52.0673
2012   09   14.0025
2012   10   15.3554
2012   11   5.3722
2012   12   1.6119
2013   01   3.5228
2013   02   3.4684
2013   03   3.1165
2013   04   3.8607
2013   05   104.1382
2013   06   43.8595
2013   07   38.6870
2013   08   38.7237
2013   09   16.4418
2013   10   9.1374
2013   11   4.3312
2013   12   1.4970
2014   01   3.3777
2014   02   3.1908
2014   03   2.0546
2014   04   5.2677
2014   05   14.9422
2014   06   67.6726
2014   07   62.9518
2014   08   43.6035
2014   09   32.7385
2014   10   7.2548
2014   11   8.3476
2014   12   1.5097
2015   01   3.3508
2015   02   3.1922
2015   03   4.0541
2015   04   6.3731
2015   05   19.4622
2015   06   12.8348
2015   07   76.8602
2015   08   127.8046
2015   09   22.1142
2015   10   21.7787
2015   11   6.5082
2015   12   1.4276
2016   01   3.2622
2016   02   3.1685
2016   03   2.5626
2016   04   54.8700
2016   05   57.2088
2016   06   41.1529
2016   07   96.8227
2016   08   15.5050
2016   09   6.9424
2016   10   12.2919
2016   11   5.9792
2016   12   2.1898
2017   01   3.3634
2017   02   3.5110
2017   03   1.7719
2017   04   10.5890
2017   05   68.5706
2017   06   83.0359
2017   07   42.0906
2017   08   53.8398
2017   09   14.9048
2017   10   18.9760
2017   11   6.4103
2017   12   1.5357
2018   01   3.8003
2018   02   3.1487
2018   03   2.0045
2018   04   9.5683
2018   05   38.0997
2018   06   40.1371
2018   07   29.1867
2018   08   22.8887
2018   09   16.9061
2018   10   9.6135
2018   11   4.3695
2018   12   1.4346
2019   01   3.3815
2019   02   3.1553
2019   03   2.7902
2019   04   10.7298
2019   05   28.5124
2019   06   17.7787
2019   07   35.4895
2019   08   14.7277
2019   09   13.0185
2019   10   9.8773
2019   11   4.0459
2019   12   1.3061
2020   01   3.3499
2020   02   3.1122
2020   03   1.7578
2020   04   7.4344
2020   05   8.9938
2020   06   120.5688
2020   07   38.8568
2020   08   13.0886
2020   09   7.8970
2020   10   5.2860
2020   11   4.9108
2020   12   1.4796
2021   01   6.1456
2021   02   3.1254
2021   03   2.1358
2021   04   5.8036
2021   05   17.7375
2021   06   20.1851
2021   07   6.1036
2021   08   25.9317
2021   09   13.2922
2021   10   10.7580
2021   11   3.6992
2021   12   1.4213
2022   01   3.5737
2022   02   4.8152
2022   03   1.6570
2022   04   14.4700
2022   05   10.4020
2022   06   42.8216
2022   07   58.5357
2022   08   15.4568
2022   09   8.8537
2022   10   5.1907
2022   11   4.3842
2022   12   1.4471
2023   01   3.5018
2023   02   2.9639
2023   03   1.6781
2023   04   5.2659
2023   05   19.2059
2023   06   50.2542
2023   07   42.2148
2023   08   72.3607
2023   09   27.1085
2023   10   8.2787
2023   11   10.5540
2023   12   1.3928
2024   01   3.3578
2024   02   3.4222
2024   03   1.6531
2024   04   7.1435
2024   05   41.3372
2024   06   131.3786
2024   07   37.6953
2024   08   94.3795
2024   09   12.5314
2024   10   8.4020
2024   11   3.4705
2024   11   3.4705
2024   12   1.3153
2025   01   2.9832
2025   02   2.7239
2025   03   2.5766
2025   04   3.9670
2025   05   43.4048
2025   06   28.0391
