1991   01   143.5769
1991   02   58.6927
1991   03   17.5304
1991   04   4.8533
1991   05   1.2750
1991   06   2.0002
1991   07   0.0876
1991   08   0.3125
1991   09   3.6071
1991   10   5.1431
1991   11   10.1735
1991   12   20.2048
1992   01   113.6656
1992   02   25.9874
1992   03   17.2708
1992   04   8.0436
1992   05   1.2750
1992   06   1.9885
1992   07   0.3210
1992   08   0.3124
1992   09   3.7227
1992   10   5.8965
1992   11   9.1539
1992   12   18.6126
1993   01   112.3122
1993   02   33.3006
1993   03   30.8929
1993   04   4.5747
1993   05   1.2197
1993   06   1.9835
1993   07   0.0876
1993   08   0.3304
1993   09   3.6842
1993   10   8.6446
1993   11   9.8093
1993   12   14.1287
1994   01   57.5155
1994   02   49.0371
1994   03   21.8530
1994   04   6.1983
1994   05   1.2215
1994   06   1.9827
1994   07   0.0876
1994   08   0.3124
1994   09   3.6078
1994   10   5.9588
1994   11   9.1373
1994   12   23.3251
1995   01   51.9586
1995   02   22.6457
1995   03   21.8731
1995   04   4.5930
1995   05   1.2561
1995   06   1.9827
1995   07   0.0876
1995   08   0.3157
1995   09   3.7099
1995   10   5.3673
1995   11   9.7179
1995   12   14.4654
1996   01   58.4621
1996   02   31.7716
1996   03   13.8458
1996   04   4.5930
1996   05   1.2750
1996   06   2.0092
1996   07   0.0876
1996   08   0.3124
1996   09   3.6071
1996   10   4.7707
1996   11   11.9856
1996   12   13.9741
1997   01   110.8865
1997   02   67.4104
1997   03   21.2595
1997   04   5.0172
1997   05   1.2217
1997   06   2.0009
1997   07   0.0876
1997   08   0.3154
1997   09   4.2727
1997   10   4.7707
1997   11   12.1542
1997   12   13.5106
1998   01   92.1066
1998   02   25.9475
1998   03   16.2646
1998   04   4.5777
1998   05   1.2588
1998   06   2.0093
1998   07   0.0876
1998   08   0.3124
1998   09   3.6071
1998   10   5.5247
1998   11   9.1227
1998   12   17.6379
1999   01   50.1025
1999   02   65.2881
1999   03   25.5687
1999   04   4.5930
1999   05   1.2217
1999   06   1.9824
1999   07   0.0876
1999   08   0.3124
1999   09   3.6071
1999   10   7.2713
1999   11   9.1227
1999   12   24.2404
2000   01   135.5376
2000   02   36.0562
2000   03   20.1858
2000   04   5.6446
2000   05   1.4441
2000   06   1.9839
2000   07   0.0876
2000   08   0.3214
2000   09   3.6232
2000   10   4.8993
2000   11   9.2326
2000   12   19.1420
2001   01   145.4877
2001   02   105.9326
2001   03   33.3152
2001   04   6.6251
2001   05   1.5675
2001   06   1.9824
2001   07   0.0927
2001   08   0.3128
2001   09   3.6630
2001   10   5.6377
2001   11   9.1227
2001   12   18.1301
2002   01   47.6168
2002   02   45.5746
2002   03   30.9347
2002   04   5.5748
2002   05   1.3805
2002   06   1.9879
2002   07   0.3210
2002   08   0.3124
2002   09   3.6252
2002   10   6.7623
2002   11   11.5613
2002   12   14.3431
2003   01   78.0789
2003   02   33.0707
2003   03   19.3230
2003   04   4.7632
2003   05   1.3038
2003   06   1.9906
2003   07   0.0876
2003   08   0.3124
2003   09   3.6071
2003   10   4.8737
2003   11   9.5534
2003   12   17.0714
2004   01   99.8092
2004   02   50.3017
2004   03   16.7222
2004   04   4.5930
2004   05   1.2217
2004   06   1.9824
2004   07   0.3070
2004   08   0.3431
2004   09   3.6071
2004   10   5.4148
2004   11   9.3109
2004   12   16.0924
2005   01   54.3449
2005   02   67.4303
2005   03   16.9318
2005   04   5.6944
2005   05   1.2285
2005   06   1.9653
2005   07   0.0873
2005   08   0.3118
2005   09   3.3103
2005   10   5.3297
2005   11   10.9633
2005   12   16.7782
2006   01   135.1801
2006   02   70.9976
2006   03   17.3907
2006   04   6.5953
2006   05   1.2201
2006   06   1.9673
2006   07   0.0949
2006   08   0.3117
2006   09   3.6314
2006   10   4.8459
2006   11   9.3125
2006   12   12.1445
2007   01   138.9571
2007   02   30.5939
2007   03   21.9007
2007   04   6.3443
2007   05   1.5895
2007   06   2.1042
2007   07   0.1375
2007   08   0.3144
2007   09   3.9308
2007   10   5.9789
2007   11   10.7831
2007   12   15.4099
2008   01   155.2413
2008   02   33.3782
2008   03   18.3099
2008   04   4.2787
2008   05   1.2888
2008   06   1.9703
2008   07   0.0872
2008   08   0.3121
2008   09   3.3636
2008   10   5.0679
2008   11   9.7551
2008   12   18.2137
2009   01   61.5557
2009   02   47.9812
2009   03   25.0865
2009   04   4.2790
2009   05   1.2204
2009   06   1.9662
2009   07   0.0872
2009   08   0.3400
2009   09   3.2856
2009   10   4.7993
2009   11   9.1670
2009   12   20.6109
2010   01   79.2573
2010   02   46.7658
2010   03   16.1144
2010   04   4.9092
2010   05   1.2967
2010   06   2.0228
2010   07   0.0872
2010   08   0.3118
2010   09   3.2933
2010   10   4.7409
2010   11   9.1749
2010   12   13.7245
2011   01   76.1418
2011   02   83.4645
2011   03   18.0926
2011   04   4.4495
2011   05   1.5131
2011   06   1.9690
2011   07   0.0873
2011   08   0.3265
2011   09   3.2933
2011   10   4.5550
2011   11   9.3353
2011   12   23.9067
2012   01   68.9294
2012   02   82.5539
2012   03   25.9059
2012   04   4.3982
2012   05   1.2194
2012   06   1.9660
2012   07   0.0872
2012   08   0.3205
2012   09   3.5390
2012   10   4.5940
2012   11   10.6826
2012   12   19.2099
2013   01   136.4380
2013   02   34.7411
2013   03   17.6593
2013   04   4.6828
2013   05   1.3142
2013   06   2.1327
2013   07   0.1181
2013   08   0.3567
2013   09   3.3720
2013   10   5.6386
2013   11   9.8112
2013   12   18.7758
2014   01   85.0698
2014   02   18.2966
2014   03   14.2135
2014   04   5.7099
2014   05   1.2643
2014   06   2.0928
2014   07   0.0858
2014   08   0.3231
2014   09   4.1030
2014   10   4.9582
2014   11   9.8715
2014   12   17.7747
2015   01   121.1501
2015   02   65.1175
2015   03   25.4415
2015   04   5.6501
2015   05   1.2764
2015   06   2.1048
2015   07   0.1239
2015   08   0.3233
2015   09   3.3399
2015   10   6.0171
2015   11   10.0579
2015   12   21.1095
2016   01   35.9863
2016   02   64.9239
2016   03   13.9305
2016   04   5.9471
2016   05   1.2663
2016   06   2.1227
2016   07   0.1146
2016   08   0.3264
2016   09   3.3025
2016   10   5.9515
2016   11   10.1809
2016   12   20.1628
2017   01   99.3452
2017   02   41.5660
2017   03   20.0326
2017   04   4.7707
2017   05   1.4586
2017   06   2.1528
2017   07   0.0979
2017   08   0.3222
2017   09   3.2859
2017   10   5.4279
2017   11   9.9280
2017   12   20.2558
2018   01   75.5665
2018   02   70.9663
2018   03   20.0824
2018   04   5.1480
2018   05   1.2602
2018   06   2.1458
2018   07   0.1315
2018   08   0.3222
2018   09   3.2859
2018   10   4.7744
2018   11   9.8679
2018   12   21.6117
2019   01   117.7976
2019   02   77.9562
2019   03   15.5231
2019   04   4.9633
2019   05   1.2678
2019   06   2.0967
2019   07   0.0868
2019   08   0.3220
2019   09   3.2992
2019   10   4.9910
2019   11   10.0055
2019   12   15.6333
2020   01   78.4617
2020   02   49.8275
2020   03   15.0158
2020   04   5.1945
2020   05   1.2605
2020   06   2.0854
2020   07   0.0858
2020   08   0.3226
2020   09   3.3354
2020   10   4.6343
2020   11   9.3306
2020   12   35.6903
2021   01   67.7855
2021   02   29.6145
2021   03   14.8695
2021   04   5.8284
2021   05   1.3041
2021   06   2.1122
2021   07   0.0858
2021   08   0.3229
2021   09   3.8869
2021   10   5.5032
2021   11   10.1144
2021   12   28.7669
2022   01   74.5906
2022   02   23.7313
2022   03   17.9388
2022   04   5.0244
2022   05   1.2464
2022   06   2.1142
2022   07   0.1113
2022   08   0.3272
2022   09   3.6316
2022   10   4.7521
2022   11   10.2840
2022   12   27.8923
2023   01   63.5597
2023   02   34.4623
2023   03   14.8407
2023   04   5.7893
2023   05   1.3226
2023   06   2.0881
2023   07   0.0859
2023   08   0.3221
2023   09   3.2859
2023   10   4.4496
2023   11   11.3262
2023   12   14.5049
2024   01   55.6530
2024   02   61.3595
2024   03   18.4342
2024   04   4.7401
2024   05   1.3727
2024   06   2.0907
2024   07   0.0856
2024   08   0.3240
2024   09   3.2859
2024   10   4.7603
2024   11   11.5822
2024   11   11.5822
2024   12   11.7585
2025   01   50.2938
2025   02   40.7991
2025   03   20.7379
2025   04   4.6096
2025   05   1.2633
2025   06   2.0913
