1991   01   7.7221
1991   02   3.7367
1991   03   2.8384
1991   04   63.7737
1991   05   192.9046
1991   06   154.2881
1991   07   182.5181
1991   08   61.3487
1991   09   81.6388
1991   10   40.5116
1991   11   24.0733
1991   12   13.3662
1992   01   5.8256
1992   02   6.0008
1992   03   3.3919
1992   04   54.8635
1992   05   385.2725
1992   06   460.6727
1992   07   83.9358
1992   08   88.8525
1992   09   23.3884
1992   10   18.0988
1992   11   24.5573
1992   12   5.9925
1993   01   5.4824
1993   02   2.7814
1993   03   2.5258
1993   04   71.1181
1993   05   169.4420
1993   06   127.8910
1993   07   91.0561
1993   08   36.4842
1993   09   12.5663
1993   10   14.2674
1993   11   16.4242
1993   12   8.3058
1994   01   5.2765
1994   02   2.6467
1994   03   1.9871
1994   04   57.6486
1994   05   92.8104
1994   06   186.3296
1994   07   143.7171
1994   08   28.4177
1994   09   42.2208
1994   10   29.1587
1994   11   10.0576
1994   12   9.8123
1995   01   6.6871
1995   02   2.5767
1995   03   2.3899
1995   04   98.9450
1995   05   30.2818
1995   06   192.3288
1995   07   137.0074
1995   08   33.8387
1995   09   19.2698
1995   10   21.2412
1995   11   11.2953
1995   12   6.3483
1996   01   4.8570
1996   02   3.0825
1996   03   2.2237
1996   04   45.1670
1996   05   62.9564
1996   06   164.5674
1996   07   61.8910
1996   08   95.5290
1996   09   16.3766
1996   10   14.3394
1996   11   17.3321
1996   12   8.0517
1997   01   5.9823
1997   02   3.8905
1997   03   2.0098
1997   04   69.6143
1997   05   107.9267
1997   06   363.4883
1997   07   147.8640
1997   08   87.2975
1997   09   57.0528
1997   10   53.3336
1997   11   22.8686
1997   12   7.2526
1998   01   7.1026
1998   02   3.6030
1998   03   2.1763
1998   04   43.9741
1998   05   108.5525
1998   06   51.0023
1998   07   39.9943
1998   08   42.7093
1998   09   29.4565
1998   10   8.8254
1998   11   12.0374
1998   12   10.9033
1999   01   5.4470
1999   02   3.2701
1999   03   4.0115
1999   04   21.2929
1999   05   66.5895
1999   06   107.5587
1999   07   88.2484
1999   08   83.4402
1999   09   86.2806
1999   10   19.3978
1999   11   9.9523
1999   12   5.9373
2000   01   5.0600
2000   02   4.8425
2000   03   2.1423
2000   04   41.9885
2000   05   39.4410
2000   06   442.6260
2000   07   40.5279
2000   08   34.2974
2000   09   124.7748
2000   10   20.9837
2000   11   26.6131
2000   12   4.4566
2001   01   7.7727
2001   02   2.0694
2001   03   4.2154
2001   04   53.5430
2001   05   237.5278
2001   06   103.5658
2001   07   346.6006
2001   08   143.1857
2001   09   31.1871
2001   10   15.6044
2001   11   11.1393
2001   12   4.5283
2002   01   4.6098
2002   02   3.8526
2002   03   5.0176
2002   04   32.5272
2002   05   257.0973
2002   06   257.3116
2002   07   198.2886
2002   08   250.4524
2002   09   44.7030
2002   10   54.8406
2002   11   14.9852
2002   12   7.5482
2003   01   6.0807
2003   02   1.7383
2003   03   2.3524
2003   04   24.7271
2003   05   142.8352
2003   06   164.1516
2003   07   152.0148
2003   08   45.9865
2003   09   50.4511
2003   10   27.7469
2003   11   41.1485
2003   12   7.0320
2004   01   5.9045
2004   02   1.9451
2004   03   5.0474
2004   04   66.3536
2004   05   34.2191
2004   06   207.6877
2004   07   197.1304
2004   08   148.9741
2004   09   45.6089
2004   10   43.1952
2004   11   65.7662
2004   12   9.9991
2005   01   4.1834
2005   02   2.7973
2005   03   6.3107
2005   04   19.4495
2005   05   201.5402
2005   06   340.8358
2005   07   117.5980
2005   08   217.4848
2005   09   28.4267
2005   10   16.8377
2005   11   26.1872
2005   12   7.7527
2006   01   8.3272
2006   02   1.9209
2006   03   2.2290
2006   04   33.1630
2006   05   81.2868
2006   06   286.9210
2006   07   330.8109
2006   08   96.2273
2006   09   26.9590
2006   10   67.6326
2006   11   7.6485
2006   12   8.7888
2007   01   5.5144
2007   02   6.2636
2007   03   7.4404
2007   04   31.9078
2007   05   74.8149
2007   06   132.0592
2007   07   109.4531
2007   08   87.6172
2007   09   14.3173
2007   10   13.6940
2007   11   8.4479
2007   12   5.9267
2008   01   4.3406
2008   02   1.7498
2008   03   2.6587
2008   04   28.4127
2008   05   172.1991
2008   06   113.6149
2008   07   98.1677
2008   08   126.9757
2008   09   14.7863
2008   10   9.8835
2008   11   8.7480
2008   12   4.5728
2009   01   4.6249
2009   02   1.7489
2009   03   2.1648
2009   04   15.2061
2009   05   67.3258
2009   06   211.3017
2009   07   76.1521
2009   08   136.0747
2009   09   58.6942
2009   10   26.5351
2009   11   26.8263
2009   12   5.6085
2010   01   6.7689
2010   02   2.3466
2010   03   2.1370
2010   04   14.3261
2010   05   73.3151
2010   06   217.0498
2010   07   124.1896
2010   08   23.1119
2010   09   10.0577
2010   10   29.8105
2010   11   14.5057
2010   12   8.1687
2011   01   7.1098
2011   02   1.8582
2011   03   3.9605
2011   04   41.8332
2011   05   33.6493
2011   06   109.5675
2011   07   75.1157
2011   08   120.3458
2011   09   18.9720
2011   10   11.7529
2011   11   10.8654
2011   12   4.5533
2012   01   4.6867
2012   02   3.3602
2012   03   2.1614
2012   04   20.1549
2012   05   252.2549
2012   06   203.2937
2012   07   29.0973
2012   08   107.9088
2012   09   9.7302
2012   10   45.1805
2012   11   15.8781
2012   12   7.5125
2013   01   5.8037
2013   02   2.4118
2013   03   1.8332
2013   04   14.7769
2013   05   137.2525
2013   06   97.5205
2013   07   107.9146
2013   08   55.8158
2013   09   37.2003
2013   10   22.8356
2013   11   12.0939
2013   12   4.9183
2014   01   5.9499
2014   02   2.3594
2014   03   6.3746
2014   04   24.4193
2014   05   92.5702
2014   06   218.5895
2014   07   90.6202
2014   08   66.5675
2014   09   38.4702
2014   10   6.4034
2014   11   18.8533
2014   12   11.9406
2015   01   5.8763
2015   02   2.1697
2015   03   2.9483
2015   04   28.3111
2015   05   58.7395
2015   06   57.9333
2015   07   240.1397
2015   08   189.0733
2015   09   48.2046
2015   10   50.7157
2015   11   14.8778
2015   12   5.6965
2016   01   12.1394
2016   02   2.1986
2016   03   2.7464
2016   04   124.6782
2016   05   133.3530
2016   06   40.6176
2016   07   184.4558
2016   08   22.6219
2016   09   8.5993
2016   10   42.4229
2016   11   10.9155
2016   12   6.5412
2017   01   6.9718
2017   02   7.3038
2017   03   2.5591
2017   04   28.0428
2017   05   122.1324
2017   06   204.1779
2017   07   86.7939
2017   08   95.9661
2017   09   27.9824
2017   10   36.6464
2017   11   22.6658
2017   12   5.0033
2018   01   7.7608
2018   02   2.2638
2018   03   4.5437
2018   04   23.7629
2018   05   92.4838
2018   06   103.4727
2018   07   103.7877
2018   08   46.0689
2018   09   50.9321
2018   10   33.0826
2018   11   16.1791
2018   12   6.6044
2019   01   8.0166
2019   02   2.6929
2019   03   6.1429
2019   04   15.3351
2019   05   89.4045
2019   06   109.3361
2019   07   74.3559
2019   08   22.4424
2019   09   20.7182
2019   10   25.7440
2019   11   5.2354
2019   12   4.2465
2020   01   4.7843
2020   02   1.7140
2020   03   1.8571
2020   04   24.9264
2020   05   36.2508
2020   06   245.8902
2020   07   93.5581
2020   08   31.9349
2020   09   10.9234
2020   10   4.9495
2020   11   5.3392
2020   12   6.1634
2021   01   29.4709
2021   02   1.5328
2021   03   1.5125
2021   04   19.0983
2021   05   47.4090
2021   06   62.5932
2021   07   28.9179
2021   08   55.1137
2021   09   17.6718
2021   10   7.9931
2021   11   4.3041
2021   12   3.3836
2022   01   4.5804
2022   02   3.2288
2022   03   1.5962
2022   04   61.7061
2022   05   38.0172
2022   06   94.4214
2022   07   131.5966
2022   08   22.1835
2022   09   14.7192
2022   10   7.6807
2022   11   11.5905
2022   12   3.4782
2023   01   6.1486
2023   02   1.6661
2023   03   1.3638
2023   04   44.3848
2023   05   25.6977
2023   06   137.1619
2023   07   99.7257
2023   08   178.8103
2023   09   27.4148
2023   10   24.2383
2023   11   22.3713
2023   12   4.2912
2024   01   4.7273
2024   02   2.7168
2024   03   2.2491
2024   04   41.9008
2024   05   69.9535
2024   06   271.1988
2024   07   64.4044
2024   08   99.6613
2024   09   20.9462
2024   10   15.2065
2024   11   6.5587
2024   11   6.5587
2024   12   3.5112
2025   01   4.0395
2025   02   1.6519
2025   03   2.5498
2025   04   24.0453
2025   05   64.0325
2025   06   117.8797
