1991   01   76.6626
1991   02   53.6303
1991   03   108.9993
1991   04   124.9806
1991   05   306.5767
1991   06   134.9499
1991   07   301.7346
1991   08   219.9574
1991   09   156.7172
1991   10   197.1828
1991   11   99.0449
1991   12   367.7189
1992   01   55.9049
1992   02   74.2005
1992   03   239.5335
1992   04   245.6567
1992   05   360.6064
1992   06   250.1004
1992   07   106.8871
1992   08   125.9207
1992   09   174.8735
1992   10   341.9909
1992   11   100.0456
1992   12   199.7692
1993   01   84.5364
1993   02   40.5550
1993   03   495.0768
1993   04   336.8469
1993   05   395.8588
1993   06   338.8825
1993   07   303.5753
1993   08   178.1213
1993   09   72.7069
1993   10   156.9943
1993   11   152.0014
1993   12   110.1856
1994   01   71.6209
1994   02   44.1872
1994   03   120.1118
1994   04   253.6012
1994   05   478.8120
1994   06   355.8867
1994   07   228.9360
1994   08   259.8281
1994   09   275.8005
1994   10   197.9760
1994   11   126.1143
1994   12   177.0986
1995   01   124.7647
1995   02   47.9877
1995   03   62.6810
1995   04   164.2162
1995   05   187.1341
1995   06   428.5539
1995   07   325.3705
1995   08   300.3729
1995   09   157.1746
1995   10   80.5953
1995   11   65.1306
1995   12   59.7477
1996   01   63.6026
1996   02   65.5539
1996   03   185.0855
1996   04   160.8152
1996   05   251.2332
1996   06   174.5059
1996   07   169.9574
1996   08   353.4747
1996   09   65.2011
1996   10   106.4031
1996   11   101.5390
1996   12   107.2887
1997   01   172.1844
1997   02   88.6246
1997   03   85.9952
1997   04   413.2843
1997   05   175.0379
1997   06   380.8469
1997   07   455.2554
1997   08   274.1691
1997   09   103.2385
1997   10   181.2736
1997   11   199.0530
1997   12   117.7559
1998   01   62.9259
1998   02   59.3282
1998   03   102.2167
1998   04   114.9025
1998   05   227.1994
1998   06   172.3264
1998   07   198.3957
1998   08   254.0949
1998   09   114.5659
1998   10   45.0955
1998   11   67.9571
1998   12   98.1838
1999   01   54.6722
1999   02   50.1928
1999   03   143.3229
1999   04   77.4042
1999   05   197.3280
1999   06   299.7330
1999   07   255.3010
1999   08   300.1925
1999   09   204.0183
1999   10   47.5311
1999   11   149.2760
1999   12   129.3887
2000   01   79.4329
2000   02   212.2622
2000   03   137.0654
2000   04   146.1132
2000   05   128.1867
2000   06   481.6912
2000   07   393.6900
2000   08   187.6684
2000   09   170.6770
2000   10   236.1714
2000   11   133.5850
2000   12   119.0519
2001   01   299.0843
2001   02   68.6963
2001   03   195.7503
2001   04   111.1231
2001   05   489.7198
2001   06   293.8605
2001   07   438.1692
2001   08   180.2625
2001   09   77.0458
2001   10   90.8433
2001   11   96.2395
2001   12   51.5720
2002   01   90.5503
2002   02   138.3713
2002   03   311.7759
2002   04   185.3793
2002   05   554.2858
2002   06   205.3637
2002   07   162.3860
2002   08   305.2205
2002   09   209.0348
2002   10   405.9413
2002   11   242.3579
2002   12   185.3244
2003   01   98.3934
2003   02   47.3776
2003   03   140.5648
2003   04   132.8365
2003   05   108.3475
2003   06   349.7366
2003   07   174.1104
2003   08   218.1118
2003   09   205.9950
2003   10   115.0245
2003   11   153.3297
2003   12   206.3456
2004   01   58.3786
2004   02   80.5789
2004   03   125.6783
2004   04   414.7211
2004   05   76.7756
2004   06   492.1705
2004   07   224.2771
2004   08   328.7758
2004   09   160.2950
2004   10   151.2698
2004   11   195.9279
2004   12   134.7865
2005   01   72.8814
2005   02   113.0644
2005   03   313.9951
2005   04   160.3678
2005   05   720.4293
2005   06   288.4493
2005   07   235.9149
2005   08   290.4645
2005   09   90.8233
2005   10   125.9856
2005   11   232.0353
2005   12   114.6554
2006   01   268.9948
2006   02   110.2290
2006   03   195.8099
2006   04   233.0729
2006   05   227.9000
2006   06   343.5496
2006   07   454.8492
2006   08   262.3069
2006   09   121.9334
2006   10   161.3404
2006   11   76.8128
2006   12   275.0841
2007   01   70.8147
2007   02   97.5628
2007   03   144.7194
2007   04   228.0303
2007   05   54.4148
2007   06   226.0461
2007   07   208.9551
2007   08   183.4612
2007   09   177.5965
2007   10   172.8198
2007   11   93.1621
2007   12   73.6878
2008   01   92.6500
2008   02   56.6061
2008   03   77.4731
2008   04   185.5472
2008   05   505.2001
2008   06   213.6734
2008   07   350.7695
2008   08   402.9802
2008   09   39.5241
2008   10   80.3314
2008   11   105.9870
2008   12   86.9879
2009   01   44.7285
2009   02   86.3481
2009   03   102.7447
2009   04   237.8247
2009   05   585.5772
2009   06   155.2561
2009   07   81.8077
2009   08   521.1978
2009   09   76.5350
2009   10   241.0506
2009   11   149.7267
2009   12   216.4423
2010   01   90.8160
2010   02   137.9692
2010   03   175.3133
2010   04   152.6287
2010   05   152.8136
2010   06   321.7481
2010   07   254.7913
2010   08   361.2883
2010   09   84.2608
2010   10   77.0792
2010   11   100.9767
2010   12   150.5302
2011   01   132.3106
2011   02   44.4715
2011   03   238.0916
2011   04   247.8720
2011   05   169.3087
2011   06   190.3885
2011   07   400.2755
2011   08   287.3710
2011   09   244.5476
2011   10   71.4984
2011   11   90.4480
2011   12   52.0951
2012   01   123.1036
2012   02   232.1748
2012   03   108.0913
2012   04   81.6044
2012   05   337.1152
2012   06   353.8962
2012   07   192.3832
2012   08   262.7044
2012   09   93.5807
2012   10   56.3768
2012   11   88.1654
2012   12   369.8881
2013   01   54.3752
2013   02   156.9521
2013   03   180.7856
2013   04   197.4897
2013   05   362.0731
2013   06   268.0894
2013   07   226.4779
2013   08   425.8958
2013   09   198.2868
2013   10   56.4352
2013   11   67.6104
2013   12   73.4578
2014   01   148.2505
2014   02   48.6699
2014   03   158.4209
2014   04   220.0285
2014   05   333.6758
2014   06   311.7727
2014   07   253.8839
2014   08   231.4550
2014   09   151.8628
2014   10   137.6445
2014   11   138.4922
2014   12   48.0551
2015   01   25.0432
2015   02   52.2192
2015   03   61.3306
2015   04   193.5551
2015   05   473.0148
2015   06   265.0873
2015   07   331.9077
2015   08   333.6671
2015   09   91.3157
2015   10   77.0810
2015   11   59.3680
2015   12   86.1571
2016   01   44.6832
2016   02   58.4829
2016   03   82.3750
2016   04   162.0373
2016   05   113.3713
2016   06   27.2337
2016   07   155.6370
2016   08   376.6392
2016   09   113.1619
2016   10   146.9542
2016   11   149.5094
2016   12   127.5672
2017   01   89.1545
2017   02   127.9417
2017   03   192.0525
2017   04   189.8757
2017   05   217.6948
2017   06   284.8922
2017   07   237.9672
2017   08   438.0407
2017   09   89.6239
2017   10   199.3192
2017   11   76.0678
2017   12   130.2486
2018   01   89.1910
2018   02   79.6011
2018   03   253.6258
2018   04   228.1542
2018   05   173.1411
2018   06   222.3219
2018   07   144.4375
2018   08   271.6421
2018   09   231.8958
2018   10   128.8271
2018   11   160.4352
2018   12   60.9905
2019   01   43.4465
2019   02   37.8036
2019   03   95.1303
2019   04   112.2243
2019   05   192.7648
2019   06   255.9574
2019   07   310.0112
2019   08   170.4414
2019   09   55.3218
2019   10   93.6324
2019   11   269.4329
2019   12   94.1226
2020   01   79.9575
2020   02   55.3891
2020   03   113.1034
2020   04   162.0599
2020   05   405.6304
2020   06   240.3600
2020   07   321.8071
2020   08   172.5254
2020   09   102.4370
2020   10   53.5324
2020   11   131.0124
2020   12   114.5510
2021   01   65.8568
2021   02   18.2110
2021   03   101.8164
2021   04   149.4170
2021   05   199.9969
2021   06   213.8383
2021   07   113.2778
2021   08   287.8866
2021   09   81.0037
2021   10   83.2311
2021   11   143.1427
2021   12   65.0314
2022   01   144.2426
2022   02   82.8397
2022   03   171.7063
2022   04   299.1775
2022   05   164.1625
2022   06   236.8133
2022   07   379.7072
2022   08   182.7416
2022   09   128.3200
2022   10   102.3361
2022   11   122.9367
2022   12   87.6015
2023   01   36.2882
2023   02   42.7258
2023   03   190.7616
2023   04   144.3224
2023   05   163.7909
2023   06   292.1454
2023   07   313.4664
2023   08   341.1306
2023   09   157.2824
2023   10   109.0065
2023   11   121.9242
2023   12   39.2741
2024   01   29.8975
2024   02   25.8222
2024   03   354.9514
2024   04   279.8184
2024   05   195.3180
2024   06   215.9449
2024   07   94.9030
2024   08   162.6569
2024   09   261.2847
2024   10   27.0868
2024   11   436.8306
2024   11   436.8306
2024   12   80.2533
2025   01   36.0554
2025   02   40.8123
2025   03   124.4108
2025   04   152.5543
2025   05   329.8666
2025   06   133.8092
