1991   01   3.1423
1991   02   5.2076
1991   03   4.2823
1991   04   17.5507
1991   05   127.7119
1991   06   142.9680
1991   07   196.5405
1991   08   77.0261
1991   09   78.4927
1991   10   8.5664
1991   11   20.9056
1991   12   7.0742
1992   01   3.0721
1992   02   5.8806
1992   03   6.9422
1992   04   29.8086
1992   05   257.9592
1992   06   387.9399
1992   07   44.5705
1992   08   72.9886
1992   09   24.1466
1992   10   9.3116
1992   11   17.4481
1992   12   4.8935
1993   01   3.2112
1993   02   8.6002
1993   03   4.2980
1993   04   34.2426
1993   05   148.3778
1993   06   132.8615
1993   07   86.0708
1993   08   20.4865
1993   09   16.1782
1993   10   23.9098
1993   11   12.4410
1993   12   4.0482
1994   01   3.3007
1994   02   5.2406
1994   03   4.1249
1994   04   32.8603
1994   05   60.7492
1994   06   142.4124
1994   07   106.7815
1994   08   19.5215
1994   09   37.2483
1994   10   24.5273
1994   11   8.5970
1994   12   9.3429
1995   01   3.4841
1995   02   5.6024
1995   03   5.0670
1995   04   32.4423
1995   05   37.1311
1995   06   162.6039
1995   07   108.5799
1995   08   50.4824
1995   09   20.8859
1995   10   11.4479
1995   11   8.5939
1995   12   3.5004
1996   01   2.6545
1996   02   5.1782
1996   03   5.7680
1996   04   35.6800
1996   05   72.0119
1996   06   106.4474
1996   07   56.5886
1996   08   24.0180
1996   09   13.0348
1996   10   11.6434
1996   11   9.3535
1996   12   3.7605
1997   01   3.1878
1997   02   5.9018
1997   03   4.3877
1997   04   26.3866
1997   05   144.9711
1997   06   355.8595
1997   07   140.3009
1997   08   109.4596
1997   09   46.6286
1997   10   25.6415
1997   11   20.9699
1997   12   4.1790
1998   01   4.0760
1998   02   5.0582
1998   03   4.0395
1998   04   35.2677
1998   05   90.9743
1998   06   50.9805
1998   07   29.2726
1998   08   31.6283
1998   09   24.7081
1998   10   4.1708
1998   11   8.7094
1998   12   5.4374
1999   01   3.7436
1999   02   7.7572
1999   03   9.7681
1999   04   27.1610
1999   05   20.2607
1999   06   127.8207
1999   07   64.7610
1999   08   164.3916
1999   09   67.0065
1999   10   25.1313
1999   11   11.5147
1999   12   5.0785
2000   01   2.9755
2000   02   4.8048
2000   03   4.5793
2000   04   38.5074
2000   05   88.0642
2000   06   380.1828
2000   07   38.8193
2000   08   21.4280
2000   09   109.2280
2000   10   12.8122
2000   11   13.1801
2000   12   4.9050
2001   01   2.7438
2001   02   3.8343
2001   03   6.8661
2001   04   29.5139
2001   05   157.3558
2001   06   57.3494
2001   07   251.0988
2001   08   126.9212
2001   09   37.6893
2001   10   15.9782
2001   11   11.2666
2001   12   3.9016
2002   01   2.5386
2002   02   4.2830
2002   03   8.8756
2002   04   22.1912
2002   05   276.3247
2002   06   254.1973
2002   07   102.4478
2002   08   185.6034
2002   09   49.4713
2002   10   28.7010
2002   11   8.1070
2002   12   9.1659
2003   01   2.8224
2003   02   3.6166
2003   03   5.7476
2003   04   15.0655
2003   05   142.5468
2003   06   155.1462
2003   07   88.2919
2003   08   31.6606
2003   09   39.4071
2003   10   18.0455
2003   11   25.9063
2003   12   4.7318
2004   01   2.4881
2004   02   3.5443
2004   03   9.4560
2004   04   44.8409
2004   05   35.3999
2004   06   121.4528
2004   07   98.6843
2004   08   104.3472
2004   09   36.5542
2004   10   14.5751
2004   11   55.2323
2004   12   6.3098
2005   01   2.4698
2005   02   3.6657
2005   03   15.1969
2005   04   15.9096
2005   05   171.4845
2005   06   313.2106
2005   07   74.9076
2005   08   210.8986
2005   09   24.8220
2005   10   10.1011
2005   11   21.3607
2005   12   4.1194
2006   01   2.4300
2006   02   4.3846
2006   03   4.6324
2006   04   15.8814
2006   05   82.8614
2006   06   148.3913
2006   07   215.8390
2006   08   94.3254
2006   09   29.7331
2006   10   52.8855
2006   11   9.1001
2006   12   4.2278
2007   01   4.1917
2007   02   7.6838
2007   03   10.2165
2007   04   15.4306
2007   05   88.2211
2007   06   144.2771
2007   07   72.2458
2007   08   57.0940
2007   09   12.3662
2007   10   12.7960
2007   11   8.6061
2007   12   3.5904
2008   01   2.5631
2008   02   3.6581
2008   03   4.9147
2008   04   16.6032
2008   05   182.3800
2008   06   102.1010
2008   07   79.5825
2008   08   114.2968
2008   09   23.9521
2008   10   8.2182
2008   11   8.8803
2008   12   3.7804
2009   01   2.6811
2009   02   4.2191
2009   03   4.4727
2009   04   9.8503
2009   05   42.0862
2009   06   144.9992
2009   07   50.2869
2009   08   126.6970
2009   09   45.2470
2009   10   21.4029
2009   11   15.3975
2009   12   4.2192
2010   01   4.4038
2010   02   3.6262
2010   03   4.4689
2010   04   8.9834
2010   05   85.3496
2010   06   167.5014
2010   07   68.8804
2010   08   33.0526
2010   09   17.5041
2010   10   17.5090
2010   11   14.7926
2010   12   4.4874
2011   01   3.0855
2011   02   3.8601
2011   03   6.5010
2011   04   19.6644
2011   05   23.0681
2011   06   108.9470
2011   07   69.9383
2011   08   81.5043
2011   09   11.3874
2011   10   11.7745
2011   11   11.2000
2011   12   3.9141
2012   01   2.5610
2012   02   5.1862
2012   03   4.3301
2012   04   16.6017
2012   05   180.9809
2012   06   148.3627
2012   07   27.0178
2012   08   86.2179
2012   09   19.6191
2012   10   54.4854
2012   11   11.9992
2012   12   3.9050
2013   01   3.0196
2013   02   6.7093
2013   03   6.3414
2013   04   11.8894
2013   05   175.8797
2013   06   68.9304
2013   07   72.7064
2013   08   41.1539
2013   09   35.8916
2013   10   14.6403
2013   11   9.5367
2013   12   2.3334
2014   01   3.2800
2014   02   9.2484
2014   03   5.1341
2014   04   11.8549
2014   05   67.0067
2014   06   140.7455
2014   07   68.8172
2014   08   71.7716
2014   09   51.4752
2014   10   13.6474
2014   11   17.0193
2014   12   5.3462
2015   01   2.8815
2015   02   6.9397
2015   03   10.5273
2015   04   13.5955
2015   05   29.3636
2015   06   33.3480
2015   07   108.4969
2015   08   163.4302
2015   09   54.4127
2015   10   44.5502
2015   11   16.3586
2015   12   3.7862
2016   01   5.2649
2016   02   4.4307
2016   03   5.2072
2016   04   94.6572
2016   05   99.3931
2016   06   66.1585
2016   07   112.5442
2016   08   11.4312
2016   09   6.8343
2016   10   26.9231
2016   11   10.1396
2016   12   7.3666
2017   01   3.0282
2017   02   7.1561
2017   03   4.5035
2017   04   22.2028
2017   05   117.9974
2017   06   153.6044
2017   07   48.8112
2017   08   81.3516
2017   09   21.8761
2017   10   31.0041
2017   11   15.4100
2017   12   2.5928
2018   01   3.7508
2018   02   4.3129
2018   03   5.9390
2018   04   11.1459
2018   05   70.0296
2018   06   80.2441
2018   07   66.1078
2018   08   32.2915
2018   09   48.7860
2018   10   26.3358
2018   11   8.3358
2018   12   5.5272
2019   01   3.1228
2019   02   4.2948
2019   03   4.9968
2019   04   16.7991
2019   05   61.9799
2019   06   115.5224
2019   07   41.6089
2019   08   25.6743
2019   09   18.9809
2019   10   17.7112
2019   11   6.1996
2019   12   4.2123
2020   01   2.7574
2020   02   3.7786
2020   03   3.3393
2020   04   12.3429
2020   05   15.3849
2020   06   181.4112
2020   07   89.9548
2020   08   18.8682
2020   09   8.3921
2020   10   2.9787
2020   11   7.8328
2020   12   2.4529
2021   01   14.6338
2021   02   8.0947
2021   03   3.3282
2021   04   7.8723
2021   05   29.6832
2021   06   57.5149
2021   07   17.9128
2021   08   57.8309
2021   09   24.0636
2021   10   6.6282
2021   11   5.7445
2021   12   1.9475
2022   01   3.0263
2022   02   6.1920
2022   03   3.2838
2022   04   40.3058
2022   05   26.5314
2022   06   80.0578
2022   07   85.2627
2022   08   23.0405
2022   09   15.5162
2022   10   4.7527
2022   11   6.6240
2022   12   2.1489
2023   01   2.9052
2023   02   3.6990
2023   03   3.2366
2023   04   18.6597
2023   05   59.2581
2023   06   110.3602
2023   07   44.4040
2023   08   145.7556
2023   09   63.0459
2023   10   14.0472
2023   11   28.4154
2023   12   2.6633
2024   01   2.7022
2024   02   5.2625
2024   03   3.7418
2024   04   13.7103
2024   05   118.9100
2024   06   219.8317
2024   07   35.7926
2024   08   91.1884
2024   09   23.1094
2024   10   12.5854
2024   11   5.1806
2024   11   5.1806
2024   12   1.8994
2025   01   2.5101
2025   02   3.3321
2025   03   5.4780
2025   04   7.7816
2025   05   108.3569
2025   06   107.6293
