1991   01   39.9361
1991   02   27.5936
1991   03   87.3229
1991   04   128.4469
1991   05   363.2346
1991   06   219.0013
1991   07   242.2880
1991   08   213.0986
1991   09   138.1250
1991   10   42.9962
1991   11   67.3540
1991   12   164.1228
1992   01   28.5086
1992   02   28.0435
1992   03   89.9976
1992   04   173.3836
1992   05   275.4539
1992   06   324.9368
1992   07   133.4007
1992   08   158.0452
1992   09   148.3919
1992   10   157.3786
1992   11   40.4428
1992   12   106.2646
1993   01   30.5436
1993   02   19.0124
1993   03   159.6902
1993   04   218.6630
1993   05   349.7016
1993   06   348.8714
1993   07   302.9362
1993   08   169.0774
1993   09   58.6390
1993   10   99.4015
1993   11   109.2460
1993   12   79.7331
1994   01   32.9693
1994   02   19.3102
1994   03   35.2101
1994   04   121.4332
1994   05   123.5739
1994   06   304.5405
1994   07   228.4665
1994   08   134.3596
1994   09   91.2816
1994   10   107.4989
1994   11   87.4671
1994   12   85.7926
1995   01   141.0738
1995   02   19.8844
1995   03   30.2151
1995   04   166.4369
1995   05   67.6676
1995   06   397.5821
1995   07   265.3589
1995   08   318.7331
1995   09   70.5703
1995   10   37.7758
1995   11   36.2308
1995   12   17.6075
1996   01   36.3429
1996   02   45.0934
1996   03   69.2469
1996   04   86.4363
1996   05   270.5344
1996   06   159.1185
1996   07   113.6805
1996   08   304.7570
1996   09   58.5650
1996   10   63.7404
1996   11   98.6450
1996   12   44.6476
1997   01   93.4038
1997   02   52.5224
1997   03   16.8711
1997   04   261.6015
1997   05   190.3116
1997   06   437.1673
1997   07   359.2956
1997   08   208.9796
1997   09   96.1719
1997   10   133.1716
1997   11   134.9992
1997   12   48.9914
1998   01   40.2773
1998   02   27.9315
1998   03   36.5196
1998   04   118.0882
1998   05   173.9066
1998   06   160.2651
1998   07   141.7678
1998   08   207.0120
1998   09   76.3426
1998   10   15.4049
1998   11   39.2650
1998   12   49.1833
1999   01   48.7441
1999   02   35.5625
1999   03   46.3612
1999   04   50.1729
1999   05   88.5960
1999   06   268.8270
1999   07   138.7837
1999   08   292.1636
1999   09   100.4542
1999   10   60.4508
1999   11   58.3003
1999   12   51.7965
2000   01   47.6819
2000   02   106.8291
2000   03   51.2332
2000   04   98.4074
2000   05   102.9308
2000   06   546.9139
2000   07   208.2753
2000   08   198.3990
2000   09   157.4778
2000   10   30.2433
2000   11   79.1648
2000   12   56.1382
2001   01   78.2281
2001   02   23.4054
2001   03   55.1919
2001   04   60.4593
2001   05   272.0794
2001   06   303.9799
2001   07   389.3323
2001   08   163.7773
2001   09   67.0178
2001   10   58.9379
2001   11   93.6070
2001   12   23.2949
2002   01   42.9614
2002   02   35.2015
2002   03   148.0013
2002   04   126.5406
2002   05   228.9505
2002   06   177.7896
2002   07   178.9328
2002   08   253.9183
2002   09   172.3413
2002   10   286.2236
2002   11   148.0181
2002   12   75.1842
2003   01   27.4682
2003   02   20.2027
2003   03   59.7944
2003   04   65.8831
2003   05   76.9485
2003   06   464.8075
2003   07   180.9547
2003   08   159.8824
2003   09   179.4558
2003   10   95.6229
2003   11   102.0047
2003   12   69.5178
2004   01   27.5286
2004   02   34.1753
2004   03   51.1668
2004   04   196.6524
2004   05   47.4019
2004   06   322.6797
2004   07   248.8172
2004   08   314.0642
2004   09   133.3988
2004   10   156.5156
2004   11   94.6113
2004   12   71.5659
2005   01   34.4884
2005   02   17.2405
2005   03   74.2335
2005   04   69.3257
2005   05   494.5482
2005   06   371.3205
2005   07   207.5887
2005   08   318.2298
2005   09   80.2956
2005   10   97.7895
2005   11   150.3375
2005   12   59.8285
2006   01   99.5328
2006   02   29.0306
2006   03   54.9621
2006   04   143.2807
2006   05   116.1019
2006   06   383.5809
2006   07   305.5762
2006   08   264.1646
2006   09   156.2844
2006   10   112.0057
2006   11   36.9908
2006   12   101.4055
2007   01   30.8165
2007   02   50.2526
2007   03   37.6832
2007   04   116.3654
2007   05   72.9196
2007   06   172.7793
2007   07   237.1537
2007   08   169.3597
2007   09   122.7441
2007   10   61.9397
2007   11   44.9562
2007   12   44.2719
2008   01   26.5609
2008   02   22.5938
2008   03   34.1476
2008   04   69.0380
2008   05   220.9553
2008   06   138.2242
2008   07   295.2239
2008   08   352.2778
2008   09   41.9454
2008   10   56.6586
2008   11   65.6688
2008   12   44.4675
2009   01   26.1273
2009   02   43.9068
2009   03   29.1757
2009   04   73.2075
2009   05   257.0923
2009   06   226.1013
2009   07   114.7010
2009   08   405.5503
2009   09   73.1654
2009   10   147.5569
2009   11   88.7980
2009   12   72.7683
2010   01   45.3406
2010   02   72.1474
2010   03   38.6080
2010   04   36.7706
2010   05   76.2722
2010   06   223.7845
2010   07   161.8571
2010   08   217.6867
2010   09   35.0354
2010   10   51.0736
2010   11   42.6780
2010   12   57.8448
2011   01   42.5615
2011   02   30.2888
2011   03   50.8560
2011   04   119.5584
2011   05   113.8535
2011   06   220.3321
2011   07   160.1965
2011   08   265.8286
2011   09   131.4880
2011   10   62.1842
2011   11   72.4399
2011   12   27.6815
2012   01   35.6080
2012   02   86.4389
2012   03   43.3158
2012   04   41.6863
2012   05   239.6371
2012   06   269.0858
2012   07   115.3382
2012   08   201.8965
2012   09   65.7960
2012   10   75.6556
2012   11   50.5909
2012   12   136.9448
2013   01   24.5227
2013   02   50.6071
2013   03   37.1574
2013   04   111.7061
2013   05   192.7496
2013   06   106.2793
2013   07   101.7267
2013   08   239.8335
2013   09   120.1933
2013   10   55.9318
2013   11   48.8729
2013   12   24.0759
2014   01   61.9454
2014   02   25.3937
2014   03   60.1877
2014   04   61.2876
2014   05   209.8275
2014   06   264.4633
2014   07   261.9821
2014   08   188.3896
2014   09   124.3643
2014   10   85.0105
2014   11   49.4352
2014   12   33.9238
2015   01   15.8191
2015   02   20.6543
2015   03   23.8103
2015   04   71.7456
2015   05   196.8065
2015   06   244.4753
2015   07   341.9270
2015   08   338.5029
2015   09   78.8783
2015   10   62.0280
2015   11   34.2877
2015   12   56.5095
2016   01   31.3988
2016   02   21.5783
2016   03   27.9266
2016   04   88.3941
2016   05   98.0602
2016   06   44.1216
2016   07   202.8755
2016   08   215.8715
2016   09   52.4792
2016   10   85.5354
2016   11   51.8259
2016   12   84.7605
2017   01   29.4275
2017   02   52.1600
2017   03   49.8751
2017   04   71.5029
2017   05   134.3388
2017   06   239.4906
2017   07   101.0888
2017   08   352.5949
2017   09   82.2645
2017   10   110.3681
2017   11   32.0794
2017   12   40.5794
2018   01   50.7963
2018   02   38.5437
2018   03   116.1332
2018   04   168.1110
2018   05   109.6212
2018   06   123.9203
2018   07   105.3836
2018   08   196.9655
2018   09   152.5132
2018   10   114.0058
2018   11   93.9154
2018   12   40.1874
2019   01   20.0307
2019   02   14.5873
2019   03   38.0593
2019   04   38.9496
2019   05   161.6736
2019   06   245.8218
2019   07   211.1140
2019   08   139.3109
2019   09   46.7435
2019   10   71.8747
2019   11   48.2572
2019   12   28.6656
2020   01   22.3730
2020   02   25.7268
2020   03   47.0470
2020   04   94.0942
2020   05   90.0814
2020   06   326.5202
2020   07   263.4001
2020   08   143.0423
2020   09   68.6745
2020   10   29.8651
2020   11   32.0598
2020   12   48.5187
2021   01   52.4161
2021   02   10.2493
2021   03   23.0657
2021   04   85.4758
2021   05   133.9018
2021   06   173.8035
2021   07   80.3907
2021   08   201.2892
2021   09   71.1191
2021   10   32.2934
2021   11   56.1863
2021   12   26.2905
2022   01   64.6214
2022   02   26.0434
2022   03   77.3492
2022   04   169.4190
2022   05   83.9085
2022   06   201.2849
2022   07   204.2582
2022   08   127.8344
2022   09   56.8834
2022   10   91.9797
2022   11   40.5672
2022   12   31.7514
2023   01   23.3214
2023   02   13.1597
2023   03   73.7282
2023   04   95.3057
2023   05   91.1576
2023   06   168.4140
2023   07   190.1711
2023   08   219.2794
2023   09   86.5961
2023   10   58.9215
2023   11   81.2439
2023   12   20.3092
2024   01   7.9915
2024   02   17.9956
2024   03   90.0478
2024   04   111.2842
2024   05   84.0924
2024   06   298.1510
2024   07   77.5336
2024   08   101.5547
2024   09   161.2843
2024   10   22.7655
2024   11   95.5104
2024   11   95.5104
2024   12   18.9155
2025   01   29.3678
2025   02   20.7880
2025   03   83.8928
2025   04   163.3558
2025   05   73.3012
2025   06   159.6728
