1991   01   10.6025
1991   02   3.5706
1991   03   9.9878
1991   04   69.9653
1991   05   203.5509
1991   06   146.6812
1991   07   176.6470
1991   08   74.0322
1991   09   138.5371
1991   10   50.0396
1991   11   33.4767
1991   12   30.3970
1992   01   8.6085
1992   02   10.2851
1992   03   14.2370
1992   04   58.9048
1992   05   504.0798
1992   06   399.0287
1992   07   78.6674
1992   08   140.0837
1992   09   37.9065
1992   10   22.2114
1992   11   25.9079
1992   12   14.9342
1993   01   7.1501
1993   02   11.6471
1993   03   11.4265
1993   04   91.6850
1993   05   233.3200
1993   06   195.2439
1993   07   119.1897
1993   08   58.0818
1993   09   12.9509
1993   10   44.8652
1993   11   23.3896
1993   12   9.6109
1994   01   6.6186
1994   02   3.3738
1994   03   10.9386
1994   04   92.1223
1994   05   127.9585
1994   06   256.4361
1994   07   126.8711
1994   08   38.6296
1994   09   80.5483
1994   10   49.9893
1994   11   11.3754
1994   12   13.5905
1995   01   7.0200
1995   02   8.2526
1995   03   9.6819
1995   04   113.4200
1995   05   54.7352
1995   06   204.6833
1995   07   162.8337
1995   08   106.2890
1995   09   14.8867
1995   10   42.3737
1995   11   8.5506
1995   12   6.4181
1996   01   7.3989
1996   02   4.4935
1996   03   11.8531
1996   04   48.2134
1996   05   81.4365
1996   06   151.4809
1996   07   65.4136
1996   08   161.7826
1996   09   14.5830
1996   10   19.8853
1996   11   17.1615
1996   12   12.7076
1997   01   9.7126
1997   02   5.4151
1997   03   8.5682
1997   04   92.7564
1997   05   151.1348
1997   06   467.1110
1997   07   137.5933
1997   08   114.4905
1997   09   67.9986
1997   10   77.7834
1997   11   41.7507
1997   12   9.9330
1998   01   10.3982
1998   02   6.8772
1998   03   9.3747
1998   04   76.9544
1998   05   87.6907
1998   06   58.1136
1998   07   33.8359
1998   08   57.3056
1998   09   29.0550
1998   10   11.6152
1998   11   13.6041
1998   12   10.2024
1999   01   8.7921
1999   02   5.0024
1999   03   17.1221
1999   04   32.0080
1999   05   80.1482
1999   06   198.5930
1999   07   117.6117
1999   08   187.0412
1999   09   144.1356
1999   10   35.5451
1999   11   14.0079
1999   12   8.5985
2000   01   7.5101
2000   02   19.3546
2000   03   12.8819
2000   04   55.4404
2000   05   76.5545
2000   06   500.6152
2000   07   61.0559
2000   08   78.3461
2000   09   169.9013
2000   10   35.7318
2000   11   26.9195
2000   12   7.9702
2001   01   12.2493
2001   02   4.6461
2001   03   21.6682
2001   04   55.1752
2001   05   383.4433
2001   06   129.3150
2001   07   315.0345
2001   08   208.5792
2001   09   43.3242
2001   10   26.7651
2001   11   14.1348
2001   12   6.6282
2002   01   7.5301
2002   02   12.5146
2002   03   38.0503
2002   04   44.9851
2002   05   296.9419
2002   06   228.9012
2002   07   146.9477
2002   08   334.3105
2002   09   62.8922
2002   10   81.8993
2002   11   15.1340
2002   12   13.6855
2003   01   10.0078
2003   02   2.7805
2003   03   10.9254
2003   04   30.3447
2003   05   118.4809
2003   06   273.4236
2003   07   99.8099
2003   08   60.0789
2003   09   84.6987
2003   10   28.3607
2003   11   55.4707
2003   12   10.7853
2004   01   6.1863
2004   02   4.3136
2004   03   32.9257
2004   04   86.7745
2004   05   60.5323
2004   06   203.6617
2004   07   169.8720
2004   08   193.1623
2004   09   49.5512
2004   10   50.4801
2004   11   67.5320
2004   12   16.0865
2005   01   4.8605
2005   02   7.3694
2005   03   33.2642
2005   04   23.2550
2005   05   297.2209
2005   06   368.2357
2005   07   113.3503
2005   08   294.1624
2005   09   36.1922
2005   10   29.2073
2005   11   30.5128
2005   12   14.5969
2006   01   11.3973
2006   02   3.5580
2006   03   10.1302
2006   04   46.8716
2006   05   142.6862
2006   06   262.6940
2006   07   287.6388
2006   08   144.6396
2006   09   53.9824
2006   10   62.5164
2006   11   9.2324
2006   12   18.2153
2007   01   10.2950
2007   02   19.7015
2007   03   22.1569
2007   04   51.3751
2007   05   78.1794
2007   06   144.5094
2007   07   113.2621
2007   08   105.6797
2007   09   31.9337
2007   10   28.6437
2007   11   6.1502
2007   12   11.5008
2008   01   5.1212
2008   02   2.8897
2008   03   10.2824
2008   04   37.2074
2008   05   247.6764
2008   06   121.5048
2008   07   116.2982
2008   08   165.6915
2008   09   25.9661
2008   10   17.3411
2008   11   6.9441
2008   12   8.2306
2009   01   7.3960
2009   02   5.4116
2009   03   8.3723
2009   04   19.5099
2009   05   125.0164
2009   06   212.3559
2009   07   68.7333
2009   08   200.5336
2009   09   81.2876
2009   10   32.3945
2009   11   27.8707
2009   12   7.1861
2010   01   8.4693
2010   02   14.6433
2010   03   8.8804
2010   04   17.0929
2010   05   81.2546
2010   06   250.3073
2010   07   111.3431
2010   08   62.6006
2010   09   20.6511
2010   10   35.2317
2010   11   9.9887
2010   12   12.7112
2011   01   8.9792
2011   02   3.8736
2011   03   25.5994
2011   04   68.3287
2011   05   46.4686
2011   06   129.3253
2011   07   95.3498
2011   08   139.0229
2011   09   37.7443
2011   10   22.4396
2011   11   17.4893
2011   12   7.5066
2012   01   6.2235
2012   02   10.0016
2012   03   8.6867
2012   04   23.9512
2012   05   296.6682
2012   06   227.9690
2012   07   36.6530
2012   08   123.9789
2012   09   15.3920
2012   10   58.9121
2012   11   17.2677
2012   12   24.2603
2013   01   7.8698
2013   02   3.5361
2013   03   9.4675
2013   04   16.0610
2013   05   127.6698
2013   06   67.6777
2013   07   90.9338
2013   08   65.2105
2013   09   60.2518
2013   10   21.3806
2013   11   14.9336
2013   12   6.5810
2014   01   7.1781
2014   02   10.0187
2014   03   28.1814
2014   04   37.0143
2014   05   121.0099
2014   06   207.7885
2014   07   86.9060
2014   08   74.0212
2014   09   70.0808
2014   10   18.9343
2014   11   20.6779
2014   12   15.2633
2015   01   5.6326
2015   02   2.8381
2015   03   19.6806
2015   04   32.0579
2015   05   80.2428
2015   06   77.9152
2015   07   161.5080
2015   08   222.1416
2015   09   123.4833
2015   10   46.8943
2015   11   20.9561
2015   12   9.5836
2016   01   17.1268
2016   02   3.1635
2016   03   13.0776
2016   04   123.8602
2016   05   120.7920
2016   06   31.7268
2016   07   120.7932
2016   08   41.4356
2016   09   18.7710
2016   10   53.2947
2016   11   23.4988
2016   12   11.5995
2017   01   6.2390
2017   02   11.2453
2017   03   15.3550
2017   04   47.7479
2017   05   141.7067
2017   06   213.4584
2017   07   54.0062
2017   08   152.5061
2017   09   48.1355
2017   10   57.9869
2017   11   21.1131
2017   12   8.2471
2018   01   10.4999
2018   02   5.3577
2018   03   22.6591
2018   04   35.7591
2018   05   135.8274
2018   06   135.0686
2018   07   88.3164
2018   08   60.3476
2018   09   81.0945
2018   10   44.2451
2018   11   22.4821
2018   12   8.7904
2019   01   9.9026
2019   02   4.3381
2019   03   14.5917
2019   04   20.7654
2019   05   134.2932
2019   06   184.0217
2019   07   52.5733
2019   08   50.5144
2019   09   27.8541
2019   10   31.5887
2019   11   6.0023
2019   12   4.8334
2020   01   6.6592
2020   02   2.5046
2020   03   10.0159
2020   04   37.3887
2020   05   48.5764
2020   06   292.7355
2020   07   93.6765
2020   08   64.1952
2020   09   16.7006
2020   10   12.8759
2020   11   5.7300
2020   12   8.3604
2021   01   35.3060
2021   02   4.9525
2021   03   7.3983
2021   04   29.1723
2021   05   114.0797
2021   06   72.5856
2021   07   31.6957
2021   08   104.2628
2021   09   35.8866
2021   10   16.2569
2021   11   4.9650
2021   12   5.3466
2022   01   4.7678
2022   02   7.1377
2022   03   6.7549
2022   04   120.4896
2022   05   66.1543
2022   06   116.0156
2022   07   106.3208
2022   08   61.4339
2022   09   21.2576
2022   10   13.8633
2022   11   14.9865
2022   12   5.0290
2023   01   8.8740
2023   02   2.0302
2023   03   6.8950
2023   04   60.0534
2023   05   48.1919
2023   06   150.2935
2023   07   82.1651
2023   08   265.0932
2023   09   73.2395
2023   10   24.2683
2023   11   24.5900
2023   12   5.9928
2024   01   5.5933
2024   02   3.2078
2024   03   13.6700
2024   04   56.0221
2024   05   111.9511
2024   06   279.4282
2024   07   40.8905
2024   08   123.3614
2024   09   50.5984
2024   10   28.9187
2024   11   8.3601
2024   11   8.3601
2024   12   4.3643
2025   01   5.5604
2025   02   2.2117
2025   03   22.9241
2025   04   31.3966
2025   05   96.8049
2025   06   112.3271
