1991   01   52.5134
1991   02   33.8796
1991   03   50.8824
1991   04   63.8027
1991   05   139.5731
1991   06   107.1799
1991   07   133.3851
1991   08   31.2084
1991   09   99.7142
1991   10   66.7603
1991   11   75.7166
1991   12   41.3672
1992   01   23.9443
1992   02   45.6208
1992   03   36.7884
1992   04   81.8189
1992   05   155.5782
1992   06   124.9153
1992   07   62.3762
1992   08   49.0223
1992   09   82.6331
1992   10   132.6912
1992   11   50.1282
1992   12   33.0472
1993   01   32.6646
1993   02   61.4921
1993   03   144.6942
1993   04   131.4402
1993   05   164.8661
1993   06   141.2254
1993   07   104.5930
1993   08   43.0955
1993   09   65.5795
1993   10   61.1522
1993   11   78.6945
1993   12   31.3158
1994   01   37.7000
1994   02   43.3372
1994   03   19.0681
1994   04   129.6941
1994   05   118.6746
1994   06   217.8066
1994   07   104.4351
1994   08   102.4266
1994   09   143.6541
1994   10   79.0632
1994   11   48.8806
1994   12   43.5910
1995   01   47.5130
1995   02   43.9579
1995   03   16.8956
1995   04   64.3929
1995   05   126.3179
1995   06   191.0088
1995   07   130.1888
1995   08   60.4979
1995   09   62.8308
1995   10   53.9388
1995   11   40.5491
1995   12   13.5553
1996   01   33.7813
1996   02   36.2573
1996   03   43.2737
1996   04   65.9041
1996   05   103.8544
1996   06   94.7379
1996   07   49.2548
1996   08   95.4953
1996   09   32.3906
1996   10   40.4640
1996   11   64.8357
1996   12   47.8401
1997   01   60.9505
1997   02   38.5383
1997   03   12.8149
1997   04   108.9283
1997   05   81.1128
1997   06   145.2838
1997   07   194.3521
1997   08   89.3397
1997   09   35.3524
1997   10   72.7473
1997   11   73.6463
1997   12   24.3974
1998   01   33.5623
1998   02   27.9447
1998   03   41.5783
1998   04   113.4078
1998   05   100.2563
1998   06   104.4165
1998   07   145.8546
1998   08   48.8540
1998   09   50.2104
1998   10   38.4164
1998   11   35.8003
1998   12   22.9290
1999   01   51.1780
1999   02   31.2742
1999   03   45.5696
1999   04   37.5845
1999   05   76.0053
1999   06   165.2583
1999   07   167.0760
1999   08   113.7743
1999   09   67.5738
1999   10   28.1402
1999   11   100.6317
1999   12   20.7410
2000   01   48.7159
2000   02   64.5054
2000   03   27.5535
2000   04   92.3184
2000   05   67.4848
2000   06   266.4152
2000   07   159.3415
2000   08   46.5535
2000   09   56.7861
2000   10   109.5786
2000   11   64.8995
2000   12   64.3950
2001   01   176.5249
2001   02   35.3835
2001   03   37.4915
2001   04   50.3948
2001   05   158.9990
2001   06   165.5491
2001   07   173.0952
2001   08   65.2953
2001   09   41.4441
2001   10   32.9722
2001   11   52.4803
2001   12   30.2170
2002   01   72.2534
2002   02   68.3399
2002   03   80.1648
2002   04   74.8031
2002   05   189.4191
2002   06   94.3074
2002   07   93.0610
2002   08   84.1661
2002   09   104.3069
2002   10   156.6787
2002   11   115.9438
2002   12   49.4300
2003   01   69.4339
2003   02   36.7350
2003   03   17.6689
2003   04   52.3697
2003   05   47.4372
2003   06   214.0050
2003   07   77.4750
2003   08   79.5844
2003   09   94.5201
2003   10   112.3925
2003   11   86.2795
2003   12   43.5559
2004   01   33.1264
2004   02   33.6853
2004   03   60.2619
2004   04   168.6561
2004   05   43.4397
2004   06   280.8940
2004   07   102.9634
2004   08   81.6665
2004   09   44.9043
2004   10   68.9970
2004   11   115.9630
2004   12   64.9390
2005   01   41.3126
2005   02   61.2209
2005   03   105.1380
2005   04   100.5615
2005   05   219.3547
2005   06   194.8383
2005   07   124.4780
2005   08   83.7118
2005   09   43.4342
2005   10   55.5083
2005   11   96.7779
2005   12   28.1248
2006   01   130.2329
2006   02   78.6908
2006   03   80.2020
2006   04   105.2596
2006   05   87.4652
2006   06   184.2293
2006   07   167.5629
2006   08   57.4686
2006   09   67.6231
2006   10   104.4775
2006   11   40.8683
2006   12   97.2282
2007   01   40.7568
2007   02   47.3863
2007   03   51.7642
2007   04   110.4021
2007   05   34.5979
2007   06   90.2891
2007   07   94.1512
2007   08   44.1726
2007   09   72.7923
2007   10   94.0362
2007   11   46.0498
2007   12   23.2035
2008   01   51.8002
2008   02   34.0642
2008   03   7.1967
2008   04   101.9631
2008   05   166.6302
2008   06   132.6560
2008   07   180.9956
2008   08   70.5844
2008   09   24.7317
2008   10   30.8361
2008   11   47.8120
2008   12   23.6038
2009   01   53.8739
2009   02   64.0122
2009   03   63.5789
2009   04   108.6303
2009   05   184.7310
2009   06   101.4571
2009   07   61.5836
2009   08   147.0833
2009   09   31.6469
2009   10   63.5077
2009   11   60.3939
2009   12   50.0051
2010   01   43.2705
2010   02   72.7673
2010   03   49.9582
2010   04   58.1845
2010   05   62.3323
2010   06   198.0529
2010   07   117.8850
2010   08   76.4853
2010   09   57.6971
2010   10   50.0674
2010   11   69.6776
2010   12   27.2770
2011   01   59.5599
2011   02   34.5847
2011   03   93.0724
2011   04   112.6813
2011   05   95.5170
2011   06   143.4238
2011   07   172.6645
2011   08   88.5201
2011   09   100.3426
2011   10   38.2405
2011   11   55.0502
2011   12   19.3729
2012   01   70.1512
2012   02   93.4917
2012   03   15.8684
2012   04   41.1859
2012   05   216.0515
2012   06   194.3791
2012   07   104.5048
2012   08   112.4586
2012   09   30.9494
2012   10   33.0718
2012   11   46.4011
2012   12   97.8743
2013   01   53.0224
2013   02   80.2150
2013   03   35.1269
2013   04   67.3836
2013   05   152.3444
2013   06   160.0042
2013   07   125.5044
2013   08   116.9248
2013   09   78.6388
2013   10   45.6534
2013   11   42.4863
2013   12   21.1020
2014   01   60.8515
2014   02   35.9913
2014   03   17.8363
2014   04   110.5175
2014   05   163.8154
2014   06   152.1316
2014   07   146.9041
2014   08   94.4629
2014   09   41.6514
2014   10   73.2302
2014   11   72.0964
2014   12   19.9673
2015   01   20.4179
2015   02   28.8377
2015   03   19.4006
2015   04   76.2997
2015   05   204.7790
2015   06   150.0470
2015   07   139.6622
2015   08   112.8765
2015   09   44.9677
2015   10   43.5840
2015   11   52.0785
2015   12   16.9192
2016   01   24.0341
2016   02   38.3329
2016   03   30.1084
2016   04   65.5635
2016   05   50.5908
2016   06   28.2726
2016   07   105.0234
2016   08   108.1411
2016   09   50.0105
2016   10   71.0060
2016   11   96.7709
2016   12   38.0489
2017   01   80.3688
2017   02   114.4431
2017   03   33.1896
2017   04   68.1078
2017   05   153.4205
2017   06   159.6323
2017   07   185.3120
2017   08   134.0097
2017   09   42.7783
2017   10   112.3849
2017   11   48.1452
2017   12   33.7639
2018   01   35.9302
2018   02   45.7263
2018   03   53.9663
2018   04   104.8553
2018   05   104.4554
2018   06   104.8742
2018   07   108.9955
2018   08   92.4664
2018   09   134.1784
2018   10   74.4406
2018   11   138.8257
2018   12   21.3607
2019   01   27.6015
2019   02   32.2872
2019   03   32.1311
2019   04   85.1759
2019   05   84.6326
2019   06   129.6610
2019   07   127.4783
2019   08   55.0552
2019   09   24.8028
2019   10   55.0668
2019   11   127.6381
2019   12   39.0464
2020   01   40.7810
2020   02   62.5955
2020   03   33.0527
2020   04   106.0964
2020   05   157.3070
2020   06   187.4989
2020   07   140.1471
2020   08   63.2106
2020   09   46.1004
2020   10   37.3238
2020   11   102.4611
2020   12   22.9713
2021   01   52.8985
2021   02   22.1230
2021   03   13.2817
2021   04   100.7472
2021   05   69.2594
2021   06   143.7554
2021   07   112.2644
2021   08   64.2090
2021   09   44.3715
2021   10   52.5211
2021   11   86.2112
2021   12   14.8674
2022   01   51.7951
2022   02   41.8813
2022   03   39.3490
2022   04   114.3129
2022   05   82.9085
2022   06   112.7142
2022   07   223.2393
2022   08   35.0944
2022   09   81.0296
2022   10   74.1858
2022   11   68.1488
2022   12   34.5261
2023   01   31.4298
2023   02   34.8797
2023   03   88.7095
2023   04   94.8732
2023   05   97.1905
2023   06   144.2213
2023   07   192.6308
2023   08   93.1174
2023   09   77.0980
2023   10   41.1735
2023   11   67.8851
2023   12   24.6498
2024   01   20.4811
2024   02   30.8011
2024   03   100.3600
2024   04   83.0446
2024   05   63.7864
2024   06   131.2611
2024   07   72.8692
2024   08   59.8210
2024   09   124.6427
2024   10   18.4503
2024   11   272.4673
2024   11   272.4673
2024   12   23.2555
2025   01   32.9328
2025   02   34.1183
2025   03   68.2026
2025   04   84.3943
2025   05   132.0516
2025   06   135.7234
