1991   01   0.2185
1991   02   2.1757
1991   03   2.2356
1991   04   7.9177
1991   05   66.2313
1991   06   49.9795
1991   07   21.8470
1991   08   22.1544
1991   09   5.4815
1991   10   6.6350
1991   11   1.3671
1991   12   1.8103
1992   01   0.2185
1992   02   2.1882
1992   03   2.5522
1992   04   11.0275
1992   05   71.8348
1992   06   49.9994
1992   07   10.3438
1992   08   47.3391
1992   09   6.7119
1992   10   5.4940
1992   11   2.0723
1992   12   1.7597
1993   01   0.2185
1993   02   2.2148
1993   03   2.2072
1993   04   13.5123
1993   05   22.4653
1993   06   46.5005
1993   07   23.6545
1993   08   25.6720
1993   09   5.5215
1993   10   4.7626
1993   11   1.3900
1993   12   1.7776
1994   01   0.2185
1994   02   2.2933
1994   03   2.3028
1994   04   8.5235
1994   05   31.9703
1994   06   43.5936
1994   07   24.9601
1994   08   16.0626
1994   09   6.4899
1994   10   5.8739
1994   11   1.4200
1994   12   1.7751
1995   01   0.2185
1995   02   2.3230
1995   03   2.4340
1995   04   9.2475
1995   05   25.7355
1995   06   20.4404
1995   07   22.4112
1995   08   16.2974
1995   09   7.3519
1995   10   5.9419
1995   11   1.4773
1995   12   1.7801
1996   01   0.2185
1996   02   2.2931
1996   03   2.2389
1996   04   9.0198
1996   05   10.5154
1996   06   21.0051
1996   07   16.6841
1996   08   20.3305
1996   09   5.8254
1996   10   6.7504
1996   11   1.4650
1996   12   1.7984
1997   01   0.2185
1997   02   2.2930
1997   03   2.2398
1997   04   8.0269
1997   05   52.6095
1997   06   154.3921
1997   07   27.7822
1997   08   73.0865
1997   09   7.1204
1997   10   5.8649
1997   11   1.9634
1997   12   1.9072
1998   01   0.2185
1998   02   2.2934
1998   03   2.2185
1998   04   8.1378
1998   05   52.8652
1998   06   28.9620
1998   07   4.6241
1998   08   17.7777
1998   09   6.4146
1998   10   6.0992
1998   11   1.4752
1998   12   1.7810
1999   01   0.2185
1999   02   2.2932
1999   03   2.2395
1999   04   8.5993
1999   05   17.6785
1999   06   17.1229
1999   07   10.3554
1999   08   48.8128
1999   09   10.6169
1999   10   6.8457
1999   11   1.5218
1999   12   1.7830
2000   01   0.2185
2000   02   2.2930
2000   03   1.9850
2000   04   8.2399
2000   05   13.6613
2000   06   96.0825
2000   07   13.8028
2000   08   12.0420
2000   09   12.7297
2000   10   4.9776
2000   11   1.6080
2000   12   1.7761
2001   01   0.2185
2001   02   2.2921
2001   03   1.9852
2001   04   6.6292
2001   05   49.4023
2001   06   24.7979
2001   07   76.5398
2001   08   58.8546
2001   09   8.6646
2001   10   4.5267
2001   11   1.3120
2001   12   1.7763
2002   01   0.2185
2002   02   2.2922
2002   03   1.9851
2002   04   6.9401
2002   05   165.4954
2002   06   72.5508
2002   07   14.3115
2002   08   58.1675
2002   09   7.5886
2002   10   4.1452
2002   11   1.3077
2002   12   1.7897
2003   01   0.2185
2003   02   2.2923
2003   03   2.1020
2003   04   5.9830
2003   05   66.3231
2003   06   32.5562
2003   07   32.7468
2003   08   16.6198
2003   09   5.2678
2003   10   4.1034
2003   11   1.5141
2003   12   1.7748
2004   01   0.2185
2004   02   2.2923
2004   03   1.9850
2004   04   7.2514
2004   05   26.2313
2004   06   30.6858
2004   07   70.2810
2004   08   29.3310
2004   09   5.4495
2004   10   4.6583
2004   11   2.5327
2004   12   1.7837
2005   01   0.2185
2005   02   2.2914
2005   03   2.0882
2005   04   6.0294
2005   05   60.8697
2005   06   51.4439
2005   07   13.7185
2005   08   61.9626
2005   09   6.4904
2005   10   4.9500
2005   11   1.4000
2005   12   1.7754
2006   01   0.2185
2006   02   2.2921
2006   03   1.9849
2006   04   5.6013
2006   05   44.4929
2006   06   34.2747
2006   07   39.0816
2006   08   40.2033
2006   09   4.7434
2006   10   6.3110
2006   11   1.3070
2006   12   1.7748
2007   01   0.2185
2007   02   2.2930
2007   03   1.9851
2007   04   7.7003
2007   05   28.0168
2007   06   39.9267
2007   07   10.6901
2007   08   21.8056
2007   09   4.0009
2007   10   4.5202
2007   11   1.3457
2007   12   1.7892
2008   01   0.2185
2008   02   2.2927
2008   03   1.9850
2008   04   6.3316
2008   05   81.1143
2008   06   46.9579
2008   07   21.1586
2008   08   63.8209
2008   09   5.6392
2008   10   4.1601
2008   11   1.3303
2008   12   1.7826
2009   01   0.2185
2009   02   2.2918
2009   03   1.9850
2009   04   5.6795
2009   05   18.5975
2009   06   41.2656
2009   07   11.4727
2009   08   45.3494
2009   09   5.5113
2009   10   4.9697
2009   11   1.3000
2009   12   1.7769
2010   01   0.2185
2010   02   2.2921
2010   03   1.9849
2010   04   5.6913
2010   05   62.2745
2010   06   23.2030
2010   07   7.8774
2010   08   16.8078
2010   09   4.5317
2010   10   4.6043
2010   11   1.4799
2010   12   1.7814
2011   01   0.2185
2011   02   2.2982
2011   03   1.9850
2011   04   6.2463
2011   05   17.4233
2011   06   26.2440
2011   07   55.6123
2011   08   40.6703
2011   09   4.1288
2011   10   4.3530
2011   11   1.3295
2011   12   1.7815
2012   01   0.2185
2012   02   2.2922
2012   03   1.9849
2012   04   7.0092
2012   05   57.1643
2012   06   36.6410
2012   07   4.4775
2012   08   45.2659
2012   09   7.4534
2012   10   4.4875
2012   11   1.5131
2012   12   1.7781
2013   01   0.2186
2013   02   2.3142
2013   03   2.2054
2013   04   6.6095
2013   05   96.7917
2013   06   22.3870
2013   07   12.1366
2013   08   19.5273
2013   09   7.3941
2013   10   7.2875
2013   11   1.3283
2013   12   1.7944
2014   01   0.2186
2014   02   2.3128
2014   03   2.2697
2014   04   5.9707
2014   05   15.8416
2014   06   41.6340
2014   07   25.5086
2014   08   23.9177
2014   09   8.1870
2014   10   5.3883
2014   11   1.5412
2014   12   1.7863
2015   01   0.2186
2015   02   2.3128
2015   03   4.0187
2015   04   6.0420
2015   05   22.2208
2015   06   15.1365
2015   07   28.9254
2015   08   60.7697
2015   09   10.7235
2015   10   7.8450
2015   11   1.5346
2015   12   1.7821
2016   01   0.2186
2016   02   2.3131
2016   03   2.2252
2016   04   10.9697
2016   05   79.9079
2016   06   36.4901
2016   07   48.3138
2016   08   13.4609
2016   09   4.5289
2016   10   8.3934
2016   11   1.3802
2016   12   1.8085
2017   01   0.2186
2017   02   2.3116
2017   03   2.2056
2017   04   8.2598
2017   05   86.9269
2017   06   63.3322
2017   07   24.3693
2017   08   29.3645
2017   09   4.2871
2017   10   5.9544
2017   11   2.3303
2017   12   1.8065
2018   01   0.2186
2018   02   2.3131
2018   03   2.2057
2018   04   6.0042
2018   05   37.6256
2018   06   42.6835
2018   07   7.0226
2018   08   17.2583
2018   09   6.0170
2018   10   5.5858
2018   11   1.3911
2018   12   1.7837
2019   01   0.2186
2019   02   2.3130
2019   03   2.2063
2019   04   6.9992
2019   05   42.0634
2019   06   17.3667
2019   07   20.6849
2019   08   12.3377
2019   09   5.8812
2019   10   5.4034
2019   11   1.3453
2019   12   1.7679
2020   01   0.2186
2020   02   2.3033
2020   03   2.2021
2020   04   6.8780
2020   05   12.8938
2020   06   56.7079
2020   07   6.0392
2020   08   11.9146
2020   09   3.9181
2020   10   4.6313
2020   11   1.5896
2020   12   1.7852
2021   01   0.2186
2021   02   2.3035
2021   03   2.2021
2021   04   5.6610
2021   05   16.5173
2021   06   19.4306
2021   07   4.9291
2021   08   12.8693
2021   09   3.8793
2021   10   5.2311
2021   11   1.3564
2021   12   1.7752
2022   01   0.2186
2022   02   2.5279
2022   03   2.2020
2022   04   9.1814
2022   05   16.2947
2022   06   19.3218
2022   07   25.4033
2022   08   13.1072
2022   09   4.1826
2022   10   4.5131
2022   11   1.9653
2022   12   1.7729
2023   01   0.2186
2023   02   2.3034
2023   03   2.2181
2023   04   7.4030
2023   05   17.4562
2023   06   23.6198
2023   07   17.0740
2023   08   39.8190
2023   09   5.4500
2023   10   5.2210
2023   11   2.0665
2023   12   1.7776
2024   01   0.2186
2024   02   2.4836
2024   03   2.2502
2024   04   6.9001
2024   05   70.0795
2024   06   77.1904
2024   07   16.5094
2024   08   71.5238
2024   09   3.8190
2024   10   7.2095
2024   11   1.3413
2024   11   1.3413
2024   12   1.7788
2025   01   0.2186
2025   02   2.2688
2025   03   2.4482
2025   04   6.1361
2025   05   18.5166
2025   06   42.4409
