1991   01   30.2779
1991   02   25.2549
1991   03   65.0540
1991   04   251.2453
1991   05   575.6733
1991   06   216.5616
1991   07   397.4042
1991   08   254.4037
1991   09   331.0366
1991   10   166.4624
1991   11   93.5826
1991   12   184.1637
1992   01   20.8794
1992   02   38.5397
1992   03   158.8636
1992   04   228.1736
1992   05   749.9896
1992   06   444.1200
1992   07   189.7948
1992   08   181.8876
1992   09   389.1735
1992   10   236.3111
1992   11   127.2193
1992   12   120.5470
1993   01   27.7201
1993   02   45.9746
1993   03   103.5597
1993   04   214.8615
1993   05   678.7434
1993   06   536.7803
1993   07   567.7360
1993   08   286.9419
1993   09   233.8401
1993   10   149.3037
1993   11   129.5730
1993   12   75.9410
1994   01   28.2907
1994   02   26.5120
1994   03   62.5464
1994   04   134.4674
1994   05   257.2041
1994   06   475.1559
1994   07   481.5045
1994   08   107.4492
1994   09   392.9146
1994   10   216.4700
1994   11   136.1087
1994   12   131.2839
1995   01   31.2286
1995   02   18.6099
1995   03   65.6759
1995   04   253.6357
1995   05   216.3708
1995   06   493.6636
1995   07   482.9301
1995   08   495.0901
1995   09   164.6115
1995   10   223.7119
1995   11   84.3669
1995   12   42.6596
1996   01   27.2157
1996   02   100.8957
1996   03   74.5668
1996   04   159.7975
1996   05   228.6573
1996   06   322.4873
1996   07   144.4981
1996   08   418.5493
1996   09   130.4551
1996   10   151.6144
1996   11   130.4207
1996   12   85.3600
1997   01   35.2976
1997   02   59.4600
1997   03   30.9341
1997   04   403.7322
1997   05   328.1197
1997   06   488.8024
1997   07   392.8757
1997   08   287.4454
1997   09   349.2250
1997   10   358.6600
1997   11   181.1735
1997   12   89.8412
1998   01   23.0960
1998   02   35.3356
1998   03   71.1585
1998   04   111.2390
1998   05   288.8291
1998   06   151.4221
1998   07   207.4203
1998   08   243.2294
1998   09   259.8040
1998   10   65.3061
1998   11   117.3485
1998   12   93.8148
1999   01   37.3821
1999   02   43.6959
1999   03   89.2027
1999   04   68.2922
1999   05   378.0448
1999   06   515.2552
1999   07   190.1985
1999   08   403.4888
1999   09   506.9262
1999   10   100.1939
1999   11   87.1725
1999   12   49.8730
2000   01   22.5362
2000   02   160.0450
2000   03   71.9195
2000   04   171.3532
2000   05   351.1510
2000   06   877.7312
2000   07   322.9944
2000   08   387.3228
2000   09   568.4689
2000   10   154.4989
2000   11   106.1580
2000   12   96.2691
2001   01   52.5596
2001   02   30.1784
2001   03   85.2023
2001   04   88.3377
2001   05   779.3654
2001   06   377.3057
2001   07   806.9077
2001   08   251.2268
2001   09   188.1447
2001   10   94.9569
2001   11   175.8856
2001   12   42.0927
2002   01   33.9004
2002   02   67.9529
2002   03   212.6016
2002   04   144.4061
2002   05   375.9727
2002   06   267.6729
2002   07   331.0916
2002   08   413.6058
2002   09   352.9736
2002   10   319.4601
2002   11   136.6912
2002   12   82.5979
2003   01   27.2536
2003   02   20.2272
2003   03   60.3553
2003   04   74.5844
2003   05   192.0305
2003   06   616.3278
2003   07   296.2073
2003   08   167.0058
2003   09   360.4449
2003   10   138.8450
2003   11   139.2624
2003   12   72.7509
2004   01   22.0403
2004   02   34.3669
2004   03   126.5381
2004   04   267.8942
2004   05   116.8143
2004   06   550.6356
2004   07   398.5327
2004   08   225.5629
2004   09   263.1423
2004   10   191.9757
2004   11   149.2868
2004   12   117.0381
2005   01   31.8446
2005   02   18.8362
2005   03   115.0003
2005   04   80.8259
2005   05   677.9500
2005   06   453.3757
2005   07   230.5486
2005   08   628.5421
2005   09   175.7669
2005   10   106.0622
2005   11   212.9914
2005   12   107.1782
2006   01   47.2813
2006   02   33.5031
2006   03   82.1266
2006   04   164.7425
2006   05   175.1185
2006   06   579.4870
2006   07   625.9868
2006   08   375.6891
2006   09   337.8396
2006   10   200.5122
2006   11   84.5432
2006   12   142.9944
2007   01   27.5793
2007   02   78.1193
2007   03   90.1131
2007   04   193.1712
2007   05   160.1691
2007   06   369.1876
2007   07   381.9581
2007   08   257.2109
2007   09   235.8126
2007   10   123.0726
2007   11   94.0099
2007   12   98.4051
2008   01   23.0489
2008   02   41.3703
2008   03   54.3511
2008   04   110.4133
2008   05   453.5343
2008   06   189.8477
2008   07   365.0539
2008   08   360.9196
2008   09   270.6582
2008   10   93.7254
2008   11   121.9114
2008   12   55.8863
2009   01   26.2104
2009   02   52.0167
2009   03   41.7185
2009   04   81.2507
2009   05   421.6907
2009   06   273.8661
2009   07   228.5764
2009   08   586.0264
2009   09   178.1447
2009   10   203.7596
2009   11   132.8686
2009   12   77.4712
2010   01   30.6534
2010   02   75.7219
2010   03   73.8141
2010   04   52.0072
2010   05   168.5423
2010   06   385.6905
2010   07   351.4246
2010   08   293.8721
2010   09   158.3463
2010   10   129.8272
2010   11   107.6044
2010   12   109.8503
2011   01   49.0547
2011   02   40.4519
2011   03   114.9474
2011   04   222.7875
2011   05   269.7320
2011   06   351.0183
2011   07   247.3622
2011   08   332.9478
2011   09   286.5192
2011   10   96.9341
2011   11   114.0402
2011   12   43.2587
2012   01   35.4839
2012   02   64.3683
2012   03   63.5980
2012   04   53.4309
2012   05   406.7612
2012   06   412.0962
2012   07   153.3958
2012   08   259.2635
2012   09   172.0753
2012   10   99.3848
2012   11   99.3802
2012   12   159.8472
2013   01   24.5883
2013   02   36.2042
2013   03   67.6189
2013   04   88.2522
2013   05   255.3817
2013   06   133.2508
2013   07   183.0460
2013   08   283.2765
2013   09   280.6910
2013   10   95.1396
2013   11   121.3380
2013   12   49.7214
2014   01   49.5730
2014   02   74.4913
2014   03   174.0424
2014   04   76.5635
2014   05   295.7729
2014   06   302.6629
2014   07   326.0615
2014   08   221.4044
2014   09   422.5968
2014   10   106.3801
2014   11   76.4901
2014   12   66.0433
2015   01   19.3174
2015   02   32.0156
2015   03   33.4273
2015   04   99.1964
2015   05   318.2218
2015   06   297.7816
2015   07   460.4414
2015   08   444.7610
2015   09   317.1092
2015   10   130.7446
2015   11   97.5759
2015   12   81.7147
2016   01   33.4844
2016   02   19.9307
2016   03   62.6039
2016   04   141.2221
2016   05   186.0168
2016   06   62.8262
2016   07   352.9552
2016   08   211.8830
2016   09   213.1871
2016   10   168.5503
2016   11   116.2785
2016   12   115.2268
2017   01   26.2620
2017   02   74.5413
2017   03   95.2386
2017   04   151.5057
2017   05   177.9070
2017   06   315.5884
2017   07   166.3260
2017   08   381.8531
2017   09   252.0050
2017   10   166.8614
2017   11   118.2563
2017   12   81.3274
2018   01   33.8004
2018   02   47.8313
2018   03   120.9928
2018   04   225.8953
2018   05   209.3763
2018   06   222.6490
2018   07   142.0145
2018   08   181.9087
2018   09   356.1484
2018   10   145.0556
2018   11   166.3996
2018   12   80.0726
2019   01   23.2535
2019   02   18.8727
2019   03   47.5724
2019   04   57.5257
2019   05   300.6505
2019   06   385.9179
2019   07   274.6048
2019   08   166.5016
2019   09   211.9337
2019   10   112.9373
2019   11   76.8172
2019   12   46.4134
2020   01   22.7128
2020   02   22.3565
2020   03   54.5179
2020   04   140.6465
2020   05   171.9325
2020   06   423.8839
2020   07   309.3545
2020   08   179.7613
2020   09   169.0347
2020   10   109.7829
2020   11   47.9001
2020   12   64.1062
2021   01   50.8065
2021   02   16.4923
2021   03   51.8913
2021   04   125.0762
2021   05   296.9284
2021   06   113.9003
2021   07   167.7565
2021   08   227.3278
2021   09   204.3190
2021   10   92.4084
2021   11   62.5842
2021   12   27.8307
2022   01   34.7520
2022   02   23.6291
2022   03   89.2305
2022   04   309.3382
2022   05   217.2447
2022   06   352.3838
2022   07   380.8238
2022   08   239.3121
2022   09   126.6627
2022   10   113.7458
2022   11   98.4158
2022   12   42.2166
2023   01   22.7593
2023   02   12.8753
2023   03   62.6293
2023   04   130.9116
2023   05   196.5002
2023   06   360.6775
2023   07   336.3754
2023   08   484.1823
2023   09   252.9527
2023   10   89.6740
2023   11   126.2108
2023   12   45.6868
2024   01   13.5796
2024   02   29.2632
2024   03   106.5005
2024   04   195.1531
2024   05   257.1739
2024   06   517.9749
2024   07   53.2839
2024   08   245.2537
2024   09   425.1581
2024   10   67.4930
2024   11   89.3528
2024   11   89.3528
2024   12   29.4344
2025   01   18.3551
2025   02   14.8387
2025   03   127.1130
2025   04   190.7590
2025   05   296.4637
2025   06   124.4053
