1991   01   23.4541
1991   02   18.1272
1991   03   37.4172
1991   04   124.9066
1991   05   513.9406
1991   06   128.4053
1991   07   356.0962
1991   08   193.8728
1991   09   353.6605
1991   10   169.6722
1991   11   108.7250
1991   12   187.2844
1992   01   26.6986
1992   02   35.1327
1992   03   56.1766
1992   04   163.1786
1992   05   834.6931
1992   06   382.3406
1992   07   168.3437
1992   08   281.8884
1992   09   402.1951
1992   10   164.8545
1992   11   133.3561
1992   12   96.5107
1993   01   17.5507
1993   02   29.1939
1993   03   47.3255
1993   04   129.3029
1993   05   530.0463
1993   06   454.9430
1993   07   317.9610
1993   08   355.2435
1993   09   224.9100
1993   10   170.6691
1993   11   108.7128
1993   12   49.4423
1994   01   16.0783
1994   02   36.8735
1994   03   26.2375
1994   04   210.4751
1994   05   155.2303
1994   06   281.9016
1994   07   363.8983
1994   08   119.7926
1994   09   471.6536
1994   10   195.8336
1994   11   95.3779
1994   12   71.3820
1995   01   16.6753
1995   02   18.4444
1995   03   34.1049
1995   04   192.0936
1995   05   148.1272
1995   06   324.4136
1995   07   392.5040
1995   08   331.7666
1995   09   113.7165
1995   10   141.7492
1995   11   56.1573
1995   12   37.6459
1996   01   15.3163
1996   02   31.0278
1996   03   36.6497
1996   04   108.6418
1996   05   189.7272
1996   06   233.0682
1996   07   62.2942
1996   08   354.8536
1996   09   128.0169
1996   10   118.7355
1996   11   99.4197
1996   12   51.5769
1997   01   25.4072
1997   02   55.6223
1997   03   25.2061
1997   04   231.8664
1997   05   289.5711
1997   06   393.2037
1997   07   319.2415
1997   08   231.8192
1997   09   340.5704
1997   10   318.6310
1997   11   160.1470
1997   12   60.8358
1998   01   17.5223
1998   02   32.0561
1998   03   42.7551
1998   04   136.9400
1998   05   311.0830
1998   06   47.9100
1998   07   122.8487
1998   08   224.1204
1998   09   221.5284
1998   10   56.0627
1998   11   95.0879
1998   12   38.0883
1999   01   24.8181
1999   02   56.1506
1999   03   56.6322
1999   04   90.0587
1999   05   381.2048
1999   06   331.2110
1999   07   199.0144
1999   08   377.8496
1999   09   672.1122
1999   10   121.5085
1999   11   65.9681
1999   12   44.3824
2000   01   15.3188
2000   02   176.3507
2000   03   42.7317
2000   04   120.0327
2000   05   339.7886
2000   06   680.5982
2000   07   192.9517
2000   08   363.7864
2000   09   757.1062
2000   10   184.6853
2000   11   91.3845
2000   12   43.9647
2001   01   52.9412
2001   02   29.5203
2001   03   73.4313
2001   04   78.0285
2001   05   907.9725
2001   06   236.0167
2001   07   640.1779
2001   08   376.4464
2001   09   217.5185
2001   10   96.6256
2001   11   124.4966
2001   12   29.1891
2002   01   19.8470
2002   02   61.0236
2002   03   156.5452
2002   04   107.6761
2002   05   452.5457
2002   06   324.5060
2002   07   254.0208
2002   08   542.7429
2002   09   428.2086
2002   10   316.4493
2002   11   113.6388
2002   12   60.6140
2003   01   22.6139
2003   02   13.4250
2003   03   34.8142
2003   04   53.0469
2003   05   198.5052
2003   06   412.4336
2003   07   248.4147
2003   08   144.1048
2003   09   333.3113
2003   10   118.7616
2003   11   148.4918
2003   12   50.9978
2004   01   18.0893
2004   02   53.1770
2004   03   94.5748
2004   04   203.6031
2004   05   170.5268
2004   06   377.2297
2004   07   254.4047
2004   08   318.6104
2004   09   325.4789
2004   10   192.3503
2004   11   165.8636
2004   12   79.5534
2005   01   15.6871
2005   02   18.1784
2005   03   79.5373
2005   04   65.4371
2005   05   663.8556
2005   06   537.3282
2005   07   247.5241
2005   08   646.8971
2005   09   168.6742
2005   10   115.9399
2005   11   152.4559
2005   12   89.5431
2006   01   35.1208
2006   02   25.2179
2006   03   44.8221
2006   04   102.3335
2006   05   276.2022
2006   06   404.7553
2006   07   648.6963
2006   08   333.1646
2006   09   296.4786
2006   10   234.8262
2006   11   63.5608
2006   12   109.1849
2007   01   26.5819
2007   02   94.7709
2007   03   62.6425
2007   04   121.3335
2007   05   183.8203
2007   06   263.9918
2007   07   301.6143
2007   08   262.6308
2007   09   234.5313
2007   10   111.5372
2007   11   77.3886
2007   12   95.8449
2008   01   17.5351
2008   02   45.9805
2008   03   42.9507
2008   04   84.3135
2008   05   577.6271
2008   06   143.8276
2008   07   245.8410
2008   08   344.7738
2008   09   277.9190
2008   10   103.5680
2008   11   86.7342
2008   12   52.5196
2009   01   23.9626
2009   02   28.8470
2009   03   27.2902
2009   04   54.6902
2009   05   423.4446
2009   06   253.4998
2009   07   153.7624
2009   08   405.7773
2009   09   231.6930
2009   10   170.6400
2009   11   122.6444
2009   12   35.4288
2010   01   23.4063
2010   02   80.5726
2010   03   39.5768
2010   04   38.2805
2010   05   206.1466
2010   06   302.4805
2010   07   284.4280
2010   08   204.6835
2010   09   135.0992
2010   10   133.6107
2010   11   87.4348
2010   12   62.7482
2011   01   32.7927
2011   02   34.3963
2011   03   71.7481
2011   04   173.8066
2011   05   211.6451
2011   06   227.3464
2011   07   201.0175
2011   08   279.8218
2011   09   277.6381
2011   10   117.8070
2011   11   91.8780
2011   12   52.9247
2012   01   31.1641
2012   02   40.4695
2012   03   31.1655
2012   04   41.8709
2012   05   436.2668
2012   06   282.3969
2012   07   100.1915
2012   08   210.8733
2012   09   176.6645
2012   10   129.0823
2012   11   101.7223
2012   12   124.5650
2013   01   20.6138
2013   02   18.6308
2013   03   45.1529
2013   04   43.0898
2013   05   284.2721
2013   06   113.4334
2013   07   237.2848
2013   08   218.8703
2013   09   307.9937
2013   10   94.7116
2013   11   87.9675
2013   12   26.3059
2014   01   23.0446
2014   02   72.7384
2014   03   98.7594
2014   04   70.8352
2014   05   291.3011
2014   06   256.4426
2014   07   228.9986
2014   08   170.8521
2014   09   430.0360
2014   10   77.3191
2014   11   69.6158
2014   12   54.5195
2015   01   13.9815
2015   02   37.0049
2015   03   36.8946
2015   04   52.7497
2015   05   198.1653
2015   06   240.7650
2015   07   374.3510
2015   08   472.4539
2015   09   338.2708
2015   10   151.9053
2015   11   120.4268
2015   12   59.8617
2016   01   21.1433
2016   02   19.4427
2016   03   38.3792
2016   04   119.4795
2016   05   252.6755
2016   06   62.1140
2016   07   221.6962
2016   08   183.2787
2016   09   168.2846
2016   10   183.1250
2016   11   115.9113
2016   12   108.3304
2017   01   14.0919
2017   02   60.3680
2017   03   39.9568
2017   04   106.4609
2017   05   180.5735
2017   06   286.3142
2017   07   134.9366
2017   08   351.1279
2017   09   271.1637
2017   10   166.1825
2017   11   118.3133
2017   12   39.6692
2018   01   25.2717
2018   02   30.3901
2018   03   56.7022
2018   04   96.0917
2018   05   261.9491
2018   06   243.4450
2018   07   134.7847
2018   08   156.5146
2018   09   540.2728
2018   10   158.1037
2018   11   159.8992
2018   12   42.9249
2019   01   22.5458
2019   02   31.3801
2019   03   25.2062
2019   04   38.9668
2019   05   293.7615
2019   06   378.8177
2019   07   179.9783
2019   08   142.3026
2019   09   215.2561
2019   10   131.3739
2019   11   55.0253
2019   12   19.0922
2020   01   13.4291
2020   02   11.4208
2020   03   28.2997
2020   04   84.2651
2020   05   159.3350
2020   06   392.9266
2020   07   264.6656
2020   08   204.5626
2020   09   139.4204
2020   10   76.9132
2020   11   41.8551
2020   12   32.8301
2021   01   59.9989
2021   02   13.8307
2021   03   21.5313
2021   04   82.0368
2021   05   285.6920
2021   06   97.8881
2021   07   138.9663
2021   08   226.2427
2021   09   287.8180
2021   10   78.3534
2021   11   40.7769
2021   12   20.9936
2022   01   11.1196
2022   02   14.2611
2022   03   28.4160
2022   04   268.0631
2022   05   171.1309
2022   06   221.1449
2022   07   238.2348
2022   08   259.3897
2022   09   117.0462
2022   10   84.6336
2022   11   86.9378
2022   12   21.2901
2023   01   17.1895
2023   02   7.4937
2023   03   19.3734
2023   04   151.1856
2023   05   178.6065
2023   06   297.3830
2023   07   204.0817
2023   08   659.9421
2023   09   328.2180
2023   10   92.8906
2023   11   110.3515
2023   12   19.7819
2024   01   9.4355
2024   02   12.3904
2024   03   43.3343
2024   04   121.2566
2024   05   283.9708
2024   06   366.6258
2024   07   67.9536
2024   08   268.5799
2024   09   353.7620
2024   10   104.9385
2024   11   52.5072
2024   11   52.5072
2024   12   18.9964
2025   01   10.0638
2025   02   8.2095
2025   03   79.2106
2025   04   83.5088
2025   05   273.4026
2025   06   145.3287
