1991   01   3.8001
1991   02   3.4968
1991   03   3.4600
1991   04   1.0457
1991   05   5.8882
1991   06   12.8611
1991   07   3.0564
1991   08   2.2310
1991   09   0.5091
1991   10   0.0447
1991   11   0.6715
1991   12   2.8474
1992   01   3.8001
1992   02   3.5325
1992   03   4.3984
1992   04   1.5638
1992   05   5.3114
1992   06   16.5725
1992   07   2.0261
1992   08   2.3926
1992   09   0.5417
1992   10   0.0452
1992   11   0.6621
1992   12   3.7976
1993   01   5.1129
1993   02   3.6628
1993   03   3.9488
1993   04   1.2828
1993   05   4.8185
1993   06   9.0732
1993   07   1.7189
1993   08   2.1569
1993   09   0.4594
1993   10   0.0439
1993   11   0.6659
1993   12   2.8377
1994   01   3.7308
1994   02   3.4885
1994   03   3.9436
1994   04   1.4582
1994   05   6.1861
1994   06   11.3581
1994   07   1.4275
1994   08   1.5176
1994   09   0.5470
1994   10   0.0451
1994   11   0.6679
1994   12   3.3679
1995   01   3.8001
1995   02   3.4968
1995   03   3.4477
1995   04   1.6785
1995   05   4.6176
1995   06   9.1675
1995   07   1.8793
1995   08   1.8265
1995   09   0.4306
1995   10   0.0451
1995   11   0.6712
1995   12   3.3679
1996   01   3.8001
1996   02   3.5325
1996   03   3.4457
1996   04   0.9471
1996   05   4.3375
1996   06   10.4200
1996   07   2.1017
1996   08   1.5212
1996   09   0.4547
1996   10   0.0456
1996   11   0.7641
1996   12   2.8474
1997   01   3.8001
1997   02   3.4968
1997   03   3.4476
1997   04   0.9456
1997   05   8.9212
1997   06   15.8294
1997   07   1.8057
1997   08   5.0055
1997   09   0.4301
1997   10   0.0521
1997   11   0.6712
1997   12   2.8474
1998   01   3.8001
1998   02   3.4968
1998   03   3.4543
1998   04   2.8001
1998   05   7.2176
1998   06   14.6644
1998   07   1.5096
1998   08   1.6999
1998   09   0.4370
1998   10   0.0451
1998   11   0.6712
1998   12   2.8474
1999   01   3.8001
1999   02   3.4968
1999   03   3.4477
1999   04   1.5063
1999   05   4.8375
1999   06   9.4720
1999   07   1.5156
1999   08   1.6834
1999   09   0.4693
1999   10   0.0474
1999   11   0.6712
1999   12   2.8474
2000   01   3.8001
2000   02   3.5325
2000   03   3.4477
2000   04   0.9592
2000   05   5.4251
2000   06   10.3660
2000   07   1.8242
2000   08   1.3614
2000   09   0.3471
2000   10   0.0400
2000   11   0.4826
2000   12   2.0088
2001   01   2.4384
2001   02   3.3954
2001   03   3.8798
2001   04   0.9590
2001   05   4.9433
2001   06   7.8578
2001   07   1.9377
2001   08   1.8826
2001   09   0.3471
2001   10   0.0384
2001   11   0.4826
2001   12   2.2678
2002   01   2.4384
2002   02   3.3897
2002   03   3.4476
2002   04   1.5280
2002   05   7.5733
2002   06   8.1228
2002   07   2.7699
2002   08   2.2007
2002   09   0.3470
2002   10   0.0384
2002   11   0.4826
2002   12   2.0088
2003   01   2.4384
2003   02   3.3897
2003   03   3.4477
2003   04   0.9579
2003   05   9.0311
2003   06   6.9787
2003   07   2.0769
2003   08   1.5242
2003   09   0.3471
2003   10   0.0393
2003   11   0.5482
2003   12   2.0088
2004   01   2.4384
2004   02   3.5325
2004   03   3.4177
2004   04   1.0863
2004   05   4.0645
2004   06   5.8760
2004   07   2.3473
2004   08   2.4686
2004   09   0.4237
2004   10   0.0392
2004   11   0.4826
2004   12   2.1427
2005   01   2.4384
2005   02   3.4947
2005   03   3.4477
2005   04   1.7072
2005   05   5.5236
2005   06   7.8741
2005   07   3.0622
2005   08   1.6042
2005   09   0.4237
2005   10   0.0388
2005   11   0.4828
2005   12   2.5312
2006   01   5.5235
2006   02   3.3897
2006   03   3.4600
2006   04   1.2014
2006   05   4.4088
2006   06   6.4686
2006   07   1.9269
2006   08   2.7176
2006   09   0.4589
2006   10   0.0387
2006   11   0.4582
2006   12   2.3382
2007   01   4.7560
2007   02   3.3897
2007   03   3.4600
2007   04   1.5793
2007   05   4.4759
2007   06   18.5933
2007   07   3.1372
2007   08   2.2625
2007   09   0.4237
2007   10   0.0388
2007   11   0.4828
2007   12   2.2287
2008   01   3.8512
2008   02   3.5318
2008   03   3.4509
2008   04   1.0313
2008   05   3.8028
2008   06   7.7764
2008   07   1.5953
2008   08   0.9946
2008   09   0.3568
2008   10   0.0389
2008   11   0.5079
2008   12   1.9670
2009   01   2.4203
2009   02   3.3890
2009   03   3.4509
2009   04   1.0457
2009   05   2.8048
2009   06   6.3572
2009   07   2.2007
2009   08   1.1187
2009   09   0.4454
2009   10   0.0377
2009   11   0.4581
2009   12   1.9173
2010   01   2.4203
2010   02   3.3897
2010   03   3.4509
2010   04   1.2516
2010   05   3.8670
2010   06   6.4739
2010   07   2.0261
2010   08   1.0621
2010   09   0.3603
2010   10   0.0379
2010   11   0.4581
2010   12   1.9173
2011   01   2.4203
2011   02   3.3891
2011   03   3.4509
2011   04   0.9806
2011   05   4.5554
2011   06   7.0624
2011   07   2.8159
2011   08   1.3837
2011   09   0.3718
2011   10   0.0380
2011   11   0.4737
2011   12   2.0229
2012   01   2.8215
2012   02   3.5318
2012   03   3.4509
2012   04   2.0457
2012   05   7.2587
2012   06   6.5476
2012   07   1.4593
2012   08   1.3224
2012   09   0.5076
2012   10   0.0379
2012   11   0.4579
2012   12   3.5015
2013   01   7.7341
2013   02   3.7442
2013   03   4.7710
2013   04   1.2670
2013   05   4.9526
2013   06   6.1038
2013   07   1.4572
2013   08   1.8758
2013   09   0.4561
2013   10   0.0701
2013   11   0.5828
2013   12   5.5643
2014   01   6.1647
2014   02   3.7434
2014   03   4.7710
2014   04   1.2975
2014   05   4.5118
2014   06   5.5671
2014   07   1.3688
2014   08   1.1758
2014   09   0.5268
2014   10   0.0606
2014   11   0.5770
2014   12   4.2429
2015   01   8.1893
2015   02   3.7434
2015   03   5.9521
2015   04   1.2669
2015   05   4.9153
2015   06   8.9364
2015   07   4.4085
2015   08   2.2965
2015   09   0.4082
2015   10   0.0631
2015   11   0.7139
2015   12   4.8119
2016   01   5.2733
2016   02   3.9149
2016   03   4.7710
2016   04   1.9556
2016   05   8.4518
2016   06   15.3225
2016   07   4.4165
2016   08   1.8756
2016   09   0.4977
2016   10   0.0619
2016   11   0.6749
2016   12   4.2429
2017   01   8.2226
2017   02   3.7434
2017   03   4.8106
2017   04   1.2689
2017   05   5.6697
2017   06   11.7237
2017   07   2.3592
2017   08   2.5645
2017   09   0.4073
2017   10   0.0612
2017   11   0.5768
2017   12   4.7591
2018   01   5.2733
2018   02   3.7849
2018   03   4.7541
2018   04   2.4835
2018   05   2.6360
2018   06   8.6183
2018   07   2.5963
2018   08   1.8719
2018   09   0.4977
2018   10   0.0687
2018   11   0.6102
2018   12   4.4641
2019   01   5.2733
2019   02   3.8188
2019   03   4.7369
2019   04   1.2682
2019   05   9.8519
2019   06   10.3897
2019   07   4.4001
2019   08   1.8771
2019   09   0.4977
2019   10   0.0628
2019   11   0.6102
2019   12   5.4158
2020   01   5.7097
2020   02   3.9141
2020   03   5.4751
2020   04   1.3057
2020   05   2.5710
2020   06   12.1085
2020   07   2.2487
2020   08   1.8713
2020   09   0.4977
2020   10   0.0618
2020   11   0.5774
2020   12   4.2429
2021   01   5.3101
2021   02   3.7442
2021   03   4.7541
2021   04   1.3203
2021   05   2.5736
2021   06   8.8057
2021   07   1.3524
2021   08   1.1515
2021   09   0.4102
2021   10   0.0602
2021   11   0.5769
2021   12   4.3250
2022   01   6.8121
2022   02   3.7434
2022   03   5.4413
2022   04   1.2977
2022   05   2.8693
2022   06   8.7092
2022   07   2.4642
2022   08   1.8715
2022   09   0.4372
2022   10   0.0603
2022   11   0.7810
2022   12   4.2429
2023   01   5.3136
2023   02   3.8070
2023   03   4.7541
2023   04   1.3112
2023   05   3.2597
2023   06   9.5885
2023   07   2.4732
2023   08   1.8712
2023   09   0.3332
2023   10   0.0600
2023   11   0.5388
2023   12   3.5798
2024   01   5.2123
2024   02   4.0269
2024   03   4.4089
2024   04   1.6788
2024   05   4.8110
2024   06   6.2532
2024   07   1.5822
2024   08   1.3035
2024   09   0.3549
2024   10   0.0654
2024   11   0.5973
2024   11   0.5973
2024   12   3.9867
2025   01   5.3931
2025   02   3.8407
2025   03   4.7306
2025   04   1.2369
2025   05   2.9681
2025   06   7.0908
