1991   01   16.2571
1991   02   8.8572
1991   03   22.4202
1991   04   154.0325
1991   05   316.3665
1991   06   192.4978
1991   07   262.8983
1991   08   128.6617
1991   09   84.9371
1991   10   68.4708
1991   11   44.4306
1991   12   76.2320
1992   01   8.5494
1992   02   19.9905
1992   03   65.0645
1992   04   64.9563
1992   05   392.5274
1992   06   410.7507
1992   07   125.7484
1992   08   232.7098
1992   09   117.2906
1992   10   91.5922
1992   11   26.7235
1992   12   41.5616
1993   01   17.6008
1993   02   13.2323
1993   03   45.4068
1993   04   126.9750
1993   05   390.0859
1993   06   262.3516
1993   07   294.8673
1993   08   176.0896
1993   09   44.1144
1993   10   54.1630
1993   11   30.9244
1993   12   18.0293
1994   01   11.1785
1994   02   9.5842
1994   03   15.0981
1994   04   125.0231
1994   05   163.0929
1994   06   430.3640
1994   07   254.3418
1994   08   69.4711
1994   09   119.9220
1994   10   70.1147
1994   11   43.9353
1994   12   23.9760
1995   01   16.3731
1995   02   6.5945
1995   03   18.9553
1995   04   153.4367
1995   05   99.7609
1995   06   259.8165
1995   07   286.7956
1995   08   255.8687
1995   09   42.3795
1995   10   61.4995
1995   11   17.3231
1995   12   8.0289
1996   01   10.5717
1996   02   18.0925
1996   03   23.9456
1996   04   68.3943
1996   05   80.9588
1996   06   165.7609
1996   07   100.3108
1996   08   285.3088
1996   09   33.6544
1996   10   75.1172
1996   11   27.9303
1996   12   13.6940
1997   01   12.9591
1997   02   28.2099
1997   03   10.7743
1997   04   211.4604
1997   05   251.1005
1997   06   448.8597
1997   07   255.4245
1997   08   195.8221
1997   09   111.0344
1997   10   115.1174
1997   11   43.2976
1997   12   16.0488
1998   01   9.2372
1998   02   11.4663
1998   03   18.2815
1998   04   49.9905
1998   05   146.2117
1998   06   139.6318
1998   07   130.8511
1998   08   141.5379
1998   09   77.6196
1998   10   15.3807
1998   11   27.2156
1998   12   10.9729
1999   01   15.4934
1999   02   20.9366
1999   03   27.6337
1999   04   38.8532
1999   05   304.4352
1999   06   270.7567
1999   07   153.8072
1999   08   276.0511
1999   09   186.8380
1999   10   30.5003
1999   11   16.5458
1999   12   11.6310
2000   01   10.0636
2000   02   55.7793
2000   03   24.2927
2000   04   75.3710
2000   05   160.1928
2000   06   633.6891
2000   07   150.2482
2000   08   223.2648
2000   09   157.4955
2000   10   48.7424
2000   11   35.0413
2000   12   15.8543
2001   01   45.5005
2001   02   24.3789
2001   03   31.5112
2001   04   55.3389
2001   05   367.8150
2001   06   204.1742
2001   07   480.1833
2001   08   216.4145
2001   09   50.0796
2001   10   40.2154
2001   11   50.0683
2001   12   8.9490
2002   01   12.1104
2002   02   31.0618
2002   03   76.7085
2002   04   86.3999
2002   05   231.3300
2002   06   157.3994
2002   07   141.2591
2002   08   303.2753
2002   09   98.2764
2002   10   181.2168
2002   11   74.8174
2002   12   27.3583
2003   01   14.0237
2003   02   7.3154
2003   03   21.3121
2003   04   34.9843
2003   05   122.0197
2003   06   460.7016
2003   07   170.8385
2003   08   145.7389
2003   09   125.2258
2003   10   70.9493
2003   11   63.0724
2003   12   17.3659
2004   01   10.0012
2004   02   16.9300
2004   03   54.0982
2004   04   118.8360
2004   05   67.2151
2004   06   302.8142
2004   07   221.2951
2004   08   219.2272
2004   09   95.1521
2004   10   109.4566
2004   11   72.2184
2004   12   26.0607
2005   01   12.2653
2005   02   7.8004
2005   03   52.3034
2005   04   36.0415
2005   05   411.2953
2005   06   417.9413
2005   07   163.5432
2005   08   370.1031
2005   09   96.5384
2005   10   54.7616
2005   11   79.8401
2005   12   32.7823
2006   01   30.3627
2006   02   12.2298
2006   03   24.0722
2006   04   98.9386
2006   05   111.1951
2006   06   446.3220
2006   07   350.6534
2006   08   254.6636
2006   09   98.7426
2006   10   104.7712
2006   11   17.3138
2006   12   40.8322
2007   01   19.9364
2007   02   29.6761
2007   03   29.3212
2007   04   104.7632
2007   05   74.5081
2007   06   157.5660
2007   07   187.2425
2007   08   167.8678
2007   09   61.1311
2007   10   67.5465
2007   11   24.3251
2007   12   22.2064
2008   01   11.4485
2008   02   7.8574
2008   03   18.8398
2008   04   61.9504
2008   05   278.6407
2008   06   115.4202
2008   07   223.2561
2008   08   217.3817
2008   09   66.4116
2008   10   34.0681
2008   11   27.2670
2008   12   13.7766
2009   01   14.1589
2009   02   21.4445
2009   03   15.3219
2009   04   33.5654
2009   05   208.0465
2009   06   252.6840
2009   07   168.7814
2009   08   366.5220
2009   09   63.0566
2009   10   85.6064
2009   11   55.5263
2009   12   13.6933
2010   01   16.7656
2010   02   31.7826
2010   03   20.1386
2010   04   17.3617
2010   05   81.6488
2010   06   233.0113
2010   07   183.5565
2010   08   178.3966
2010   09   25.7083
2010   10   53.9478
2010   11   32.8498
2010   12   18.0834
2011   01   22.0733
2011   02   12.4186
2011   03   38.6839
2011   04   109.1374
2011   05   153.6610
2011   06   195.7412
2011   07   116.0636
2011   08   236.9751
2011   09   96.5726
2011   10   37.3775
2011   11   54.1405
2011   12   9.1144
2012   01   15.3137
2012   02   38.6430
2012   03   22.9132
2012   04   28.8135
2012   05   205.8394
2012   06   264.7108
2012   07   81.5744
2012   08   184.0009
2012   09   41.2125
2012   10   70.6789
2012   11   50.6321
2012   12   41.0795
2013   01   15.2066
2013   02   14.5036
2013   03   14.5920
2013   04   20.9375
2013   05   147.0592
2013   06   102.3048
2013   07   88.2018
2013   08   193.6804
2013   09   93.9292
2013   10   43.0858
2013   11   42.5925
2013   12   7.8659
2014   01   20.1829
2014   02   9.6315
2014   03   72.3264
2014   04   39.8758
2014   05   171.3645
2014   06   261.8263
2014   07   225.7818
2014   08   134.3077
2014   09   80.2232
2014   10   27.0441
2014   11   21.4116
2014   12   16.8768
2015   01   9.5850
2015   02   12.3639
2015   03   13.3981
2015   04   55.9754
2015   05   175.7374
2015   06   162.5382
2015   07   264.0295
2015   08   281.3081
2015   09   88.8271
2015   10   77.1180
2015   11   23.4136
2015   12   18.5977
2016   01   20.0409
2016   02   6.2527
2016   03   24.3898
2016   04   82.9238
2016   05   130.2731
2016   06   40.7739
2016   07   255.2748
2016   08   111.2827
2016   09   56.3310
2016   10   69.0258
2016   11   24.0485
2016   12   24.6788
2017   01   15.5177
2017   02   11.7066
2017   03   29.8852
2017   04   70.5436
2017   05   97.2340
2017   06   203.4650
2017   07   80.6801
2017   08   281.9519
2017   09   80.0925
2017   10   63.4273
2017   11   29.8838
2017   12   12.5868
2018   01   14.9063
2018   02   7.9141
2018   03   53.4835
2018   04   101.9585
2018   05   125.3111
2018   06   108.5919
2018   07   97.2511
2018   08   119.2036
2018   09   106.1405
2018   10   71.6275
2018   11   39.0811
2018   12   12.6954
2019   01   13.8884
2019   02   9.8879
2019   03   18.5956
2019   04   28.3880
2019   05   127.1974
2019   06   315.9660
2019   07   141.8913
2019   08   82.1509
2019   09   61.1506
2019   10   52.9064
2019   11   12.7305
2019   12   10.5261
2020   01   14.9789
2020   02   6.9370
2020   03   29.7987
2020   04   88.1507
2020   05   68.8590
2020   06   265.7139
2020   07   159.4626
2020   08   126.5689
2020   09   46.5566
2020   10   37.5218
2020   11   6.8897
2020   12   12.5351
2021   01   42.3231
2021   02   4.1671
2021   03   12.7750
2021   04   89.4869
2021   05   155.9520
2021   06   141.2810
2021   07   99.7709
2021   08   143.4772
2021   09   64.7993
2021   10   27.5667
2021   11   9.6811
2021   12   5.1510
2022   01   20.9806
2022   02   6.0776
2022   03   25.5717
2022   04   170.1460
2022   05   89.5862
2022   06   220.4465
2022   07   196.4181
2022   08   121.2070
2022   09   21.0539
2022   10   49.4323
2022   11   20.1534
2022   12   9.0554
2023   01   9.3328
2023   02   4.0543
2023   03   18.9133
2023   04   95.1867
2023   05   76.3184
2023   06   201.8911
2023   07   192.6865
2023   08   292.9562
2023   09   56.7473
2023   10   27.9417
2023   11   36.3950
2023   12   8.1449
2024   01   6.0335
2024   02   3.8719
2024   03   39.4671
2024   04   90.0440
2024   05   116.2660
2024   06   449.0091
2024   07   50.1132
2024   08   161.5715
2024   09   91.1836
2024   10   29.6122
2024   11   27.1243
2024   11   27.1243
2024   12   6.8237
2025   01   8.0677
2025   02   4.3430
2025   03   56.3263
2025   04   95.1411
2025   05   70.5883
2025   06   210.8016
