1991   01   67.5898
1991   02   41.7009
1991   03   61.9647
1991   04   83.2437
1991   05   255.2141
1991   06   181.0262
1991   07   255.7806
1991   08   102.8533
1991   09   156.6298
1991   10   138.7600
1991   11   103.8842
1991   12   114.5739
1992   01   35.5451
1992   02   96.9001
1992   03   134.1987
1992   04   127.5187
1992   05   242.2993
1992   06   183.1207
1992   07   97.7259
1992   08   85.0186
1992   09   126.0341
1992   10   189.2176
1992   11   56.5679
1992   12   96.3701
1993   01   39.1728
1993   02   46.0846
1993   03   345.2899
1993   04   231.8389
1993   05   335.9845
1993   06   314.1294
1993   07   224.6138
1993   08   98.9689
1993   09   97.4829
1993   10   154.4061
1993   11   153.5981
1993   12   55.3263
1994   01   49.0864
1994   02   66.8468
1994   03   120.5936
1994   04   220.2061
1994   05   367.2234
1994   06   430.8689
1994   07   246.2188
1994   08   300.4121
1994   09   288.7751
1994   10   132.7881
1994   11   148.9539
1994   12   171.6124
1995   01   65.4782
1995   02   38.6593
1995   03   58.5723
1995   04   124.0386
1995   05   236.3401
1995   06   328.4269
1995   07   268.4400
1995   08   225.2360
1995   09   129.6584
1995   10   140.9339
1995   11   71.2292
1995   12   51.5914
1996   01   42.9298
1996   02   69.5039
1996   03   117.7982
1996   04   176.9237
1996   05   193.8641
1996   06   164.8555
1996   07   68.9111
1996   08   234.8739
1996   09   70.5955
1996   10   70.6261
1996   11   75.9621
1996   12   123.7807
1997   01   112.5070
1997   02   61.0805
1997   03   40.4770
1997   04   157.3300
1997   05   201.3796
1997   06   369.3846
1997   07   360.9151
1997   08   243.0483
1997   09   113.2568
1997   10   126.0570
1997   11   144.6862
1997   12   65.1850
1998   01   36.0910
1998   02   32.6817
1998   03   113.9047
1998   04   120.2188
1998   05   233.2715
1998   06   224.6902
1998   07   226.7934
1998   08   127.9026
1998   09   101.1313
1998   10   43.8488
1998   11   63.8532
1998   12   54.7203
1999   01   56.3253
1999   02   49.4494
1999   03   174.9248
1999   04   52.9771
1999   05   162.8699
1999   06   331.2617
1999   07   283.5535
1999   08   273.1079
1999   09   112.4539
1999   10   56.2684
1999   11   90.0175
1999   12   50.8113
2000   01   71.3858
2000   02   99.7190
2000   03   85.9048
2000   04   146.5948
2000   05   144.6932
2000   06   515.1755
2000   07   308.0320
2000   08   141.3498
2000   09   128.0525
2000   10   221.8810
2000   11   130.8228
2000   12   112.5409
2001   01   274.1267
2001   02   51.8821
2001   03   113.1912
2001   04   79.1363
2001   05   319.9055
2001   06   306.8895
2001   07   378.8039
2001   08   198.5979
2001   09   91.2804
2001   10   77.8885
2001   11   82.2020
2001   12   62.3680
2002   01   90.6937
2002   02   118.8024
2002   03   151.1963
2002   04   186.2083
2002   05   380.9520
2002   06   154.1855
2002   07   202.8163
2002   08   256.4222
2002   09   206.5660
2002   10   320.1200
2002   11   224.1709
2002   12   115.9810
2003   01   72.7542
2003   02   41.7975
2003   03   50.2356
2003   04   92.6670
2003   05   74.7927
2003   06   357.6687
2003   07   165.6470
2003   08   227.8034
2003   09   227.3483
2003   10   170.7933
2003   11   125.4258
2003   12   137.2670
2004   01   35.3512
2004   02   46.8486
2004   03   119.0066
2004   04   311.0418
2004   05   67.9274
2004   06   471.1154
2004   07   216.4374
2004   08   303.4147
2004   09   114.9558
2004   10   125.5479
2004   11   188.6765
2004   12   165.3392
2005   01   59.0002
2005   02   73.7364
2005   03   266.0756
2005   04   172.8701
2005   05   425.2205
2005   06   352.8072
2005   07   272.5338
2005   08   341.8315
2005   09   65.6561
2005   10   83.5163
2005   11   125.3815
2005   12   71.9721
2006   01   203.1890
2006   02   102.2092
2006   03   161.3919
2006   04   194.1684
2006   05   168.1103
2006   06   401.8563
2006   07   335.6655
2006   08   220.3732
2006   09   132.5410
2006   10   150.4726
2006   11   55.7021
2006   12   316.3395
2007   01   64.7696
2007   02   73.4452
2007   03   65.1542
2007   04   182.7932
2007   05   52.9157
2007   06   155.2062
2007   07   163.9028
2007   08   172.4308
2007   09   137.2639
2007   10   125.6311
2007   11   76.6758
2007   12   49.3184
2008   01   63.2849
2008   02   43.7602
2008   03   40.5536
2008   04   190.3986
2008   05   349.8055
2008   06   254.7520
2008   07   380.9515
2008   08   211.2637
2008   09   27.6685
2008   10   66.8876
2008   11   90.6342
2008   12   74.8892
2009   01   56.9817
2009   02   79.8004
2009   03   118.0094
2009   04   199.8410
2009   05   411.8557
2009   06   195.8544
2009   07   117.1298
2009   08   397.2637
2009   09   63.3012
2009   10   203.5149
2009   11   107.4215
2009   12   158.2917
2010   01   62.5613
2010   02   99.3706
2010   03   101.0408
2010   04   70.5166
2010   05   127.1463
2010   06   346.8292
2010   07   221.0826
2010   08   253.4560
2010   09   115.5916
2010   10   81.9128
2010   11   114.2178
2010   12   83.5906
2011   01   99.8832
2011   02   38.7106
2011   03   131.7584
2011   04   208.6197
2011   05   167.1024
2011   06   221.2219
2011   07   327.3044
2011   08   233.5752
2011   09   214.7286
2011   10   59.1664
2011   11   87.8608
2011   12   41.7758
2012   01   140.2751
2012   02   175.2589
2012   03   55.4117
2012   04   57.0041
2012   05   369.3451
2012   06   320.5801
2012   07   154.1507
2012   08   268.1057
2012   09   69.5163
2012   10   45.5340
2012   11   66.8139
2012   12   239.3884
2013   01   44.6617
2013   02   76.1946
2013   03   111.3214
2013   04   177.1120
2013   05   234.6848
2013   06   281.4459
2013   07   263.9752
2013   08   297.7819
2013   09   152.5821
2013   10   72.8181
2013   11   60.2153
2013   12   38.2539
2014   01   102.3901
2014   02   36.4388
2014   03   63.3830
2014   04   147.3233
2014   05   281.3125
2014   06   248.1169
2014   07   262.3680
2014   08   258.8178
2014   09   77.1238
2014   10   101.7119
2014   11   93.7654
2014   12   33.7728
2015   01   19.2090
2015   02   30.1215
2015   03   52.0497
2015   04   123.2507
2015   05   412.7185
2015   06   223.5830
2015   07   316.9897
2015   08   335.1664
2015   09   89.9481
2015   10   66.1754
2015   11   70.5402
2015   12   35.1863
2016   01   22.6157
2016   02   55.5147
2016   03   72.3551
2016   04   129.2794
2016   05   76.0729
2016   06   43.6242
2016   07   182.9728
2016   08   291.1542
2016   09   120.5703
2016   10   88.2506
2016   11   101.4967
2016   12   85.9521
2017   01   84.5553
2017   02   141.2493
2017   03   95.7670
2017   04   109.6153
2017   05   277.0237
2017   06   250.5378
2017   07   326.1517
2017   08   450.3459
2017   09   82.1927
2017   10   212.4465
2017   11   62.8047
2017   12   61.2662
2018   01   71.2111
2018   02   61.1569
2018   03   111.9808
2018   04   173.5258
2018   05   182.3094
2018   06   156.9613
2018   07   174.1714
2018   08   267.3608
2018   09   220.0221
2018   10   110.8026
2018   11   237.1469
2018   12   50.5341
2019   01   28.0968
2019   02   45.3614
2019   03   69.3219
2019   04   141.0969
2019   05   163.8750
2019   06   226.5504
2019   07   224.7118
2019   08   160.2481
2019   09   45.5154
2019   10   85.0043
2019   11   234.3067
2019   12   98.3827
2020   01   44.6220
2020   02   58.6134
2020   03   98.2893
2020   04   176.2386
2020   05   304.4106
2020   06   299.3549
2020   07   254.3019
2020   08   143.2484
2020   09   77.9427
2020   10   48.1564
2020   11   140.7304
2020   12   50.3364
2021   01   58.8013
2021   02   22.1338
2021   03   44.2840
2021   04   157.8135
2021   05   98.3868
2021   06   249.3665
2021   07   166.6447
2021   08   249.6937
2021   09   90.2186
2021   10   80.1775
2021   11   138.9834
2021   12   35.1382
2022   01   71.5389
2022   02   53.8886
2022   03   108.2444
2022   04   196.8545
2022   05   131.4272
2022   06   196.9418
2022   07   383.8041
2022   08   109.0653
2022   09   124.4335
2022   10   88.6158
2022   11   104.3941
2022   12   77.2401
2023   01   39.8618
2023   02   49.4968
2023   03   188.1090
2023   04   160.6960
2023   05   170.6894
2023   06   283.5884
2023   07   348.9347
2023   08   285.8360
2023   09   151.5854
2023   10   54.9643
2023   11   131.1301
2023   12   61.7364
2024   01   34.6403
2024   02   42.7130
2024   03   264.9083
2024   04   134.9898
2024   05   132.2588
2024   06   223.6214
2024   07   143.0487
2024   08   169.7718
2024   09   279.6280
2024   10   18.4478
2024   11   428.1785
2024   11   428.1785
2024   12   59.9191
2025   01   42.1330
2025   02   32.7405
2025   03   143.7278
2025   04   148.4747
2025   05   288.5159
2025   06   225.7759
