1991   01   85.4361
1991   02   58.2017
1991   03   99.4776
1991   04   122.8831
1991   05   294.2840
1991   06   140.2966
1991   07   301.8419
1991   08   206.3076
1991   09   196.6113
1991   10   183.1906
1991   11   107.7838
1991   12   329.1986
1992   01   62.7181
1992   02   82.1355
1992   03   164.7372
1992   04   197.2507
1992   05   264.2139
1992   06   243.1015
1992   07   109.6208
1992   08   119.9659
1992   09   178.5376
1992   10   311.1137
1992   11   89.7225
1992   12   214.3739
1993   01   108.5181
1993   02   44.1385
1993   03   527.3287
1993   04   238.1908
1993   05   357.9056
1993   06   395.5319
1993   07   300.3472
1993   08   176.1149
1993   09   73.5007
1993   10   159.3585
1993   11   132.9337
1993   12   119.1236
1994   01   81.0542
1994   02   62.2236
1994   03   145.7913
1994   04   250.5730
1994   05   441.0719
1994   06   404.9637
1994   07   252.4097
1994   08   251.4527
1994   09   282.2628
1994   10   211.0912
1994   11   124.1240
1994   12   207.2692
1995   01   114.7376
1995   02   53.8976
1995   03   82.3312
1995   04   150.1653
1995   05   185.7601
1995   06   406.3784
1995   07   311.0963
1995   08   316.0994
1995   09   152.3590
1995   10   128.7477
1995   11   64.4241
1995   12   80.2842
1996   01   87.5883
1996   02   90.1868
1996   03   225.6588
1996   04   180.6375
1996   05   261.5355
1996   06   173.9986
1996   07   109.8888
1996   08   388.1665
1996   09   66.7516
1996   10   114.3575
1996   11   92.7580
1996   12   142.9850
1997   01   157.0958
1997   02   129.0535
1997   03   83.5449
1997   04   417.7417
1997   05   166.2150
1997   06   342.2774
1997   07   463.5422
1997   08   281.1732
1997   09   104.2289
1997   10   202.6469
1997   11   149.1806
1997   12   108.3820
1998   01   59.6750
1998   02   63.2460
1998   03   98.0005
1998   04   133.0226
1998   05   227.0466
1998   06   158.7723
1998   07   197.2325
1998   08   245.7765
1998   09   93.0552
1998   10   49.8814
1998   11   67.3813
1998   12   100.7973
1999   01   63.1916
1999   02   54.9931
1999   03   129.9566
1999   04   100.3414
1999   05   128.9661
1999   06   273.4777
1999   07   287.6331
1999   08   284.4980
1999   09   171.4249
1999   10   43.2863
1999   11   146.2612
1999   12   116.0397
2000   01   88.1192
2000   02   182.4773
2000   03   134.3389
2000   04   145.2206
2000   05   116.1180
2000   06   506.1701
2000   07   399.5511
2000   08   192.1329
2000   09   159.7582
2000   10   274.8920
2000   11   127.3834
2000   12   158.9127
2001   01   339.6471
2001   02   69.0248
2001   03   195.9045
2001   04   109.9144
2001   05   500.5053
2001   06   300.2289
2001   07   418.4128
2001   08   203.7373
2001   09   79.4980
2001   10   95.8577
2001   11   96.3300
2001   12   57.6815
2002   01   92.0332
2002   02   148.2883
2002   03   310.6765
2002   04   184.7017
2002   05   563.9141
2002   06   211.0766
2002   07   144.5243
2002   08   305.6442
2002   09   209.5017
2002   10   444.2301
2002   11   237.8487
2002   12   198.0928
2003   01   122.5195
2003   02   48.6174
2003   03   136.2112
2003   04   140.9400
2003   05   105.2764
2003   06   370.8312
2003   07   173.5371
2003   08   206.6955
2003   09   210.1794
2003   10   151.4125
2003   11   151.0255
2003   12   205.1010
2004   01   60.6169
2004   02   75.5010
2004   03   113.0237
2004   04   408.7659
2004   05   77.7270
2004   06   498.9412
2004   07   217.1147
2004   08   319.4774
2004   09   161.7398
2004   10   160.6761
2004   11   193.4076
2004   12   160.6804
2005   01   82.8254
2005   02   122.6451
2005   03   296.7690
2005   04   168.7006
2005   05   728.8712
2005   06   305.4491
2005   07   230.2771
2005   08   311.5890
2005   09   102.7798
2005   10   129.4091
2005   11   252.5908
2005   12   104.0651
2006   01   343.6221
2006   02   110.4761
2006   03   199.4283
2006   04   232.9789
2006   05   212.7453
2006   06   357.8403
2006   07   479.5656
2006   08   257.5898
2006   09   131.4087
2006   10   191.0702
2006   11   74.5381
2006   12   336.0777
2007   01   81.3089
2007   02   100.2184
2007   03   145.4852
2007   04   234.5226
2007   05   53.1489
2007   06   241.2759
2007   07   192.5238
2007   08   189.3094
2007   09   180.5190
2007   10   193.2905
2007   11   94.2268
2007   12   79.0159
2008   01   105.1519
2008   02   57.3482
2008   03   73.5883
2008   04   198.7796
2008   05   501.6181
2008   06   243.3063
2008   07   373.6501
2008   08   431.4989
2008   09   34.0223
2008   10   86.9315
2008   11   111.6891
2008   12   99.7023
2009   01   46.7642
2009   02   88.8168
2009   03   103.4954
2009   04   272.0220
2009   05   569.4160
2009   06   158.3767
2009   07   78.0789
2009   08   517.6788
2009   09   80.9469
2009   10   313.4507
2009   11   162.9361
2009   12   229.7522
2010   01   93.7414
2010   02   148.0490
2010   03   188.4868
2010   04   164.3371
2010   05   149.2619
2010   06   311.1196
2010   07   239.7181
2010   08   404.0500
2010   09   85.3615
2010   10   88.5245
2010   11   111.3657
2010   12   163.6174
2011   01   153.1806
2011   02   49.0588
2011   03   223.3398
2011   04   240.6103
2011   05   171.4925
2011   06   194.3933
2011   07   439.9015
2011   08   293.6231
2011   09   273.8195
2011   10   74.3802
2011   11   96.2000
2011   12   60.9218
2012   01   166.5605
2012   02   267.0114
2012   03   110.6951
2012   04   99.5874
2012   05   333.8653
2012   06   370.9785
2012   07   217.2185
2012   08   282.5859
2012   09   101.3505
2012   10   62.7278
2012   11   94.7851
2012   12   420.1466
2013   01   70.9574
2013   02   195.6578
2013   03   181.8742
2013   04   196.2250
2013   05   381.1432
2013   06   266.4313
2013   07   235.0034
2013   08   481.7955
2013   09   199.6051
2013   10   59.7214
2013   11   70.4618
2013   12   93.3368
2014   01   170.5909
2014   02   57.5462
2014   03   153.6260
2014   04   230.8007
2014   05   318.2946
2014   06   308.1709
2014   07   245.6825
2014   08   234.8586
2014   09   164.8021
2014   10   157.6111
2014   11   134.1891
2014   12   54.8424
2015   01   30.5458
2015   02   65.7092
2015   03   64.0076
2015   04   181.8145
2015   05   447.5681
2015   06   294.9426
2015   07   322.5196
2015   08   335.3083
2015   09   83.2799
2015   10   87.6131
2015   11   54.4387
2015   12   104.3997
2016   01   49.5361
2016   02   71.5889
2016   03   73.0805
2016   04   171.0519
2016   05   97.0631
2016   06   27.1818
2016   07   147.8393
2016   08   390.1062
2016   09   113.9111
2016   10   174.9986
2016   11   155.1707
2016   12   151.2961
2017   01   102.6964
2017   02   150.8947
2017   03   188.8475
2017   04   181.2071
2017   05   223.7461
2017   06   323.0091
2017   07   261.4034
2017   08   438.5830
2017   09   91.7898
2017   10   217.0067
2017   11   71.2867
2017   12   160.6246
2018   01   99.9093
2018   02   81.0290
2018   03   268.1417
2018   04   244.6845
2018   05   175.5337
2018   06   243.1790
2018   07   141.7514
2018   08   265.6097
2018   09   228.8527
2018   10   144.4361
2018   11   181.8187
2018   12   68.6370
2019   01   52.3795
2019   02   42.5026
2019   03   91.7479
2019   04   121.8414
2019   05   181.9566
2019   06   271.3286
2019   07   293.5892
2019   08   168.5198
2019   09   52.1326
2019   10   100.8108
2019   11   275.9344
2019   12   102.7685
2020   01   100.1719
2020   02   67.5839
2020   03   129.0918
2020   04   160.7384
2020   05   395.3952
2020   06   285.2687
2020   07   279.7626
2020   08   170.4129
2020   09   102.7344
2020   10   65.4637
2020   11   124.7705
2020   12   128.9901
2021   01   82.3112
2021   02   21.4004
2021   03   85.7667
2021   04   150.2992
2021   05   196.4172
2021   06   226.4339
2021   07   108.7558
2021   08   286.8478
2021   09   75.1458
2021   10   98.3658
2021   11   136.9028
2021   12   70.3092
2022   01   146.9433
2022   02   93.9122
2022   03   167.3758
2022   04   309.4672
2022   05   173.7402
2022   06   228.2740
2022   07   393.6550
2022   08   180.1592
2022   09   141.3019
2022   10   124.9949
2022   11   122.1206
2022   12   108.7185
2023   01   48.6220
2023   02   54.3903
2023   03   179.7476
2023   04   157.6109
2023   05   153.8439
2023   06   335.1185
2023   07   339.2739
2023   08   340.9124
2023   09   151.0511
2023   10   120.2180
2023   11   115.7748
2023   12   54.7273
2024   01   37.3285
2024   02   26.2279
2024   03   338.8198
2024   04   298.4623
2024   05   180.4048
2024   06   220.0713
2024   07   91.1103
2024   08   169.8224
2024   09   279.7647
2024   10   26.8882
2024   11   492.7670
2024   11   492.7670
2024   12   93.9203
2025   01   36.5624
2025   02   46.1975
2025   03   125.5887
2025   04   148.3882
2025   05   343.9333
2025   06   148.7822
