1991   01   50.8970
1991   02   26.3809
1991   03   106.0997
1991   04   68.2307
1991   05   224.3923
1991   06   183.7032
1991   07   200.1509
1991   08   130.9807
1991   09   165.7275
1991   10   82.4523
1991   11   83.8806
1991   12   137.8620
1992   01   29.3773
1992   02   26.0822
1992   03   164.8629
1992   04   112.8687
1992   05   253.2452
1992   06   284.9056
1992   07   113.1116
1992   08   93.7169
1992   09   198.6588
1992   10   139.8424
1992   11   51.8969
1992   12   94.5944
1993   01   86.6257
1993   02   39.1131
1993   03   372.3763
1993   04   204.7523
1993   05   360.5698
1993   06   333.1218
1993   07   332.7793
1993   08   99.1578
1993   09   51.7083
1993   10   130.4732
1993   11   136.5589
1993   12   67.5880
1994   01   38.6215
1994   02   27.2421
1994   03   38.1753
1994   04   158.0937
1994   05   273.0316
1994   06   351.0784
1994   07   243.7045
1994   08   154.8601
1994   09   158.1001
1994   10   122.6682
1994   11   77.7771
1994   12   92.4107
1995   01   172.2075
1995   02   15.4359
1995   03   42.7278
1995   04   135.0497
1995   05   149.0277
1995   06   369.6608
1995   07   216.3258
1995   08   186.9360
1995   09   103.0115
1995   10   179.6712
1995   11   55.2412
1995   12   16.3823
1996   01   42.1724
1996   02   54.3186
1996   03   119.0142
1996   04   86.0663
1996   05   188.6252
1996   06   129.4551
1996   07   87.3417
1996   08   229.1413
1996   09   67.8831
1996   10   112.5936
1996   11   91.0113
1996   12   68.5734
1997   01   87.1573
1997   02   32.2404
1997   03   33.5282
1997   04   273.6270
1997   05   238.5700
1997   06   379.8483
1997   07   309.0052
1997   08   174.4113
1997   09   115.7321
1997   10   71.2890
1997   11   105.1978
1997   12   66.4635
1998   01   28.0706
1998   02   15.3346
1998   03   56.6009
1998   04   131.9121
1998   05   178.4674
1998   06   214.9760
1998   07   123.1181
1998   08   122.2302
1998   09   78.9993
1998   10   16.2466
1998   11   44.8813
1998   12   27.7897
1999   01   30.0881
1999   02   27.3887
1999   03   67.4609
1999   04   37.4011
1999   05   137.8838
1999   06   227.7309
1999   07   143.9589
1999   08   243.4402
1999   09   108.2323
1999   10   15.6096
1999   11   79.0866
1999   12   36.5348
2000   01   67.5798
2000   02   175.8730
2000   03   76.4462
2000   04   117.0593
2000   05   115.0907
2000   06   408.5281
2000   07   270.0446
2000   08   104.3716
2000   09   146.7549
2000   10   201.3104
2000   11   75.9536
2000   12   85.8620
2001   01   190.8813
2001   02   24.9649
2001   03   116.0520
2001   04   73.1266
2001   05   325.4402
2001   06   213.7041
2001   07   258.3221
2001   08   140.8150
2001   09   81.7345
2001   10   60.3040
2001   11   112.7914
2001   12   17.7169
2002   01   47.4966
2002   02   85.0300
2002   03   124.7233
2002   04   138.8016
2002   05   325.1097
2002   06   169.6899
2002   07   134.1178
2002   08   200.0988
2002   09   192.5935
2002   10   287.1483
2002   11   156.0507
2002   12   133.3320
2003   01   37.4726
2003   02   21.8447
2003   03   83.3824
2003   04   69.5884
2003   05   81.6981
2003   06   290.8717
2003   07   196.2318
2003   08   158.4379
2003   09   189.2635
2003   10   94.3856
2003   11   101.0559
2003   12   90.2288
2004   01   43.2106
2004   02   33.7187
2004   03   70.5328
2004   04   289.1205
2004   05   83.7577
2004   06   391.4637
2004   07   198.2422
2004   08   246.1048
2004   09   106.8956
2004   10   141.8427
2004   11   133.5673
2004   12   77.1391
2005   01   39.8827
2005   02   37.6087
2005   03   148.5989
2005   04   52.7058
2005   05   443.6570
2005   06   299.0089
2005   07   205.3334
2005   08   260.8146
2005   09   63.3864
2005   10   66.2544
2005   11   120.0940
2005   12   50.1068
2006   01   133.2260
2006   02   34.2487
2006   03   96.0435
2006   04   138.5679
2006   05   147.5504
2006   06   320.6031
2006   07   273.2393
2006   08   171.7090
2006   09   112.6449
2006   10   139.1421
2006   11   43.6883
2006   12   153.3683
2007   01   46.1453
2007   02   49.0487
2007   03   58.3256
2007   04   156.2570
2007   05   54.3408
2007   06   150.2679
2007   07   173.5032
2007   08   149.8087
2007   09   133.0535
2007   10   101.0612
2007   11   61.8073
2007   12   36.2493
2008   01   42.8407
2008   02   23.9531
2008   03   49.5117
2008   04   100.1160
2008   05   314.9841
2008   06   128.8302
2008   07   315.3045
2008   08   242.6833
2008   09   28.3417
2008   10   40.7867
2008   11   67.7052
2008   12   51.5144
2009   01   30.8818
2009   02   64.2091
2009   03   66.2038
2009   04   103.5268
2009   05   348.5433
2009   06   188.8752
2009   07   91.2838
2009   08   302.1354
2009   09   75.2462
2009   10   175.4390
2009   11   124.6918
2009   12   78.2747
2010   01   60.3133
2010   02   66.5983
2010   03   98.6967
2010   04   28.4293
2010   05   114.5469
2010   06   254.6788
2010   07   138.5129
2010   08   180.3195
2010   09   47.6585
2010   10   68.7972
2010   11   55.6316
2010   12   88.4441
2011   01   89.7014
2011   02   24.5680
2011   03   115.7482
2011   04   168.0237
2011   05   172.8203
2011   06   185.3476
2011   07   206.3996
2011   08   216.9818
2011   09   205.4548
2011   10   49.8300
2011   11   51.3501
2011   12   27.9588
2012   01   77.6287
2012   02   126.4169
2012   03   64.2663
2012   04   64.5670
2012   05   261.2571
2012   06   240.9225
2012   07   137.2798
2012   08   219.9085
2012   09   93.3410
2012   10   46.7581
2012   11   56.8871
2012   12   187.2270
2013   01   21.8658
2013   02   46.4252
2013   03   73.4137
2013   04   137.4680
2013   05   232.8089
2013   06   142.5372
2013   07   115.8135
2013   08   174.9034
2013   09   155.1492
2013   10   64.0918
2013   11   68.0849
2013   12   22.1839
2014   01   49.7922
2014   02   26.0445
2014   03   77.8305
2014   04   91.9167
2014   05   175.3840
2014   06   264.1770
2014   07   280.9240
2014   08   152.6604
2014   09   152.3746
2014   10   85.9855
2014   11   75.1737
2014   12   27.2991
2015   01   16.0891
2015   02   12.6744
2015   03   38.8790
2015   04   110.5310
2015   05   311.7027
2015   06   198.8242
2015   07   302.9139
2015   08   252.3493
2015   09   102.6178
2015   10   37.5475
2015   11   44.4151
2015   12   54.5826
2016   01   46.4935
2016   02   22.9347
2016   03   56.6248
2016   04   116.3373
2016   05   118.9262
2016   06   33.6746
2016   07   168.5930
2016   08   207.6480
2016   09   69.6423
2016   10   126.7893
2016   11   106.7745
2016   12   55.7101
2017   01   39.8845
2017   02   65.8445
2017   03   91.3249
2017   04   116.8774
2017   05   217.8867
2017   06   203.4809
2017   07   147.0799
2017   08   321.5911
2017   09   85.9414
2017   10   180.6408
2017   11   48.9703
2017   12   103.0312
2018   01   48.1189
2018   02   25.9838
2018   03   197.4846
2018   04   141.9960
2018   05   142.6543
2018   06   188.4775
2018   07   106.9861
2018   08   184.9254
2018   09   144.6639
2018   10   55.3423
2018   11   170.4702
2018   12   60.8522
2019   01   19.0139
2019   02   20.1698
2019   03   44.9315
2019   04   35.6158
2019   05   176.3338
2019   06   186.0065
2019   07   208.3424
2019   08   114.2644
2019   09   53.2479
2019   10   71.6194
2019   11   140.9649
2019   12   33.6675
2020   01   28.7561
2020   02   23.3175
2020   03   62.0773
2020   04   148.1666
2020   05   195.3891
2020   06   314.8882
2020   07   279.5976
2020   08   126.8614
2020   09   69.7012
2020   10   22.2494
2020   11   73.2629
2020   12   42.4812
2021   01   32.7845
2021   02   8.9012
2021   03   30.0142
2021   04   144.6972
2021   05   116.9729
2021   06   217.6102
2021   07   105.4775
2021   08   153.1626
2021   09   59.0919
2021   10   42.8743
2021   11   68.5896
2021   12   33.1936
2022   01   103.8003
2022   02   19.8778
2022   03   121.4751
2022   04   138.6096
2022   05   127.4897
2022   06   202.7333
2022   07   325.6381
2022   08   107.2962
2022   09   95.8066
2022   10   68.8925
2022   11   62.8045
2022   12   51.1716
2023   01   46.4981
2023   02   22.1880
2023   03   103.3731
2023   04   103.3909
2023   05   140.4960
2023   06   245.5202
2023   07   243.9309
2023   08   210.2050
2023   09   92.6211
2023   10   55.4724
2023   11   94.6961
2023   12   23.0501
2024   01   16.6396
2024   02   21.7643
2024   03   155.2913
2024   04   138.1883
2024   05   115.5626
2024   06   196.3231
2024   07   87.6025
2024   08   76.8794
2024   09   187.7816
2024   10   11.8913
2024   11   243.8200
2024   11   243.8200
2024   12   22.3972
2025   01   43.2774
2025   02   20.2152
2025   03   79.9396
2025   04   114.3778
2025   05   192.9739
2025   06   127.6692
