1991   01   2.3121
1991   02   3.8441
1991   03   3.6624
1991   04   14.1015
1991   05   134.5808
1991   06   179.0010
1991   07   167.1467
1991   08   61.5460
1991   09   54.5426
1991   10   8.1916
1991   11   12.7729
1991   12   4.7879
1992   01   2.3114
1992   02   4.1830
1992   03   7.6836
1992   04   23.2000
1992   05   271.3104
1992   06   301.8024
1992   07   44.5434
1992   08   79.9198
1992   09   16.7745
1992   10   5.6942
1992   11   14.8396
1992   12   2.7054
1993   01   2.4667
1993   02   7.2324
1993   03   3.8126
1993   04   38.4884
1993   05   134.9891
1993   06   141.9827
1993   07   80.9055
1993   08   28.8971
1993   09   9.0512
1993   10   18.5647
1993   11   8.7996
1993   12   3.1047
1994   01   2.5170
1994   02   4.4801
1994   03   3.7558
1994   04   25.7876
1994   05   56.6204
1994   06   138.6369
1994   07   84.4038
1994   08   14.9089
1994   09   26.4375
1994   10   12.6184
1994   11   6.4750
1994   12   7.5895
1995   01   2.6471
1995   02   4.6172
1995   03   5.6781
1995   04   28.3861
1995   05   32.2242
1995   06   175.9346
1995   07   100.2956
1995   08   51.8889
1995   09   19.7462
1995   10   12.9471
1995   11   6.6250
1995   12   3.6265
1996   01   2.1083
1996   02   4.4402
1996   03   4.7794
1996   04   31.5660
1996   05   51.9692
1996   06   94.3279
1996   07   62.4893
1996   08   27.7653
1996   09   12.1671
1996   10   7.7709
1996   11   6.4258
1996   12   2.8825
1997   01   2.2851
1997   02   4.9061
1997   03   3.7123
1997   04   22.1630
1997   05   155.0584
1997   06   418.1644
1997   07   114.9097
1997   08   105.1509
1997   09   35.1677
1997   10   24.1134
1997   11   18.4513
1997   12   2.6431
1998   01   3.0533
1998   02   4.3231
1998   03   4.3897
1998   04   28.7023
1998   05   88.9303
1998   06   61.7438
1998   07   26.4255
1998   08   32.4987
1998   09   21.1263
1998   10   6.1005
1998   11   8.0222
1998   12   4.2805
1999   01   2.3386
1999   02   6.8178
1999   03   5.8774
1999   04   28.5731
1999   05   32.1076
1999   06   90.3049
1999   07   48.5749
1999   08   141.0343
1999   09   61.1726
1999   10   19.8838
1999   11   6.9962
1999   12   3.5700
2000   01   2.3024
2000   02   4.2169
2000   03   3.2675
2000   04   40.5609
2000   05   83.3905
2000   06   424.3450
2000   07   33.5664
2000   08   24.0007
2000   09   82.4908
2000   10   12.8509
2000   11   11.2370
2000   12   3.7397
2001   01   2.2288
2001   02   3.6722
2001   03   5.0111
2001   04   28.4269
2001   05   153.0620
2001   06   58.4088
2001   07   253.4340
2001   08   135.8291
2001   09   31.1913
2001   10   10.0660
2001   11   7.0032
2001   12   3.1118
2002   01   2.0588
2002   02   3.8167
2002   03   5.7908
2002   04   20.0785
2002   05   270.5057
2002   06   277.3246
2002   07   103.2207
2002   08   199.6182
2002   09   46.8364
2002   10   18.8521
2002   11   5.8872
2002   12   6.1018
2003   01   1.9252
2003   02   3.4152
2003   03   4.2532
2003   04   15.0875
2003   05   141.9083
2003   06   186.3822
2003   07   81.3158
2003   08   36.6591
2003   09   32.4007
2003   10   13.0072
2003   11   23.7702
2003   12   3.8127
2004   01   2.2825
2004   02   3.2630
2004   03   5.9619
2004   04   39.0770
2004   05   40.5780
2004   06   137.5208
2004   07   94.4902
2004   08   96.4217
2004   09   26.8705
2004   10   11.1377
2004   11   43.2000
2004   12   4.1956
2005   01   1.9983
2005   02   3.4286
2005   03   12.6725
2005   04   13.8158
2005   05   144.2429
2005   06   363.4829
2005   07   67.3574
2005   08   239.8288
2005   09   21.6050
2005   10   10.7720
2005   11   17.7002
2005   12   1.9298
2006   01   2.0741
2006   02   3.5374
2006   03   2.8490
2006   04   13.8192
2006   05   78.3453
2006   06   181.5818
2006   07   225.5394
2006   08   101.0666
2006   09   21.5427
2006   10   43.0101
2006   11   5.9548
2006   12   2.0032
2007   01   3.0925
2007   02   6.8906
2007   03   8.4033
2007   04   13.0575
2007   05   88.6107
2007   06   161.5748
2007   07   66.5543
2007   08   63.8447
2007   09   7.2312
2007   10   11.1349
2007   11   6.2542
2007   12   1.8892
2008   01   2.0722
2008   02   3.4378
2008   03   2.8656
2008   04   14.4060
2008   05   189.8936
2008   06   112.2241
2008   07   75.7506
2008   08   122.2982
2008   09   20.3022
2008   10   5.7294
2008   11   6.4705
2008   12   1.8854
2009   01   2.0853
2009   02   3.8731
2009   03   2.8614
2009   04   8.4968
2009   05   50.9283
2009   06   152.7323
2009   07   49.8213
2009   08   131.4922
2009   09   41.7366
2009   10   19.9150
2009   11   10.8710
2009   12   2.3300
2010   01   3.0062
2010   02   3.3832
2010   03   2.8071
2010   04   8.5326
2010   05   72.9566
2010   06   169.4376
2010   07   60.9406
2010   08   33.8187
2010   09   10.1669
2010   10   14.2696
2010   11   11.8784
2010   12   2.0725
2011   01   2.3234
2011   02   3.6442
2011   03   4.2238
2011   04   18.1482
2011   05   19.7046
2011   06   108.1076
2011   07   58.7642
2011   08   91.7526
2011   09   7.6977
2011   10   9.5848
2011   11   7.9049
2011   12   2.2226
2012   01   2.0667
2012   02   5.6206
2012   03   2.7673
2012   04   14.7400
2012   05   190.8289
2012   06   151.6899
2012   07   22.0466
2012   08   88.4326
2012   09   11.1955
2012   10   47.1554
2012   11   8.4218
2012   12   3.6809
2013   01   2.3400
2013   02   6.2205
2013   03   5.8204
2013   04   8.7582
2013   05   207.8680
2013   06   62.4288
2013   07   65.7953
2013   08   41.5430
2013   09   31.7564
2013   10   12.4330
2013   11   6.5578
2013   12   2.3531
2014   01   2.2966
2014   02   7.9751
2014   03   2.9980
2014   04   9.1577
2014   05   68.8476
2014   06   144.1783
2014   07   60.7794
2014   08   64.6411
2014   09   46.6062
2014   10   12.3644
2014   11   12.1309
2014   12   4.1680
2015   01   2.2721
2015   02   6.2155
2015   03   10.5472
2015   04   11.0837
2015   05   28.6088
2015   06   29.3663
2015   07   100.3555
2015   08   153.9646
2015   09   38.9560
2015   10   41.6307
2015   11   10.6078
2015   12   3.1517
2016   01   3.4121
2016   02   3.9686
2016   03   4.2447
2016   04   110.1247
2016   05   112.7412
2016   06   76.6214
2016   07   107.0556
2016   08   10.9271
2016   09   4.7602
2016   10   23.7112
2016   11   6.8370
2016   12   6.4171
2017   01   2.3563
2017   02   4.0067
2017   03   2.9571
2017   04   18.6916
2017   05   124.4299
2017   06   154.6049
2017   07   45.8230
2017   08   88.2449
2017   09   15.7996
2017   10   25.0597
2017   11   11.5444
2017   12   1.9733
2018   01   2.5818
2018   02   3.9187
2018   03   3.4170
2018   04   8.7082
2018   05   78.0544
2018   06   83.2099
2018   07   56.7465
2018   08   29.9482
2018   09   30.4729
2018   10   20.0023
2018   11   5.4505
2018   12   4.3420
2019   01   2.2276
2019   02   3.9273
2019   03   3.8367
2019   04   19.4944
2019   05   51.6189
2019   06   101.6458
2019   07   39.9547
2019   08   27.4103
2019   09   15.7900
2019   10   14.5863
2019   11   4.0540
2019   12   3.5180
2020   01   2.1630
2020   02   3.4940
2020   03   2.1503
2020   04   9.8069
2020   05   16.8292
2020   06   205.8584
2020   07   79.8165
2020   08   18.6593
2020   09   6.6972
2020   10   2.9550
2020   11   5.5693
2020   12   2.1040
2021   01   8.1842
2021   02   7.4105
2021   03   2.1492
2021   04   6.6322
2021   05   17.9773
2021   06   61.3300
2021   07   14.6681
2021   08   61.6693
2021   09   13.8989
2021   10   5.1792
2021   11   4.1298
2021   12   1.7729
2022   01   2.5034
2022   02   6.3290
2022   03   2.0760
2022   04   40.9706
2022   05   23.7868
2022   06   78.9382
2022   07   77.0393
2022   08   28.7018
2022   09   11.9532
2022   10   3.6516
2022   11   4.9066
2022   12   1.8454
2023   01   2.3187
2023   02   3.4263
2023   03   2.0582
2023   04   14.4627
2023   05   55.4396
2023   06   109.8721
2023   07   45.2089
2023   08   143.8233
2023   09   57.6491
2023   10   8.0234
2023   11   21.0106
2023   12   2.7079
2024   01   2.1871
2024   02   4.6390
2024   03   2.7883
2024   04   8.5644
2024   05   182.4877
2024   06   256.4176
2024   07   37.6053
2024   08   109.5236
2024   09   16.8161
2024   10   12.3200
2024   11   4.2395
2024   11   4.2395
2024   12   1.7947
2025   01   2.1076
2025   02   3.1363
2025   03   4.1171
2025   04   6.3941
2025   05   113.5280
2025   06   107.5546
