1991   01   1.1515
1991   02   3.0322
1991   03   1.3179
1991   04   7.6306
1991   05   63.4661
1991   06   94.9153
1991   07   80.3335
1991   08   33.7273
1991   09   13.1401
1991   10   9.3082
1991   11   4.2610
1991   12   2.7232
1992   01   1.1515
1992   02   3.1523
1992   03   5.6227
1992   04   15.5081
1992   05   57.7422
1992   06   97.9186
1992   07   23.2544
1992   08   56.7509
1992   09   11.8620
1992   10   6.1453
1992   11   8.6741
1992   12   2.3410
1993   01   1.1767
1993   02   6.7086
1993   03   1.5505
1993   04   17.4655
1993   05   58.0427
1993   06   62.4126
1993   07   45.6119
1993   08   33.2717
1993   09   9.9915
1993   10   5.6711
1993   11   4.4346
1993   12   2.5011
1994   01   1.2526
1994   02   4.4252
1994   03   1.4491
1994   04   11.4778
1994   05   32.9604
1994   06   73.4663
1994   07   54.8949
1994   08   28.6787
1994   09   14.2201
1994   10   8.0278
1994   11   5.7178
1994   12   3.1827
1995   01   1.3046
1995   02   5.8085
1995   03   1.7159
1995   04   9.6318
1995   05   23.8608
1995   06   36.9574
1995   07   42.3554
1995   08   33.0403
1995   09   21.7952
1995   10   7.5302
1995   11   4.1008
1995   12   2.7798
1996   01   1.2629
1996   02   4.1632
1996   03   1.6855
1996   04   12.5745
1996   05   14.8803
1996   06   27.8035
1996   07   41.2804
1996   08   32.0968
1996   09   9.1461
1996   10   6.5190
1996   11   5.2045
1996   12   2.7232
1997   01   1.2629
1997   02   4.0715
1997   03   2.4321
1997   04   6.6440
1997   05   51.8897
1997   06   225.1230
1997   07   57.2250
1997   08   79.7668
1997   09   10.4198
1997   10   12.8997
1997   11   6.4354
1997   12   2.7232
1998   01   1.2584
1998   02   4.3048
1998   03   1.7133
1998   04   13.8435
1998   05   34.0822
1998   06   33.3308
1998   07   22.1735
1998   08   22.6211
1998   09   18.6182
1998   10   6.4352
1998   11   6.3848
1998   12   2.6384
1999   01   1.2743
1999   02   6.2115
1999   03   1.8772
1999   04   13.1817
1999   05   13.3637
1999   06   39.8352
1999   07   32.7244
1999   08   90.8517
1999   09   29.2934
1999   10   11.9879
1999   11   5.1816
1999   12   2.5960
2000   01   1.2595
2000   02   3.4550
2000   03   1.3087
2000   04   18.6907
2000   05   25.7559
2000   06   182.1078
2000   07   34.8880
2000   08   19.1064
2000   09   31.9678
2000   10   5.8696
2000   11   7.6238
2000   12   2.0574
2001   01   1.1349
2001   02   3.4947
2001   03   1.3912
2001   04   9.0897
2001   05   40.4629
2001   06   44.6295
2001   07   151.6512
2001   08   57.1574
2001   09   15.5167
2001   10   7.1453
2001   11   3.9012
2001   12   2.0038
2002   01   1.1347
2002   02   3.4284
2002   03   1.4269
2002   04   9.4266
2002   05   155.8045
2002   06   127.4222
2002   07   47.3145
2002   08   57.5461
2002   09   20.1214
2002   10   7.1649
2002   11   4.4126
2002   12   2.2446
2003   01   1.1375
2003   02   3.3101
2003   03   1.4475
2003   04   4.8553
2003   05   53.1482
2003   06   59.1508
2003   07   40.9502
2003   08   26.2299
2003   09   12.6025
2003   10   5.3832
2003   11   9.9591
2003   12   1.9801
2004   01   1.1347
2004   02   3.2950
2004   03   1.4986
2004   04   8.8933
2004   05   16.1145
2004   06   46.4633
2004   07   75.6079
2004   08   55.2727
2004   09   8.3890
2004   10   6.3722
2004   11   19.0496
2004   12   2.5051
2005   01   1.1345
2005   02   3.9904
2005   03   3.4552
2005   04   4.5178
2005   05   60.9135
2005   06   100.5952
2005   07   44.2144
2005   08   108.2947
2005   09   14.3375
2005   10   7.1674
2005   11   4.9870
2005   12   2.0363
2006   01   1.1349
2006   02   3.4112
2006   03   1.2026
2006   04   5.0389
2006   05   45.0828
2006   06   92.8317
2006   07   125.4322
2006   08   76.7952
2006   09   14.2320
2006   10   15.5075
2006   11   3.4522
2006   12   2.0423
2007   01   1.1379
2007   02   3.6551
2007   03   2.1250
2007   04   10.4985
2007   05   31.6069
2007   06   80.0435
2007   07   47.0953
2007   08   39.3253
2007   09   6.9547
2007   10   6.1994
2007   11   3.5175
2007   12   2.1062
2008   01   1.1347
2008   02   3.4140
2008   03   1.3526
2008   04   4.8751
2008   05   91.7375
2008   06   44.4544
2008   07   51.2913
2008   08   92.7799
2008   09   15.3270
2008   10   5.8731
2008   11   3.1451
2008   12   2.0483
2009   01   1.1347
2009   02   3.2944
2009   03   1.2145
2009   04   3.1008
2009   05   17.8362
2009   06   55.8281
2009   07   32.9687
2009   08   65.4455
2009   09   14.8315
2009   10   8.6744
2009   11   2.6548
2009   12   2.0483
2010   01   1.1346
2010   02   3.2874
2010   03   1.1472
2010   04   4.2958
2010   05   40.2999
2010   06   33.7268
2010   07   33.6215
2010   08   25.6526
2010   09   8.6215
2010   10   5.9773
2010   11   5.0375
2010   12   2.0483
2011   01   1.1347
2011   02   3.7846
2011   03   1.1882
2011   04   5.8083
2011   05   7.2856
2011   06   40.4824
2011   07   48.1403
2011   08   59.2723
2011   09   6.9119
2011   10   4.2067
2011   11   3.7188
2011   12   2.0483
2012   01   1.1347
2012   02   3.4080
2012   03   1.1333
2012   04   9.3346
2012   05   63.1624
2012   06   68.4192
2012   07   17.0992
2012   08   44.2963
2012   09   11.3699
2012   10   14.4237
2012   11   4.1372
2012   12   2.1549
2013   01   1.2383
2013   02   4.1471
2013   03   3.4576
2013   04   7.1767
2013   05   83.6066
2013   06   39.1450
2013   07   39.7435
2013   08   37.0473
2013   09   14.7207
2013   10   9.3246
2013   11   3.4900
2013   12   2.2750
2014   01   1.2425
2014   02   4.1497
2014   03   1.6163
2014   04   8.3580
2014   05   19.4955
2014   06   62.1609
2014   07   50.7501
2014   08   47.2351
2014   09   24.7033
2014   10   7.8910
2014   11   6.1818
2014   12   2.2996
2015   01   1.2326
2015   02   4.5951
2015   03   4.7495
2015   04   7.5661
2015   05   18.2333
2015   06   19.2812
2015   07   47.1569
2015   08   105.7699
2015   09   19.4940
2015   10   17.7656
2015   11   9.3803
2015   12   2.4959
2016   01   1.2359
2016   02   4.0005
2016   03   2.8557
2016   04   32.2862
2016   05   59.1080
2016   06   61.1391
2016   07   62.6234
2016   08   28.3652
2016   09   6.7686
2016   10   13.4337
2016   11   3.8971
2016   12   3.3336
2017   01   1.2326
2017   02   4.6850
2017   03   1.8438
2017   04   13.3359
2017   05   59.5958
2017   06   58.9419
2017   07   42.9107
2017   08   50.8531
2017   09   11.4996
2017   10   13.0001
2017   11   5.6677
2017   12   2.2548
2018   01   1.3984
2018   02   3.9593
2018   03   1.5676
2018   04   8.0711
2018   05   44.6955
2018   06   49.3292
2018   07   35.6329
2018   08   28.7237
2018   09   13.7824
2018   10   7.3164
2018   11   3.2793
2018   12   2.2255
2019   01   1.2326
2019   02   3.9558
2019   03   3.1432
2019   04   11.7417
2019   05   31.6480
2019   06   31.5502
2019   07   30.5924
2019   08   23.6634
2019   09   11.5948
2019   10   7.3169
2019   11   2.9638
2019   12   2.0539
2020   01   1.2296
2020   02   4.0475
2020   03   1.4719
2020   04   9.6240
2020   05   14.1128
2020   06   80.5500
2020   07   51.1450
2020   08   18.5399
2020   09   6.9187
2020   10   5.2855
2020   11   4.6777
2020   12   2.2746
2021   01   1.9264
2021   02   3.8940
2021   03   2.1307
2021   04   5.6596
2021   05   21.6967
2021   06   28.1081
2021   07   14.8371
2021   08   29.7819
2021   09   12.7740
2021   10   7.5945
2021   11   3.5148
2021   12   2.1722
2022   01   1.2623
2022   02   6.4176
2022   03   1.5362
2022   04   21.1919
2022   05   11.1191
2022   06   28.0940
2022   07   88.9241
2022   08   24.8286
2022   09   8.3833
2022   10   4.2832
2022   11   3.4919
2022   12   2.4280
2023   01   1.2335
2023   02   3.6979
2023   03   1.4331
2023   04   9.1718
2023   05   18.7453
2023   06   41.4298
2023   07   31.5857
2023   08   67.9051
2023   09   11.8787
2023   10   6.4631
2023   11   10.5038
2023   12   2.1031
2024   01   1.2317
2024   02   4.2884
2024   03   1.6174
2024   04   7.1343
2024   05   95.8747
2024   06   132.8363
2024   07   25.3747
2024   08   95.3140
2024   09   10.5589
2024   10   10.0541
2024   11   2.4709
2024   11   2.4709
2024   12   2.0901
2025   01   1.1484
2025   02   3.5554
2025   03   2.1764
2025   04   4.9288
2025   05   48.3512
2025   06   60.4955
