1991   01   0.0000
1991   02   0.0000
1991   03   0.3306
1991   04   6.0882
1991   05   67.9028
1991   06   114.4426
1991   07   150.6550
1991   08   36.2763
1991   09   15.8439
1991   10   6.6006
1991   11   3.1380
1991   12   0.2177
1992   01   0.0000
1992   02   0.0000
1992   03   1.9151
1992   04   14.4202
1992   05   80.4310
1992   06   91.4349
1992   07   22.1153
1992   08   53.1128
1992   09   11.0952
1992   10   3.1556
1992   11   5.8116
1992   12   0.1888
1993   01   0.0000
1993   02   0.0000
1993   03   0.3819
1993   04   23.1639
1993   05   64.6955
1993   06   73.0810
1993   07   62.0428
1993   08   32.3591
1993   09   6.8127
1993   10   5.7242
1993   11   3.5052
1993   12   0.1937
1994   01   0.0000
1994   02   0.0000
1994   03   0.3923
1994   04   13.8131
1994   05   36.2492
1994   06   69.5730
1994   07   65.5366
1994   08   20.4467
1994   09   12.0707
1994   10   6.5774
1994   11   3.1945
1994   12   0.8301
1995   01   0.0000
1995   02   0.0000
1995   03   0.7945
1995   04   17.2295
1995   05   11.8134
1995   06   59.9419
1995   07   65.0277
1995   08   46.1193
1995   09   14.9395
1995   10   4.7145
1995   11   2.6241
1995   12   0.1910
1996   01   0.0000
1996   02   0.0000
1996   03   0.4136
1996   04   17.1884
1996   05   28.2352
1996   06   59.9138
1996   07   57.3973
1996   08   24.2332
1996   09   7.3676
1996   10   5.0121
1996   11   3.3344
1996   12   0.2118
1997   01   0.0000
1997   02   0.0000
1997   03   0.4587
1997   04   7.0131
1997   05   79.8894
1997   06   262.1208
1997   07   72.2073
1997   08   61.4868
1997   09   13.3041
1997   10   13.1699
1997   11   6.5819
1997   12   0.2092
1998   01   0.0000
1998   02   0.0000
1998   03   0.7917
1998   04   13.9950
1998   05   43.4388
1998   06   46.3628
1998   07   20.4546
1998   08   16.0451
1998   09   14.9134
1998   10   2.8158
1998   11   4.0796
1998   12   0.4995
1999   01   0.0000
1999   02   0.0000
1999   03   0.4596
1999   04   16.6304
1999   05   17.6477
1999   06   55.7836
1999   07   39.6309
1999   08   91.7638
1999   09   22.4126
1999   10   11.5159
1999   11   3.0434
1999   12   0.2476
2000   01   0.0000
2000   02   0.0000
2000   03   0.3878
2000   04   27.9505
2000   05   33.1319
2000   06   262.2323
2000   07   33.6225
2000   08   13.6436
2000   09   34.8591
2000   10   6.0736
2000   11   7.3600
2000   12   0.2999
2001   01   0.0000
2001   02   0.0000
2001   03   0.5263
2001   04   13.3390
2001   05   59.3314
2001   06   43.6106
2001   07   202.1916
2001   08   58.1388
2001   09   12.3996
2001   10   4.8646
2001   11   3.9918
2001   12   0.3847
2002   01   0.0000
2002   02   0.0000
2002   03   0.5154
2002   04   15.8600
2002   05   125.7404
2002   06   157.2993
2002   07   71.8784
2002   08   90.5967
2002   09   16.9335
2002   10   7.8676
2002   11   3.7348
2002   12   0.7297
2003   01   0.0000
2003   02   0.0000
2003   03   0.3932
2003   04   9.9356
2003   05   60.5799
2003   06   90.2217
2003   07   57.3026
2003   08   22.8480
2003   09   11.6169
2003   10   5.1265
2003   11   10.6145
2003   12   0.3263
2004   01   0.0000
2004   02   0.0000
2004   03   0.8001
2004   04   22.3838
2004   05   23.7743
2004   06   79.4254
2004   07   102.4501
2004   08   48.5597
2004   09   11.6051
2004   10   5.7001
2004   11   24.0215
2004   12   0.4437
2005   01   0.0000
2005   02   0.0000
2005   03   1.3862
2005   04   6.2691
2005   05   73.2764
2005   06   162.6962
2005   07   55.6126
2005   08   105.0586
2005   09   12.6855
2005   10   4.5673
2005   11   8.6903
2005   12   0.1314
2006   01   0.0000
2006   02   0.0000
2006   03   0.3858
2006   04   7.3128
2006   05   30.2069
2006   06   93.9711
2006   07   142.5699
2006   08   67.3814
2006   09   9.7308
2006   10   22.4468
2006   11   3.7406
2006   12   0.1542
2007   01   0.0000
2007   02   0.0000
2007   03   2.0418
2007   04   8.3839
2007   05   29.3360
2007   06   98.1431
2007   07   47.7469
2007   08   43.7859
2007   09   5.9322
2007   10   5.2311
2007   11   2.9962
2007   12   0.1409
2008   01   0.0000
2008   02   0.0000
2008   03   0.3733
2008   04   7.9696
2008   05   97.8969
2008   06   65.9010
2008   07   63.2983
2008   08   84.1564
2008   09   9.1837
2008   10   3.8162
2008   11   2.8577
2008   12   0.1330
2009   01   0.0000
2009   02   0.0000
2009   03   0.3924
2009   04   4.2820
2009   05   21.5634
2009   06   96.9484
2009   07   49.1309
2009   08   65.7537
2009   09   17.0423
2009   10   8.4349
2009   11   4.0505
2009   12   0.1330
2010   01   0.0000
2010   02   0.0000
2010   03   0.3829
2010   04   5.2360
2010   05   46.9413
2010   06   63.5813
2010   07   44.3921
2010   08   19.0489
2010   09   7.8042
2010   10   6.1590
2010   11   6.9170
2010   12   0.1336
2011   01   0.0000
2011   02   0.0000
2011   03   0.3903
2011   04   8.3473
2011   05   9.4040
2011   06   55.4009
2011   07   44.9127
2011   08   53.0631
2011   09   4.9616
2011   10   3.9192
2011   11   3.9344
2011   12   0.1329
2012   01   0.0000
2012   02   0.0000
2012   03   0.3810
2012   04   11.0501
2012   05   63.5820
2012   06   80.8500
2012   07   18.7974
2012   08   43.4101
2012   09   7.5240
2012   10   16.4990
2012   11   3.5687
2012   12   0.1524
2013   01   0.0000
2013   02   0.0000
2013   03   1.5258
2013   04   4.3645
2013   05   82.3210
2013   06   30.6612
2013   07   34.7164
2013   08   32.2050
2013   09   9.6843
2013   10   5.0434
2013   11   2.9277
2013   12   0.1272
2014   01   0.0000
2014   02   0.0000
2014   03   0.3972
2014   04   6.4904
2014   05   26.9056
2014   06   66.3254
2014   07   46.1393
2014   08   44.9577
2014   09   18.5526
2014   10   6.0578
2014   11   4.3880
2014   12   0.1310
2015   01   0.0000
2015   02   0.0000
2015   03   1.9005
2015   04   6.1605
2015   05   16.9492
2015   06   11.7287
2015   07   60.1833
2015   08   90.3613
2015   09   14.4058
2015   10   17.9527
2015   11   4.4463
2015   12   0.3801
2016   01   0.0000
2016   02   0.0000
2016   03   0.4600
2016   04   63.6430
2016   05   41.4574
2016   06   45.1426
2016   07   75.7680
2016   08   12.5653
2016   09   3.9118
2016   10   9.5653
2016   11   2.6204
2016   12   0.4544
2017   01   0.0000
2017   02   0.0000
2017   03   0.3582
2017   04   12.1841
2017   05   59.5472
2017   06   75.3110
2017   07   37.0746
2017   08   50.1538
2017   09   8.3542
2017   10   12.4201
2017   11   4.9325
2017   12   0.1259
2018   01   0.0000
2018   02   0.0000
2018   03   0.4141
2018   04   6.6365
2018   05   34.7620
2018   06   44.2598
2018   07   41.1407
2018   08   19.9859
2018   09   13.1442
2018   10   6.4006
2018   11   2.4764
2018   12   0.7338
2019   01   0.0000
2019   02   0.0000
2019   03   0.9906
2019   04   13.7083
2019   05   28.9926
2019   06   48.1249
2019   07   28.2193
2019   08   14.7280
2019   09   7.7994
2019   10   5.5782
2019   11   1.7745
2019   12   0.1705
2020   01   0.0000
2020   02   0.0000
2020   03   0.3502
2020   04   6.8297
2020   05   13.4046
2020   06   127.9744
2020   07   61.4326
2020   08   13.8324
2020   09   4.0712
2020   10   1.6915
2020   11   3.4359
2020   12   0.1259
2021   01   0.0000
2021   02   0.0000
2021   03   0.3340
2021   04   3.2655
2021   05   21.4130
2021   06   29.4196
2021   07   8.8541
2021   08   23.0873
2021   09   10.1272
2021   10   3.6360
2021   11   1.8398
2021   12   0.1137
2022   01   0.0000
2022   02   0.0000
2022   03   0.3240
2022   04   20.7193
2022   05   10.6775
2022   06   34.3308
2022   07   62.0250
2022   08   18.4195
2022   09   6.2215
2022   10   1.5078
2022   11   2.7039
2022   12   0.1169
2023   01   0.0000
2023   02   0.0000
2023   03   0.3263
2023   04   6.8385
2023   05   19.0365
2023   06   46.2311
2023   07   36.6158
2023   08   73.6189
2023   09   40.8565
2023   10   3.1689
2023   11   8.5810
2023   12   0.1082
2024   01   0.0000
2024   02   0.0000
2024   03   0.3189
2024   04   3.9305
2024   05   102.6289
2024   06   160.8833
2024   07   24.6945
2024   08   76.8716
2024   09   7.4637
2024   10   6.4250
2024   11   1.7795
2024   11   1.7795
2024   12   0.1069
2025   01   0.0000
2025   02   0.0000
2025   03   0.9257
2025   04   3.5294
2025   05   63.2021
2025   06   76.8474
