1991   01   12.5042
1991   02   8.6544
1991   03   6.4786
1991   04   10.4949
1991   05   120.9966
1991   06   91.7891
1991   07   171.5843
1991   08   80.8606
1991   09   47.9300
1991   10   38.6203
1991   11   15.4417
1991   12   16.3960
1992   01   12.5362
1992   02   9.1374
1992   03   9.2737
1992   04   25.4203
1992   05   233.8097
1992   06   140.5080
1992   07   71.5037
1992   08   76.6526
1992   09   29.5568
1992   10   17.4403
1992   11   41.7075
1992   12   24.0907
1993   01   11.6297
1993   02   13.8320
1993   03   8.8635
1993   04   33.0132
1993   05   192.7908
1993   06   111.4458
1993   07   104.4388
1993   08   50.1185
1993   09   21.4169
1993   10   30.5775
1993   11   16.0724
1993   12   11.4746
1994   01   10.0193
1994   02   10.2938
1994   03   5.2537
1994   04   36.2348
1994   05   126.4383
1994   06   67.4555
1994   07   117.8480
1994   08   43.8142
1994   09   38.0584
1994   10   42.6872
1994   11   18.7773
1994   12   19.7687
1995   01   12.1669
1995   02   9.3280
1995   03   8.7879
1995   04   32.2784
1995   05   43.3019
1995   06   79.6107
1995   07   91.8354
1995   08   77.4120
1995   09   45.2667
1995   10   28.0450
1995   11   12.3830
1995   12   12.8286
1996   01   10.1135
1996   02   9.2773
1996   03   7.7922
1996   04   30.8504
1996   05   85.8942
1996   06   67.7534
1996   07   71.0906
1996   08   50.2268
1996   09   18.5866
1996   10   26.3406
1996   11   15.2246
1996   12   13.4821
1997   01   14.3015
1997   02   8.6802
1997   03   11.2141
1997   04   11.1062
1997   05   117.5740
1997   06   280.6260
1997   07   123.8658
1997   08   101.0931
1997   09   43.9153
1997   10   83.6896
1997   11   21.9722
1997   12   13.3682
1998   01   9.2693
1998   02   11.3652
1998   03   12.9169
1998   04   43.3375
1998   05   84.8343
1998   06   57.8824
1998   07   52.5427
1998   08   29.5980
1998   09   47.6801
1998   10   14.9619
1998   11   23.5053
1998   12   12.3649
1999   01   13.1656
1999   02   10.1265
1999   03   9.1650
1999   04   43.5909
1999   05   50.8712
1999   06   103.6315
1999   07   90.5280
1999   08   162.4816
1999   09   76.3603
1999   10   76.7758
1999   11   13.4891
1999   12   16.1712
2000   01   11.4242
2000   02   8.1220
2000   03   8.1356
2000   04   52.5279
2000   05   68.3990
2000   06   308.9004
2000   07   77.7829
2000   08   29.5127
2000   09   76.6559
2000   10   22.5077
2000   11   32.8364
2000   12   19.7947
2001   01   9.9654
2001   02   9.6512
2001   03   12.8976
2001   04   28.0309
2001   05   138.9982
2001   06   67.7113
2001   07   234.4332
2001   08   76.6116
2001   09   35.8257
2001   10   31.0412
2001   11   15.9008
2001   12   14.5162
2002   01   11.8680
2002   02   9.5445
2002   03   8.4966
2002   04   27.1485
2002   05   269.7674
2002   06   218.4195
2002   07   106.3367
2002   08   116.6709
2002   09   44.8557
2002   10   44.9500
2002   11   15.8969
2002   12   15.6627
2003   01   11.3096
2003   02   9.1696
2003   03   9.7195
2003   04   25.4007
2003   05   106.9437
2003   06   99.2544
2003   07   76.9337
2003   08   36.7250
2003   09   30.4800
2003   10   22.4599
2003   11   30.9721
2003   12   16.2226
2004   01   15.0048
2004   02   13.1197
2004   03   11.1653
2004   04   29.0675
2004   05   35.9109
2004   06   76.9231
2004   07   136.2843
2004   08   75.4567
2004   09   34.7085
2004   10   29.8030
2004   11   68.7981
2004   12   13.6059
2005   01   12.1961
2005   02   11.1825
2005   03   15.8926
2005   04   18.4005
2005   05   146.9087
2005   06   160.8539
2005   07   85.1718
2005   08   157.5242
2005   09   32.9787
2005   10   25.8695
2005   11   27.3647
2005   12   12.2239
2006   01   10.3948
2006   02   11.3706
2006   03   7.0681
2006   04   11.0132
2006   05   76.9999
2006   06   130.0271
2006   07   195.6229
2006   08   126.5300
2006   09   41.5515
2006   10   89.2715
2006   11   15.3369
2006   12   13.4495
2007   01   12.4462
2007   02   12.1298
2007   03   19.1812
2007   04   20.6246
2007   05   87.4564
2007   06   161.0796
2007   07   97.0105
2007   08   72.7575
2007   09   17.4073
2007   10   30.4064
2007   11   13.6744
2007   12   12.8481
2008   01   12.0494
2008   02   9.7393
2008   03   11.5114
2008   04   30.9587
2008   05   190.5103
2008   06   75.3322
2008   07   94.2341
2008   08   120.3807
2008   09   32.2093
2008   10   21.2173
2008   11   12.4721
2008   12   13.0115
2009   01   11.2035
2009   02   10.0246
2009   03   7.0407
2009   04   7.4825
2009   05   50.8468
2009   06   89.2943
2009   07   69.9926
2009   08   100.3126
2009   09   42.0386
2009   10   35.3198
2009   11   16.8522
2009   12   12.8978
2010   01   13.7193
2010   02   8.6089
2010   03   7.8051
2010   04   15.0151
2010   05   124.6887
2010   06   97.3155
2010   07   93.7075
2010   08   40.6002
2010   09   26.2154
2010   10   28.7127
2010   11   23.5951
2010   12   13.5949
2011   01   10.5615
2011   02   10.9233
2011   03   7.3943
2011   04   16.5284
2011   05   35.2062
2011   06   70.3095
2011   07   100.8522
2011   08   80.7298
2011   09   16.7987
2011   10   25.7300
2011   11   20.1740
2011   12   12.5057
2012   01   12.9661
2012   02   9.8988
2012   03   7.7093
2012   04   22.7027
2012   05   81.4026
2012   06   98.3454
2012   07   47.9077
2012   08   57.1746
2012   09   33.7938
2012   10   67.9707
2012   11   17.2145
2012   12   19.4820
2013   01   12.6301
2013   02   11.6977
2013   03   10.4185
2013   04   9.8592
2013   05   109.1112
2013   06   38.3132
2013   07   48.2971
2013   08   48.4113
2013   09   25.1514
2013   10   27.0968
2013   11   17.6872
2013   12   15.3597
2014   01   12.9971
2014   02   19.1636
2014   03   7.7400
2014   04   13.4497
2014   05   76.3478
2014   06   95.6904
2014   07   55.2300
2014   08   75.2790
2014   09   53.5190
2014   10   50.9852
2014   11   21.3736
2014   12   20.2993
2015   01   11.4783
2015   02   15.7673
2015   03   20.3237
2015   04   8.5739
2015   05   36.0753
2015   06   22.7772
2015   07   80.7093
2015   08   152.8626
2015   09   45.0076
2015   10   87.8956
2015   11   23.1930
2015   12   18.0563
2016   01   22.1979
2016   02   11.8153
2016   03   10.5159
2016   04   113.6066
2016   05   128.7065
2016   06   66.0601
2016   07   82.2918
2016   08   29.8127
2016   09   13.3084
2016   10   48.2301
2016   11   15.2809
2016   12   30.4554
2017   01   11.4825
2017   02   18.0618
2017   03   8.2756
2017   04   44.1695
2017   05   116.7593
2017   06   72.6558
2017   07   70.9159
2017   08   66.1308
2017   09   29.2520
2017   10   61.1106
2017   11   23.4486
2017   12   15.4163
2018   01   14.3966
2018   02   11.4662
2018   03   7.4676
2018   04   14.1932
2018   05   97.9604
2018   06   59.9208
2018   07   80.9697
2018   08   29.1111
2018   09   42.1784
2018   10   35.0614
2018   11   14.0229
2018   12   20.1622
2019   01   13.2423
2019   02   11.8667
2019   03   9.3185
2019   04   27.5517
2019   05   77.8902
2019   06   67.1708
2019   07   43.5905
2019   08   28.0349
2019   09   21.3528
2019   10   30.4149
2019   11   11.4842
2019   12   14.5864
2020   01   11.3553
2020   02   12.2879
2020   03   5.9862
2020   04   15.2577
2020   05   38.0127
2020   06   131.9253
2020   07   112.2851
2020   08   22.5791
2020   09   12.5592
2020   10   11.7615
2020   11   14.7304
2020   12   13.1672
2021   01   49.3223
2021   02   18.2449
2021   03   7.8812
2021   04   6.3013
2021   05   83.4210
2021   06   50.0006
2021   07   21.3992
2021   08   46.0382
2021   09   26.4548
2021   10   25.3344
2021   11   12.0194
2021   12   14.0411
2022   01   14.5363
2022   02   21.8416
2022   03   5.6483
2022   04   35.6907
2022   05   36.9615
2022   06   42.7160
2022   07   135.5840
2022   08   30.2050
2022   09   19.9785
2022   10   11.8192
2022   11   12.2535
2022   12   13.8076
2023   01   14.4168
2023   02   9.5062
2023   03   6.5622
2023   04   12.6931
2023   05   45.9570
2023   06   67.6488
2023   07   51.3957
2023   08   115.5635
2023   09   114.7459
2023   10   22.4806
2023   11   35.6864
2023   12   16.6917
2024   01   12.8581
2024   02   12.9979
2024   03   6.8121
2024   04   10.4422
2024   05   253.9440
2024   06   224.0256
2024   07   33.2039
2024   08   105.6568
2024   09   26.8310
2024   10   37.2879
2024   11   9.8373
2024   11   9.8373
2024   12   14.0025
2025   01   11.2313
2025   02   8.2842
2025   03   9.7490
2025   04   7.3202
2025   05   170.9788
2025   06   80.0301
