1991   01   2.5429
1991   02   3.6931
1991   03   2.1495
1991   04   10.6586
1991   05   111.3331
1991   06   119.0765
1991   07   109.8931
1991   08   42.3629
1991   09   27.1108
1991   10   12.2418
1991   11   3.9863
1991   12   4.2106
1992   01   2.5429
1992   02   3.9207
1992   03   6.7009
1992   04   28.1461
1992   05   204.9896
1992   06   130.1913
1992   07   22.2063
1992   08   77.1671
1992   09   16.7951
1992   10   6.6280
1992   11   7.2072
1992   12   2.9647
1993   01   2.7128
1993   02   5.2301
1993   03   2.3964
1993   04   29.2625
1993   05   86.0267
1993   06   69.0594
1993   07   35.9007
1993   08   51.0024
1993   09   8.5430
1993   10   7.2295
1993   11   4.5429
1993   12   3.3687
1994   01   2.9164
1994   02   5.6881
1994   03   2.7744
1994   04   19.1898
1994   05   61.3012
1994   06   104.7439
1994   07   55.6734
1994   08   26.6563
1994   09   21.0513
1994   10   10.2375
1994   11   4.3291
1994   12   5.1722
1995   01   2.9163
1995   02   8.1886
1995   03   2.7333
1995   04   20.8330
1995   05   43.2893
1995   06   67.3273
1995   07   42.1150
1995   08   45.3327
1995   09   24.8836
1995   10   9.4252
1995   11   3.7853
1995   12   3.4616
1996   01   2.9298
1996   02   5.6804
1996   03   2.8367
1996   04   24.3300
1996   05   36.0083
1996   06   61.9533
1996   07   58.1748
1996   08   29.7057
1996   09   12.1952
1996   10   9.2002
1996   11   4.3697
1996   12   3.7634
1997   01   2.9319
1997   02   5.6449
1997   03   3.0615
1997   04   12.9607
1997   05   158.0283
1997   06   349.2621
1997   07   83.8037
1997   08   106.4157
1997   09   23.2728
1997   10   17.8291
1997   11   6.2303
1997   12   4.1545
1998   01   2.9163
1998   02   5.6605
1998   03   3.3033
1998   04   27.6057
1998   05   87.2009
1998   06   71.0281
1998   07   11.9670
1998   08   18.9688
1998   09   21.0815
1998   10   6.9204
1998   11   4.4622
1998   12   3.5034
1999   01   2.9508
1999   02   5.6507
1999   03   3.0300
1999   04   20.3270
1999   05   20.0733
1999   06   39.9950
1999   07   46.2677
1999   08   113.5883
1999   09   37.3686
1999   10   19.8571
1999   11   5.7508
1999   12   3.3735
2000   01   2.7445
2000   02   5.3162
2000   03   2.1042
2000   04   26.9135
2000   05   37.6624
2000   06   320.5102
2000   07   24.0551
2000   08   19.2382
2000   09   59.4468
2000   10   9.5589
2000   11   5.7737
2000   12   3.1526
2001   01   2.9130
2001   02   5.0412
2001   03   2.2765
2001   04   16.3851
2001   05   79.2551
2001   06   65.3414
2001   07   211.0377
2001   08   90.4571
2001   09   19.9923
2001   10   7.3418
2001   11   4.5377
2001   12   2.9389
2002   01   2.7465
2002   02   4.6834
2002   03   3.0207
2002   04   19.9984
2002   05   251.7254
2002   06   181.5009
2002   07   77.2985
2002   08   128.1713
2002   09   28.4371
2002   10   10.3049
2002   11   3.4269
2002   12   3.3633
2003   01   2.5104
2003   02   4.6322
2003   03   2.1567
2003   04   7.2497
2003   05   101.0023
2003   06   107.1916
2003   07   37.2166
2003   08   38.2095
2003   09   17.2906
2003   10   5.8280
2003   11   11.6779
2003   12   2.8700
2004   01   2.7465
2004   02   4.3932
2004   03   3.0200
2004   04   22.0177
2004   05   37.2963
2004   06   134.2981
2004   07   90.7015
2004   08   55.9761
2004   09   13.9431
2004   10   7.3944
2004   11   20.4294
2004   12   2.6870
2005   01   2.6697
2005   02   4.6214
2005   03   7.3034
2005   04   5.6458
2005   05   115.7495
2005   06   189.0070
2005   07   58.6009
2005   08   154.2873
2005   09   17.2052
2005   10   9.1705
2005   11   6.9195
2005   12   2.9793
2006   01   2.9130
2006   02   4.9045
2006   03   2.0999
2006   04   8.4360
2006   05   53.2007
2006   06   127.2844
2006   07   144.6175
2006   08   73.7408
2006   09   15.7790
2006   10   24.7399
2006   11   3.2744
2006   12   2.9955
2007   01   2.9193
2007   02   5.1985
2007   03   4.3623
2007   04   11.0966
2007   05   48.7859
2007   06   62.2974
2007   07   43.9278
2007   08   48.5482
2007   09   9.3118
2007   10   6.5982
2007   11   3.3279
2007   12   3.2598
2008   01   2.7465
2008   02   4.6525
2008   03   1.9349
2008   04   8.1037
2008   05   154.4355
2008   06   78.3758
2008   07   47.5906
2008   08   116.3743
2008   09   14.0068
2008   10   6.1638
2008   11   3.0712
2008   12   3.0112
2009   01   2.7460
2009   02   4.6077
2009   03   2.1610
2009   04   4.0979
2009   05   41.5683
2009   06   116.4912
2009   07   40.4247
2009   08   86.1802
2009   09   22.0423
2009   10   10.9142
2009   11   3.5833
2009   12   3.0112
2010   01   2.7058
2010   02   4.5527
2010   03   2.0947
2010   04   6.4407
2010   05   46.5129
2010   06   41.6532
2010   07   18.0225
2010   08   25.0769
2010   09   11.1519
2010   10   9.8057
2010   11   4.8383
2010   12   3.0112
2011   01   2.7762
2011   02   5.1011
2011   03   2.1055
2011   04   7.9498
2011   05   12.7971
2011   06   80.8792
2011   07   32.0172
2011   08   96.6285
2011   09   7.2107
2011   10   5.9147
2011   11   3.4966
2011   12   3.0112
2012   01   2.7465
2012   02   4.7138
2012   03   2.0874
2012   04   10.0371
2012   05   125.6143
2012   06   105.1642
2012   07   9.7693
2012   08   71.0699
2012   09   13.0012
2012   10   24.3951
2012   11   4.2677
2012   12   3.4318
2013   01   2.9695
2013   02   5.6471
2013   03   5.4654
2013   04   6.1147
2013   05   153.5975
2013   06   42.0531
2013   07   33.2246
2013   08   56.6513
2013   09   25.3266
2013   10   10.2675
2013   11   3.1495
2013   12   3.2067
2014   01   2.8205
2014   02   7.6138
2014   03   2.8465
2014   04   7.7303
2014   05   26.4981
2014   06   94.6485
2014   07   56.9159
2014   08   47.7008
2014   09   37.9088
2014   10   8.1461
2014   11   7.5827
2014   12   3.2365
2015   01   2.7874
2015   02   4.9880
2015   03   7.0444
2015   04   7.7912
2015   05   28.7270
2015   06   16.8239
2015   07   69.5363
2015   08   168.9070
2015   09   23.7594
2015   10   27.4353
2015   11   7.0055
2015   12   3.4302
2016   01   2.5078
2016   02   5.0018
2016   03   3.4868
2016   04   78.3648
2016   05   89.1137
2016   06   51.4898
2016   07   90.2487
2016   08   19.0851
2016   09   5.7898
2016   10   15.5989
2016   11   3.6954
2016   12   6.2745
2017   01   2.7874
2017   02   4.8655
2017   03   2.4741
2017   04   11.6033
2017   05   110.4133
2017   06   104.2305
2017   07   41.3280
2017   08   72.2539
2017   09   16.0877
2017   10   22.4635
2017   11   5.6750
2017   12   3.2491
2018   01   2.7731
2018   02   5.0145
2018   03   2.7645
2018   04   11.2379
2018   05   61.7159
2018   06   58.7188
2018   07   25.8195
2018   08   26.2741
2018   09   17.3465
2018   10   11.1067
2018   11   3.1458
2018   12   3.0728
2019   01   2.7874
2019   02   5.0242
2019   03   4.9818
2019   04   13.4798
2019   05   45.1066
2019   06   22.9586
2019   07   27.4207
2019   08   17.9229
2019   09   15.1170
2019   10   11.2339
2019   11   2.3088
2019   12   2.9729
2020   01   2.7669
2020   02   4.6836
2020   03   2.4069
2020   04   8.3435
2020   05   13.9911
2020   06   149.9487
2020   07   45.4467
2020   08   16.8494
2020   09   6.6915
2020   10   4.5548
2020   11   4.0037
2020   12   3.1760
2021   01   6.9778
2021   02   4.7867
2021   03   3.1179
2021   04   5.3004
2021   05   29.6431
2021   06   23.7134
2021   07   3.4643
2021   08   25.2006
2021   09   12.3252
2021   10   9.6395
2021   11   2.3602
2021   12   2.9200
2022   01   3.1956
2022   02   8.6879
2022   03   2.2670
2022   04   21.2310
2022   05   11.5312
2022   06   53.0680
2022   07   63.3133
2022   08   21.2285
2022   09   9.8983
2022   10   4.5034
2022   11   3.4390
2022   12   3.0208
2023   01   2.9629
2023   02   4.6484
2023   03   2.2628
2023   04   6.1828
2023   05   27.8125
2023   06   64.3070
2023   07   36.8370
2023   08   105.3235
2023   09   28.7724
2023   10   8.2047
2023   11   9.2047
2023   12   2.7984
2024   01   2.7733
2024   02   5.5900
2024   03   2.3764
2024   04   6.9457
2024   05   102.5950
2024   06   217.5658
2024   07   28.5164
2024   08   122.5253
2024   09   12.9474
2024   10   9.5787
2024   11   2.2171
2024   11   2.2171
2024   12   2.7498
2025   01   2.4825
2025   02   4.1929
2025   03   5.0769
2025   04   4.4890
2025   05   64.3229
2025   06   39.4225
