1991   01   43.3324
1991   02   19.0087
1991   03   37.9813
1991   04   8.3114
1991   05   0.8177
1991   06   1.0739
1991   07   2.9056
1991   08   4.2186
1991   09   7.1807
1991   10   4.6651
1991   11   9.1308
1991   12   10.7107
1992   01   28.3393
1992   02   6.9836
1992   03   7.5740
1992   04   9.2422
1992   05   0.9512
1992   06   1.0817
1992   07   3.8145
1992   08   5.6197
1992   09   7.2365
1992   10   4.0354
1992   11   6.2643
1992   12   23.9544
1993   01   169.5647
1993   02   16.1774
1993   03   34.8738
1993   04   8.4940
1993   05   0.7900
1993   06   1.0423
1993   07   2.7146
1993   08   8.8252
1993   09   6.8105
1993   10   4.6540
1993   11   7.4537
1993   12   34.4856
1994   01   73.8868
1994   02   69.8817
1994   03   19.3856
1994   04   13.3298
1994   05   0.9663
1994   06   1.0123
1994   07   4.0569
1994   08   4.8313
1994   09   7.3531
1994   10   3.2551
1994   11   4.9998
1994   12   26.8024
1995   01   51.2139
1995   02   12.1043
1995   03   68.7653
1995   04   7.8944
1995   05   0.9819
1995   06   0.9912
1995   07   2.8654
1995   08   4.0239
1995   09   6.5597
1995   10   3.6944
1995   11   5.1418
1995   12   13.2051
1996   01   55.7869
1996   02   50.1332
1996   03   19.0295
1996   04   8.2017
1996   05   0.8584
1996   06   1.0001
1996   07   2.8204
1996   08   4.1268
1996   09   6.6273
1996   10   3.2884
1996   11   8.2468
1996   12   25.7838
1997   01   124.7318
1997   02   107.2620
1997   03   33.8293
1997   04   10.3111
1997   05   0.8053
1997   06   1.0066
1997   07   2.7878
1997   08   12.0684
1997   09   12.4693
1997   10   3.4556
1997   11   7.3203
1997   12   24.8189
1998   01   120.3869
1998   02   31.8601
1998   03   7.5916
1998   04   7.2381
1998   05   0.8124
1998   06   1.1035
1998   07   2.8188
1998   08   3.9612
1998   09   6.2471
1998   10   4.5327
1998   11   8.8821
1998   12   19.9931
1999   01   42.2835
1999   02   123.9477
1999   03   122.8405
1999   04   14.6125
1999   05   0.8664
1999   06   1.0032
1999   07   2.8012
1999   08   4.0771
1999   09   8.0657
1999   10   5.8495
1999   11   2.7711
1999   12   19.4189
2000   01   163.9878
2000   02   89.0936
2000   03   63.5667
2000   04   7.2170
2000   05   0.6521
2000   06   1.0185
2000   07   2.9678
2000   08   4.3213
2000   09   4.7707
2000   10   7.1545
2000   11   4.7880
2000   12   41.8908
2001   01   164.4346
2001   02   142.7594
2001   03   74.7417
2001   04   13.6453
2001   05   0.9814
2001   06   1.1998
2001   07   3.4796
2001   08   5.1994
2001   09   6.0238
2001   10   5.6224
2001   11   4.6947
2001   12   20.4872
2002   01   49.4832
2002   02   126.8116
2002   03   82.1723
2002   04   19.7387
2002   05   0.5454
2002   06   1.0076
2002   07   6.5764
2002   08   4.1964
2002   09   4.0608
2002   10   7.4015
2002   11   11.5283
2002   12   24.3067
2003   01   68.9765
2003   02   42.7450
2003   03   64.0045
2003   04   8.6311
2003   05   0.9418
2003   06   1.0143
2003   07   3.7763
2003   08   4.5433
2003   09   4.7813
2003   10   2.6116
2003   11   4.8995
2003   12   20.8375
2004   01   115.6805
2004   02   79.4189
2004   03   34.7050
2004   04   11.4234
2004   05   0.6874
2004   06   1.0232
2004   07   5.5198
2004   08   7.7842
2004   09   4.3536
2004   10   3.0463
2004   11   2.3810
2004   12   17.6116
2005   01   77.3627
2005   02   74.0385
2005   03   27.9775
2005   04   12.5045
2005   05   0.6033
2005   06   1.0036
2005   07   2.9224
2005   08   4.1641
2005   09   9.3467
2005   10   3.2567
2005   11   6.4683
2005   12   44.6430
2006   01   134.3627
2006   02   78.1683
2006   03   84.8474
2006   04   9.6374
2006   05   0.6266
2006   06   1.0049
2006   07   3.6282
2006   08   4.4866
2006   09   6.4567
2006   10   8.0614
2006   11   8.2597
2006   12   18.7180
2007   01   64.3749
2007   02   45.4099
2007   03   61.3432
2007   04   13.0396
2007   05   1.8559
2007   06   1.0406
2007   07   4.3177
2007   08   4.8537
2007   09   6.1969
2007   10   4.9293
2007   11   8.3633
2007   12   24.8247
2008   01   201.1431
2008   02   55.3463
2008   03   32.0272
2008   04   5.0970
2008   05   0.8480
2008   06   1.0167
2008   07   2.9559
2008   08   5.6683
2008   09   4.0191
2008   10   3.1700
2008   11   3.1659
2008   12   31.7350
2009   01   38.0970
2009   02   72.7848
2009   03   38.2480
2009   04   11.8734
2009   05   0.5208
2009   06   1.0171
2009   07   3.8452
2009   08   4.4648
2009   09   4.9975
2009   10   3.2161
2009   11   12.1079
2009   12   20.5476
2010   01   65.3814
2010   02   38.7596
2010   03   14.0458
2010   04   11.3536
2010   05   0.6291
2010   06   1.0112
2010   07   3.0528
2010   08   4.8126
2010   09   4.3754
2010   10   3.9964
2010   11   4.4690
2010   12   27.5681
2011   01   88.7188
2011   02   109.6002
2011   03   19.8470
2011   04   13.6895
2011   05   0.6864
2011   06   1.0644
2011   07   5.5061
2011   08   5.7673
2011   09   6.7239
2011   10   5.6494
2011   11   5.4898
2011   12   74.2245
2012   01   139.7430
2012   02   112.6109
2012   03   63.2535
2012   04   18.6569
2012   05   0.7665
2012   06   1.0644
2012   07   3.4571
2012   08   4.8378
2012   09   8.1830
2012   10   5.3599
2012   11   6.9012
2012   12   55.2423
2013   01   114.5929
2013   02   73.8935
2013   03   33.2984
2013   04   5.0788
2013   05   1.1466
2013   06   1.0181
2013   07   3.4186
2013   08   7.0503
2013   09   8.8407
2013   10   11.1218
2013   11   4.5598
2013   12   63.3369
2014   01   165.1117
2014   02   35.7639
2014   03   26.6457
2014   04   13.6133
2014   05   1.6424
2014   06   1.0163
2014   07   3.8035
2014   08   5.8422
2014   09   14.4781
2014   10   8.8784
2014   11   5.6009
2014   12   31.0604
2015   01   146.7822
2015   02   56.1573
2015   03   78.4473
2015   04   30.7570
2015   05   1.0791
2015   06   1.0163
2015   07   4.6585
2015   08   5.4943
2015   09   8.5106
2015   10   6.0678
2015   11   6.7801
2015   12   17.1031
2016   01   42.2259
2016   02   85.6358
2016   03   10.8214
2016   04   25.2056
2016   05   0.9037
2016   06   1.0420
2016   07   3.3234
2016   08   5.4981
2016   09   8.1275
2016   10   6.6991
2016   11   5.6438
2016   12   36.7434
2017   01   150.2474
2017   02   51.7046
2017   03   56.7424
2017   04   12.3353
2017   05   1.6659
2017   06   1.0190
2017   07   2.8653
2017   08   4.7643
2017   09   10.2314
2017   10   7.5361
2017   11   5.0541
2017   12   37.7533
2018   01   115.2777
2018   02   82.7997
2018   03   67.1991
2018   04   16.6620
2018   05   1.8796
2018   06   1.0448
2018   07   6.4865
2018   08   6.4113
2018   09   7.8447
2018   10   10.7717
2018   11   4.7104
2018   12   63.7286
2019   01   162.5251
2019   02   97.1247
2019   03   25.3851
2019   04   18.7136
2019   05   2.4895
2019   06   1.0319
2019   07   3.4740
2019   08   4.7797
2019   09   14.7312
2019   10   4.8837
2019   11   9.7499
2019   12   17.3933
2020   01   63.1587
2020   02   91.9911
2020   03   59.0383
2020   04   7.3271
2020   05   2.5691
2020   06   1.0043
2020   07   2.6058
2020   08   5.1718
2020   09   8.4256
2020   10   6.0098
2020   11   5.3725
2020   12   40.9556
2021   01   112.6557
2021   02   28.0001
2021   03   67.6572
2021   04   11.8990
2021   05   0.9367
2021   06   1.0593
2021   07   2.8471
2021   08   4.4794
2021   09   14.4303
2021   10   5.8991
2021   11   11.5789
2021   12   96.1597
2022   01   88.3182
2022   02   44.7454
2022   03   92.6296
2022   04   9.8420
2022   05   0.8233
2022   06   0.9971
2022   07   2.5636
2022   08   4.3421
2022   09   6.2001
2022   10   2.3527
2022   11   3.7187
2022   12   42.0530
2023   01   43.5124
2023   02   39.8007
2023   03   42.3833
2023   04   8.3961
2023   05   2.7598
2023   06   0.9712
2023   07   3.9161
2023   08   4.0609
2023   09   5.7361
2023   10   4.7962
2023   11   10.1409
2023   12   58.1818
2024   01   53.2096
2024   02   62.5516
2024   03   50.8742
2024   04   23.6707
2024   05   2.1589
2024   06   0.9676
2024   07   2.4030
2024   08   4.5141
2024   09   6.7198
2024   10   7.6478
2024   11   22.0316
2024   11   22.0316
2024   12   22.6763
2025   01   112.6191
2025   02   54.4459
2025   03   75.0703
2025   04   25.4382
2025   05   2.1977
2025   06   1.0564
