1991   01   6.7054
1991   02   4.0520
1991   03   4.8760
1991   04   16.7223
1991   05   107.8226
1991   06   153.8475
1991   07   99.7432
1991   08   45.8940
1991   09   56.7978
1991   10   22.7923
1991   11   7.5747
1991   12   7.8154
1992   01   6.7108
1992   02   4.8137
1992   03   7.8436
1992   04   38.5276
1992   05   166.6005
1992   06   359.6720
1992   07   17.5855
1992   08   108.9661
1992   09   22.6279
1992   10   9.4511
1992   11   14.8142
1992   12   4.6831
1993   01   6.7007
1993   02   7.9767
1993   03   5.0089
1993   04   43.1906
1993   05   74.2162
1993   06   149.4277
1993   07   74.4584
1993   08   38.6175
1993   09   10.1054
1993   10   15.1769
1993   11   7.5703
1993   12   5.1066
1994   01   6.8274
1994   02   4.7579
1994   03   4.8184
1994   04   29.6305
1994   05   45.0057
1994   06   141.6372
1994   07   77.0755
1994   08   22.1515
1994   09   29.6200
1994   10   14.5976
1994   11   5.7131
1994   12   9.1316
1995   01   6.7323
1995   02   5.0075
1995   03   4.8373
1995   04   48.7228
1995   05   24.0478
1995   06   109.0070
1995   07   49.7386
1995   08   42.2864
1995   09   19.0034
1995   10   15.1036
1995   11   4.9139
1995   12   4.5789
1996   01   5.7898
1996   02   4.6704
1996   03   4.9355
1996   04   36.7623
1996   05   38.5692
1996   06   99.1895
1996   07   39.8277
1996   08   71.3406
1996   09   16.0356
1996   10   14.5443
1996   11   7.6650
1996   12   4.9552
1997   01   6.5206
1997   02   5.1643
1997   03   4.3756
1997   04   21.0518
1997   05   102.3633
1997   06   404.1962
1997   07   125.5282
1997   08   101.7780
1997   09   44.5412
1997   10   41.5679
1997   11   15.4501
1997   12   6.8798
1998   01   7.3167
1998   02   4.5335
1998   03   5.9491
1998   04   36.2917
1998   05   36.0002
1998   06   43.8919
1998   07   18.0919
1998   08   27.6961
1998   09   19.7491
1998   10   9.2295
1998   11   5.7378
1998   12   5.3108
1999   01   6.3586
1999   02   4.7131
1999   03   7.1372
1999   04   21.8927
1999   05   20.9601
1999   06   47.7277
1999   07   43.3358
1999   08   130.9947
1999   09   68.0406
1999   10   14.6885
1999   11   7.6180
1999   12   5.6389
2000   01   6.0217
2000   02   4.8858
2000   03   3.9529
2000   04   34.2842
2000   05   39.0788
2000   06   320.4260
2000   07   21.7716
2000   08   24.4854
2000   09   101.4631
2000   10   15.2289
2000   11   10.8295
2000   12   4.4350
2001   01   6.7685
2001   02   3.8331
2001   03   5.5864
2001   04   33.5575
2001   05   76.8874
2001   06   47.1675
2001   07   217.6078
2001   08   138.4098
2001   09   32.5221
2001   10   13.3843
2001   11   5.7636
2001   12   5.0762
2002   01   5.9285
2002   02   4.0209
2002   03   9.7069
2002   04   16.2230
2002   05   176.6625
2002   06   245.9375
2002   07   113.9890
2002   08   210.5897
2002   09   36.8011
2002   10   22.0367
2002   11   5.1463
2002   12   7.1592
2003   01   5.7095
2003   02   3.3927
2003   03   3.5954
2003   04   13.3247
2003   05   83.3088
2003   06   136.0866
2003   07   79.4301
2003   08   43.4836
2003   09   30.7276
2003   10   16.5697
2003   11   19.3999
2003   12   4.4843
2004   01   5.8458
2004   02   3.4217
2004   03   7.9866
2004   04   45.0863
2004   05   19.3504
2004   06   116.3930
2004   07   70.1957
2004   08   116.1795
2004   09   26.3349
2004   10   12.3386
2004   11   40.0316
2004   12   5.3046
2005   01   5.7330
2005   02   3.4767
2005   03   18.6752
2005   04   12.9444
2005   05   110.9685
2005   06   246.4409
2005   07   58.5864
2005   08   199.7711
2005   09   32.2637
2005   10   15.2568
2005   11   11.5206
2005   12   4.8351
2006   01   6.1946
2006   02   3.7790
2006   03   3.6013
2006   04   15.5934
2006   05   55.2759
2006   06   163.6618
2006   07   209.2328
2006   08   67.4023
2006   09   21.1106
2006   10   41.3756
2006   11   4.5739
2006   12   4.3503
2007   01   6.4997
2007   02   4.9099
2007   03   9.7720
2007   04   16.5838
2007   05   56.2658
2007   06   92.1535
2007   07   58.9751
2007   08   64.2297
2007   09   10.7135
2007   10   13.7110
2007   11   4.8799
2007   12   4.3970
2008   01   5.9799
2008   02   3.4431
2008   03   4.3236
2008   04   16.4833
2008   05   128.8137
2008   06   78.3455
2008   07   46.6389
2008   08   121.6130
2008   09   12.7466
2008   10   9.1140
2008   11   4.9588
2008   12   4.0745
2009   01   6.1426
2009   02   3.8491
2009   03   3.6709
2009   04   8.7648
2009   05   24.8716
2009   06   148.7701
2009   07   32.0763
2009   08   129.1725
2009   09   35.1356
2009   10   16.4385
2009   11   9.8670
2009   12   4.0265
2010   01   6.3676
2010   02   3.3944
2010   03   3.5508
2010   04   9.2697
2010   05   54.3576
2010   06   110.4902
2010   07   42.8041
2010   08   23.4965
2010   09   13.4417
2010   10   16.8299
2010   11   9.6825
2010   12   4.5178
2011   01   6.9884
2011   02   3.7332
2011   03   4.5946
2011   04   17.6278
2011   05   14.1184
2011   06   84.5343
2011   07   40.1490
2011   08   86.8730
2011   09   8.9476
2011   10   9.1308
2011   11   5.5336
2011   12   3.9960
2012   01   5.9664
2012   02   3.5341
2012   03   3.5035
2012   04   14.8435
2012   05   128.6888
2012   06   119.3585
2012   07   13.1629
2012   08   96.2141
2012   09   9.1643
2012   10   36.6630
2012   11   7.3157
2012   12   5.1507
2013   01   6.7399
2013   02   5.1297
2013   03   3.6313
2013   04   11.3098
2013   05   135.9781
2013   06   54.8224
2013   07   80.0603
2013   08   38.6871
2013   09   30.4265
2013   10   16.2608
2013   11   6.2770
2013   12   4.2223
2014   01   6.2643
2014   02   3.9081
2014   03   5.2265
2014   04   11.7396
2014   05   53.4901
2014   06   128.2654
2014   07   49.6774
2014   08   35.5660
2014   09   59.5438
2014   10   13.9491
2014   11   11.0131
2014   12   4.6217
2015   01   6.2234
2015   02   4.6112
2015   03   8.4182
2015   04   18.6579
2015   05   21.8555
2015   06   25.2780
2015   07   112.8958
2015   08   141.6561
2015   09   49.9751
2015   10   38.3061
2015   11   6.8191
2015   12   5.0639
2016   01   7.4658
2016   02   4.2304
2016   03   5.9924
2016   04   70.9836
2016   05   81.5147
2016   06   42.2463
2016   07   126.2897
2016   08   11.3681
2016   09   6.5517
2016   10   26.6187
2016   11   5.7064
2016   12   11.5337
2017   01   6.4898
2017   02   4.9407
2017   03   4.0571
2017   04   20.5189
2017   05   98.2726
2017   06   137.8917
2017   07   42.3265
2017   08   60.1333
2017   09   16.6942
2017   10   34.9245
2017   11   10.6870
2017   12   4.4887
2018   01   7.1610
2018   02   4.0925
2018   03   5.7445
2018   04   10.6826
2018   05   59.0591
2018   06   53.1056
2018   07   69.1116
2018   08   34.1560
2018   09   37.4423
2018   10   28.2733
2018   11   4.8500
2018   12   4.8484
2019   01   6.0396
2019   02   4.0219
2019   03   6.3246
2019   04   14.7115
2019   05   47.8670
2019   06   74.5354
2019   07   39.0851
2019   08   23.0188
2019   09   20.9110
2019   10   15.6149
2019   11   3.3999
2019   12   4.2153
2020   01   5.9119
2020   02   3.5943
2020   03   3.4892
2020   04   10.9227
2020   05   11.5361
2020   06   191.7433
2020   07   70.5632
2020   08   16.2621
2020   09   8.7834
2020   10   6.5400
2020   11   4.4027
2020   12   4.2575
2021   01   22.5937
2021   02   3.7020
2021   03   3.3829
2021   04   10.3000
2021   05   17.9359
2021   06   56.6256
2021   07   15.1884
2021   08   40.6602
2021   09   18.0739
2021   10   10.8935
2021   11   4.1477
2021   12   3.7766
2022   01   6.5310
2022   02   5.9062
2022   03   3.3332
2022   04   36.8021
2022   05   14.7718
2022   06   73.0893
2022   07   83.7032
2022   08   19.8912
2022   09   17.5058
2022   10   6.7700
2022   11   5.0742
2022   12   5.9594
2023   01   6.6558
2023   02   3.4681
2023   03   3.2643
2023   04   17.6863
2023   05   33.9180
2023   06   91.8644
2023   07   41.7528
2023   08   150.4983
2023   09   47.2715
2023   10   17.3191
2023   11   19.4975
2023   12   3.9099
2024   01   5.9664
2024   02   5.0725
2024   03   3.2049
2024   04   13.7553
2024   05   66.2935
2024   06   205.3681
2024   07   41.3930
2024   08   95.5048
2024   09   22.7179
2024   10   10.9543
2024   11   3.6641
2024   11   3.6641
2024   12   3.5193
2025   01   5.3249
2025   02   3.1497
2025   03   6.8290
2025   04   8.4783
2025   05   66.7033
2025   06   89.9320
