1991   01   5.5927
1991   02   4.0211
1991   03   4.8861
1991   04   56.3376
1991   05   234.9175
1991   06   157.8282
1991   07   205.6423
1991   08   64.1071
1991   09   109.9103
1991   10   47.3611
1991   11   22.0687
1991   12   18.9345
1992   01   4.0884
1992   02   8.1003
1992   03   8.6008
1992   04   52.7187
1992   05   436.0864
1992   06   471.2390
1992   07   88.9928
1992   08   121.0328
1992   09   37.4644
1992   10   24.1080
1992   11   15.8791
1992   12   7.5503
1993   01   5.6578
1993   02   5.7339
1993   03   5.2579
1993   04   68.4843
1993   05   212.3552
1993   06   134.3502
1993   07   115.0012
1993   08   49.0418
1993   09   14.4770
1993   10   18.1559
1993   11   14.8611
1993   12   8.7670
1994   01   3.3315
1994   02   3.2949
1994   03   4.9552
1994   04   57.6572
1994   05   128.1788
1994   06   181.5191
1994   07   154.3345
1994   08   27.7310
1994   09   81.0378
1994   10   33.3763
1994   11   8.9436
1994   12   11.3034
1995   01   5.3013
1995   02   3.3569
1995   03   4.4045
1995   04   83.5833
1995   05   47.9562
1995   06   210.2576
1995   07   160.1259
1995   08   70.7087
1995   09   13.3762
1995   10   34.2580
1995   11   6.9026
1995   12   6.3627
1996   01   3.5253
1996   02   4.2151
1996   03   5.1793
1996   04   45.0924
1996   05   63.4209
1996   06   161.5651
1996   07   75.8356
1996   08   119.3360
1996   09   16.8426
1996   10   18.3293
1996   11   10.8048
1996   12   10.5836
1997   01   4.6024
1997   02   4.9807
1997   03   4.0070
1997   04   70.2384
1997   05   131.3103
1997   06   366.8117
1997   07   146.4290
1997   08   76.9165
1997   09   60.1205
1997   10   71.4034
1997   11   27.9441
1997   12   8.4399
1998   01   5.0647
1998   02   4.7244
1998   03   4.3667
1998   04   35.4799
1998   05   136.5898
1998   06   54.3530
1998   07   36.7236
1998   08   41.9857
1998   09   48.6328
1998   10   10.8175
1998   11   10.8203
1998   12   11.9209
1999   01   4.0876
1999   02   4.5521
1999   03   12.2945
1999   04   27.9138
1999   05   83.7260
1999   06   162.0026
1999   07   104.5127
1999   08   99.3243
1999   09   110.4495
1999   10   19.1814
1999   11   8.8618
1999   12   6.3109
2000   01   3.5956
2000   02   7.1513
2000   03   5.0305
2000   04   45.5452
2000   05   77.6968
2000   06   491.9101
2000   07   72.1262
2000   08   57.4226
2000   09   188.3709
2000   10   34.8569
2000   11   26.9652
2000   12   6.9581
2001   01   6.1379
2001   02   3.1211
2001   03   9.0784
2001   04   46.8775
2001   05   359.8201
2001   06   128.6886
2001   07   376.6369
2001   08   165.9889
2001   09   41.7990
2001   10   23.6991
2001   11   11.9814
2001   12   6.8242
2002   01   4.1467
2002   02   6.1014
2002   03   13.2409
2002   04   38.2566
2002   05   288.6358
2002   06   211.4885
2002   07   189.7006
2002   08   298.1938
2002   09   70.3864
2002   10   69.5780
2002   11   11.3994
2002   12   11.1467
2003   01   4.7524
2003   02   2.2199
2003   03   5.4866
2003   04   28.0308
2003   05   149.6768
2003   06   255.5653
2003   07   142.6730
2003   08   51.7904
2003   09   87.7596
2003   10   30.5039
2003   11   46.0456
2003   12   9.4145
2004   01   4.0347
2004   02   3.0523
2004   03   11.9754
2004   04   63.8851
2004   05   55.9537
2004   06   219.8577
2004   07   186.5886
2004   08   165.6917
2004   09   60.7399
2004   10   47.2031
2004   11   59.7966
2004   12   14.3809
2005   01   2.6897
2005   02   3.8409
2005   03   14.5552
2005   04   19.2312
2005   05   296.7482
2005   06   408.9804
2005   07   131.9180
2005   08   252.8847
2005   09   39.4313
2005   10   26.9059
2005   11   29.1978
2005   12   11.9363
2006   01   5.6334
2006   02   3.4814
2006   03   4.6937
2006   04   38.1107
2006   05   139.8470
2006   06   294.6917
2006   07   369.6645
2006   08   131.5057
2006   09   54.1339
2006   10   70.8948
2006   11   9.4106
2006   12   13.2810
2007   01   5.4190
2007   02   12.2598
2007   03   11.2050
2007   04   36.1008
2007   05   91.9887
2007   06   143.6171
2007   07   153.2473
2007   08   88.3274
2007   09   28.5734
2007   10   25.8327
2007   11   6.4038
2007   12   7.6956
2008   01   2.8033
2008   02   2.2754
2008   03   4.9152
2008   04   31.6576
2008   05   239.7644
2008   06   112.5057
2008   07   138.5474
2008   08   155.0311
2008   09   22.2712
2008   10   16.0454
2008   11   7.2702
2008   12   7.2510
2009   01   3.3236
2009   02   2.5190
2009   03   3.9804
2009   04   16.0848
2009   05   137.4133
2009   06   220.0804
2009   07   89.7963
2009   08   169.6035
2009   09   100.1649
2009   10   34.2295
2009   11   29.4645
2009   12   7.0164
2010   01   5.2774
2010   02   9.3673
2010   03   4.1481
2010   04   15.5313
2010   05   82.7751
2010   06   240.0945
2010   07   156.2503
2010   08   50.6716
2010   09   17.2810
2010   10   31.0381
2010   11   9.6792
2010   12   12.2431
2011   01   5.0743
2011   02   2.7904
2011   03   10.5366
2011   04   51.8381
2011   05   50.9546
2011   06   134.9152
2011   07   126.6689
2011   08   145.5945
2011   09   32.9404
2011   10   21.4415
2011   11   13.4713
2011   12   6.9153
2012   01   3.2905
2012   02   5.7536
2012   03   4.0506
2012   04   19.9381
2012   05   284.0690
2012   06   233.5790
2012   07   48.0241
2012   08   115.5266
2012   09   23.0090
2012   10   58.8887
2012   11   15.5198
2012   12   17.1991
2013   01   6.2182
2013   02   2.7296
2013   03   3.8718
2013   04   12.9506
2013   05   156.8544
2013   06   82.4772
2013   07   137.8936
2013   08   55.2059
2013   09   59.3394
2013   10   22.1582
2013   11   11.1238
2013   12   6.0619
2014   01   4.0167
2014   02   6.2061
2014   03   13.8051
2014   04   27.4861
2014   05   122.2928
2014   06   232.1872
2014   07   90.3020
2014   08   63.8950
2014   09   62.5701
2014   10   15.1222
2014   11   19.3870
2014   12   12.3005
2015   01   3.2933
2015   02   2.3113
2015   03   6.8470
2015   04   23.5268
2015   05   83.3116
2015   06   75.2659
2015   07   229.8986
2015   08   203.2082
2015   09   110.3190
2015   10   43.4870
2015   11   14.4424
2015   12   8.1551
2016   01   10.0503
2016   02   2.5213
2016   03   4.6190
2016   04   100.9610
2016   05   164.1305
2016   06   34.6088
2016   07   166.0776
2016   08   30.0363
2016   09   18.8044
2016   10   53.0788
2016   11   9.7105
2016   12   8.5811
2017   01   3.8009
2017   02   6.5365
2017   03   6.7402
2017   04   39.6722
2017   05   142.2849
2017   06   235.4215
2017   07   69.9851
2017   08   117.9784
2017   09   47.1925
2017   10   50.6491
2017   11   18.4908
2017   12   6.8576
2018   01   5.0193
2018   02   2.7393
2018   03   11.6031
2018   04   26.1476
2018   05   133.0850
2018   06   148.9355
2018   07   105.9247
2018   08   46.8955
2018   09   70.7160
2018   10   38.7786
2018   11   17.2349
2018   12   7.3167
2019   01   5.8026
2019   02   3.5683
2019   03   7.1663
2019   04   15.2636
2019   05   125.4497
2019   06   193.4188
2019   07   66.8869
2019   08   29.9890
2019   09   30.1299
2019   10   27.6892
2019   11   5.4018
2019   12   5.0152
2020   01   3.2228
2020   02   1.9730
2020   03   4.1037
2020   04   26.4492
2020   05   46.7990
2020   06   303.3814
2020   07   113.4256
2020   08   42.0020
2020   09   15.1229
2020   10   9.2143
2020   11   4.9097
2020   12   7.6152
2021   01   21.4309
2021   02   3.3943
2021   03   3.0919
2021   04   21.4161
2021   05   97.6514
2021   06   77.9714
2021   07   34.3625
2021   08   77.7270
2021   09   30.8487
2021   10   13.5509
2021   11   4.3649
2021   12   4.4450
2022   01   2.7692
2022   02   4.6726
2022   03   2.9946
2022   04   73.2727
2022   05   61.2430
2022   06   137.4361
2022   07   132.0307
2022   08   45.9543
2022   09   16.4052
2022   10   11.6081
2022   11   9.8269
2022   12   4.2905
2023   01   3.3011
2023   02   1.7261
2023   03   2.6793
2023   04   47.1299
2023   05   42.8097
2023   06   169.5897
2023   07   97.2702
2023   08   236.3600
2023   09   50.8427
2023   10   21.6591
2023   11   24.4266
2023   12   5.0265
2024   01   2.9181
2024   02   2.7871
2024   03   5.9723
2024   04   40.1341
2024   05   97.9922
2024   06   283.5606
2024   07   52.7671
2024   08   109.4471
2024   09   40.2751
2024   10   25.4113
2024   11   9.0131
2024   11   9.0131
2024   12   4.1802
2025   01   3.9604
2025   02   1.8123
2025   03   11.0796
2025   04   24.1410
2025   05   93.0667
2025   06   106.9308
