1991   01   2.1857
1991   02   3.1082
1991   03   2.6215
1991   04   10.1002
1991   05   103.4504
1991   06   125.9920
1991   07   132.7957
1991   08   36.5886
1991   09   46.5903
1991   10   9.8091
1991   11   7.2276
1991   12   3.7369
1992   01   2.1846
1992   02   3.2515
1992   03   7.5116
1992   04   22.4330
1992   05   199.4693
1992   06   264.8770
1992   07   35.8232
1992   08   88.8734
1992   09   15.0941
1992   10   4.6534
1992   11   6.2885
1992   12   3.1011
1993   01   2.3485
1993   02   6.9849
1993   03   2.8327
1993   04   32.8663
1993   05   93.7163
1993   06   116.2441
1993   07   68.4686
1993   08   26.3676
1993   09   9.3676
1993   10   13.4533
1993   11   5.2367
1993   12   2.5406
1994   01   2.4320
1994   02   4.1375
1994   03   3.0066
1994   04   18.8943
1994   05   58.9548
1994   06   100.9419
1994   07   69.7526
1994   08   18.0739
1994   09   23.0031
1994   10   22.7691
1994   11   4.2673
1994   12   3.9490
1995   01   2.4791
1995   02   4.1285
1995   03   2.9075
1995   04   24.9822
1995   05   26.4781
1995   06   121.9500
1995   07   80.7247
1995   08   48.1662
1995   09   26.4434
1995   10   10.6928
1995   11   3.7437
1995   12   2.4475
1996   01   2.2317
1996   02   4.1364
1996   03   3.3199
1996   04   29.0785
1996   05   47.6939
1996   06   90.0970
1996   07   53.5811
1996   08   31.9377
1996   09   7.6868
1996   10   7.9520
1996   11   4.0019
1996   12   2.5390
1997   01   2.3465
1997   02   4.3424
1997   03   2.5880
1997   04   14.9714
1997   05   112.9962
1997   06   389.1964
1997   07   91.3783
1997   08   123.6241
1997   09   32.8966
1997   10   26.5500
1997   11   9.0554
1997   12   2.4293
1998   01   2.5642
1998   02   4.0470
1998   03   3.7917
1998   04   21.7710
1998   05   67.6016
1998   06   46.4961
1998   07   15.7314
1998   08   22.4737
1998   09   24.8177
1998   10   6.5284
1998   11   4.3751
1998   12   2.5899
1999   01   2.3800
1999   02   4.1573
1999   03   3.7663
1999   04   18.2929
1999   05   20.8590
1999   06   67.9438
1999   07   42.3194
1999   08   121.5868
1999   09   57.4532
1999   10   12.3284
1999   11   4.3051
1999   12   3.0725
2000   01   2.2514
2000   02   6.7005
2000   03   2.2344
2000   04   26.1489
2000   05   49.8447
2000   06   400.5383
2000   07   20.5221
2000   08   18.1468
2000   09   76.2618
2000   10   12.5767
2000   11   7.3771
2000   12   2.6416
2001   01   2.4235
2001   02   3.6735
2001   03   2.5404
2001   04   20.6250
2001   05   82.9728
2001   06   54.4647
2001   07   244.9978
2001   08   110.1934
2001   09   18.0684
2001   10   8.0087
2001   11   4.6278
2001   12   2.5471
2002   01   2.2510
2002   02   3.5164
2002   03   3.2015
2002   04   20.2734
2002   05   191.6422
2002   06   203.1631
2002   07   94.8434
2002   08   156.0123
2002   09   40.8396
2002   10   16.5159
2002   11   3.8040
2002   12   4.2103
2003   01   2.0430
2003   02   3.3572
2003   03   2.1239
2003   04   12.0166
2003   05   96.3037
2003   06   136.7840
2003   07   69.9228
2003   08   38.0336
2003   09   28.7976
2003   10   10.3944
2003   11   13.6324
2003   12   2.8252
2004   01   2.2477
2004   02   3.1305
2004   03   4.6486
2004   04   31.4864
2004   05   35.2514
2004   06   117.5734
2004   07   105.4465
2004   08   79.3671
2004   09   22.2184
2004   10   7.6633
2004   11   25.3411
2004   12   3.6069
2005   01   2.1705
2005   02   4.3690
2005   03   10.4241
2005   04   9.8601
2005   05   112.4660
2005   06   254.7285
2005   07   60.3934
2005   08   167.5569
2005   09   19.7560
2005   10   9.9767
2005   11   10.1562
2005   12   2.3330
2006   01   2.3801
2006   02   3.5118
2006   03   2.0691
2006   04   10.8582
2006   05   44.2743
2006   06   121.2989
2006   07   210.1775
2006   08   79.0935
2006   09   16.4564
2006   10   34.2207
2006   11   3.6483
2006   12   2.0677
2007   01   2.3965
2007   02   6.7493
2007   03   6.3835
2007   04   9.3170
2007   05   49.0469
2007   06   111.2933
2007   07   51.0383
2007   08   58.4357
2007   09   8.1927
2007   10   9.2624
2007   11   3.1820
2007   12   2.1738
2008   01   2.2545
2008   02   3.3664
2008   03   2.1941
2008   04   11.6202
2008   05   141.9750
2008   06   89.9234
2008   07   81.0611
2008   08   119.5162
2008   09   16.5812
2008   10   6.0568
2008   11   3.1797
2008   12   2.6081
2009   01   2.2541
2009   02   3.3255
2009   03   2.1369
2009   04   6.5494
2009   05   38.6859
2009   06   136.5846
2009   07   46.2821
2009   08   103.7001
2009   09   29.9102
2009   10   16.3290
2009   11   6.2040
2009   12   2.0451
2010   01   2.2555
2010   02   4.6270
2010   03   2.0691
2010   04   7.3622
2010   05   67.4249
2010   06   80.8843
2010   07   42.7376
2010   08   28.8130
2010   09   8.2900
2010   10   10.5028
2010   11   7.9119
2010   12   2.0973
2011   01   2.3419
2011   02   3.5973
2011   03   2.5044
2011   04   12.2274
2011   05   9.8837
2011   06   78.2251
2011   07   31.5714
2011   08   103.3241
2011   09   6.6714
2011   10   5.6702
2011   11   4.3689
2011   12   2.0451
2012   01   2.2528
2012   02   4.8584
2012   03   2.0633
2012   04   12.8846
2012   05   118.9603
2012   06   108.7988
2012   07   13.3299
2012   08   77.1512
2012   09   8.2531
2012   10   28.3725
2012   11   4.6597
2012   12   3.1445
2013   01   2.4987
2013   02   3.9237
2013   03   4.3779
2013   04   8.3109
2013   05   151.5998
2013   06   44.1191
2013   07   44.4048
2013   08   46.6506
2013   09   22.4488
2013   10   10.4021
2013   11   3.4437
2013   12   2.1376
2014   01   2.3817
2014   02   5.8612
2014   03   2.7219
2014   04   7.7635
2014   05   47.3144
2014   06   108.4938
2014   07   55.7966
2014   08   57.6059
2014   09   48.0147
2014   10   10.6155
2014   11   6.5964
2014   12   2.2001
2015   01   2.3548
2015   02   4.7171
2015   03   8.5380
2015   04   9.5856
2015   05   22.4955
2015   06   12.1348
2015   07   95.1604
2015   08   140.5385
2015   09   28.5464
2015   10   33.7264
2015   11   6.4684
2015   12   2.9893
2016   01   2.0775
2016   02   3.5324
2016   03   3.7677
2016   04   79.9631
2016   05   86.6875
2016   06   63.4519
2016   07   98.2718
2016   08   12.3076
2016   09   4.4269
2016   10   16.0534
2016   11   3.1501
2016   12   6.2585
2017   01   2.3768
2017   02   6.8779
2017   03   2.5527
2017   04   15.0316
2017   05   96.8235
2017   06   116.2458
2017   07   33.9573
2017   08   77.8092
2017   09   17.0980
2017   10   24.5674
2017   11   6.4239
2017   12   2.1266
2018   01   2.3373
2018   02   3.5338
2018   03   2.8114
2018   04   7.7145
2018   05   57.1600
2018   06   58.0484
2018   07   40.0447
2018   08   27.8583
2018   09   27.1101
2018   10   17.8791
2018   11   3.0048
2018   12   3.6558
2019   01   2.3445
2019   02   3.5532
2019   03   3.8583
2019   04   16.7868
2019   05   42.8966
2019   06   57.2277
2019   07   34.7311
2019   08   20.5141
2019   09   15.3848
2019   10   12.2659
2019   11   2.5785
2019   12   2.5412
2020   01   2.3138
2020   02   3.2113
2020   03   2.1220
2020   04   8.9117
2020   05   12.7468
2020   06   193.6058
2020   07   71.5074
2020   08   15.3212
2020   09   5.9202
2020   10   3.4586
2020   11   4.3584
2020   12   2.1287
2021   01   5.7430
2021   02   5.3594
2021   03   2.0266
2021   04   6.3304
2021   05   26.9296
2021   06   46.5845
2021   07   4.7776
2021   08   38.8407
2021   09   13.6887
2021   10   9.6907
2021   11   2.3546
2021   12   1.8910
2022   01   2.7137
2022   02   6.2104
2022   03   2.0092
2022   04   30.3286
2022   05   17.6658
2022   06   54.7550
2022   07   71.4407
2022   08   25.9593
2022   09   11.1409
2022   10   3.3291
2022   11   3.2212
2022   12   1.9756
2023   01   2.4986
2023   02   3.1948
2023   03   1.9852
2023   04   10.4459
2023   05   35.0870
2023   06   81.0669
2023   07   48.4681
2023   08   122.6063
2023   09   43.9546
2023   10   5.9461
2023   11   14.5400
2023   12   2.7460
2024   01   2.3177
2024   02   5.3933
2024   03   1.9477
2024   04   6.4557
2024   05   103.2896
2024   06   219.8436
2024   07   34.7864
2024   08   112.1459
2024   09   15.5997
2024   10   11.7880
2024   11   2.8015
2024   11   2.8015
2024   12   1.8426
2025   01   2.1886
2025   02   2.8479
2025   03   3.9072
2025   04   5.6515
2025   05   84.7403
2025   06   73.3917
