1991   01   47.3498
1991   02   34.3635
1991   03   79.9700
1991   04   165.4880
1991   05   521.3165
1991   06   184.5959
1991   07   370.8042
1991   08   205.5308
1991   09   188.3228
1991   10   145.2629
1991   11   88.3860
1991   12   189.8852
1992   01   39.6944
1992   02   36.8225
1992   03   136.8570
1992   04   137.4350
1992   05   468.1650
1992   06   365.0029
1992   07   176.9759
1992   08   136.4213
1992   09   218.6103
1992   10   188.2325
1992   11   81.9942
1992   12   113.6630
1993   01   63.2638
1993   02   24.7366
1993   03   127.8703
1993   04   255.4737
1993   05   510.7754
1993   06   402.9055
1993   07   344.7349
1993   08   130.4838
1993   09   100.0692
1993   10   128.2687
1993   11   125.3927
1993   12   90.7303
1994   01   51.3015
1994   02   27.4726
1994   03   57.4661
1994   04   185.7516
1994   05   233.3354
1994   06   392.1638
1994   07   366.8572
1994   08   127.1151
1994   09   210.3062
1994   10   144.6054
1994   11   165.8640
1994   12   118.9171
1995   01   93.7209
1995   02   17.0804
1995   03   44.9426
1995   04   206.0104
1995   05   129.6230
1995   06   449.4344
1995   07   370.2528
1995   08   291.6128
1995   09   128.1856
1995   10   109.5910
1995   11   67.7569
1995   12   22.3784
1996   01   53.8977
1996   02   63.5469
1996   03   91.4560
1996   04   102.4612
1996   05   309.5019
1996   06   180.8532
1996   07   142.2866
1996   08   273.3040
1996   09   88.4129
1996   10   126.1967
1996   11   84.7605
1996   12   62.1729
1997   01   77.2516
1997   02   70.4187
1997   03   25.7615
1997   04   265.0110
1997   05   256.2319
1997   06   554.6086
1997   07   428.7141
1997   08   250.6070
1997   09   138.1738
1997   10   206.9691
1997   11   127.3522
1997   12   62.5629
1998   01   38.8789
1998   02   43.6359
1998   03   52.7888
1998   04   102.0555
1998   05   263.9373
1998   06   169.1634
1998   07   204.2274
1998   08   213.3770
1998   09   119.8222
1998   10   41.9425
1998   11   73.2074
1998   12   53.1919
1999   01   42.0723
1999   02   67.6025
1999   03   87.0952
1999   04   53.1445
1999   05   357.7830
1999   06   391.3960
1999   07   183.7013
1999   08   355.2386
1999   09   309.8036
1999   10   96.8988
1999   11   61.5381
1999   12   41.2223
2000   01   36.0502
2000   02   160.8624
2000   03   69.3898
2000   04   133.5719
2000   05   192.3570
2000   06   716.1215
2000   07   260.7275
2000   08   197.6857
2000   09   254.9789
2000   10   94.9190
2000   11   98.4486
2000   12   51.4391
2001   01   95.9124
2001   02   29.4553
2001   03   83.2856
2001   04   83.5572
2001   05   492.7350
2001   06   385.8698
2001   07   612.7448
2001   08   183.8285
2001   09   82.6728
2001   10   77.7911
2001   11   103.7682
2001   12   22.5481
2002   01   51.0734
2002   02   43.3919
2002   03   151.4616
2002   04   112.7335
2002   05   320.1924
2002   06   165.9966
2002   07   233.3959
2002   08   319.3205
2002   09   162.0347
2002   10   296.9761
2002   11   141.3581
2002   12   108.7296
2003   01   40.4748
2003   02   25.0504
2003   03   52.5651
2003   04   73.4242
2003   05   133.4406
2003   06   582.3878
2003   07   233.0345
2003   08   166.8247
2003   09   248.5223
2003   10   123.7729
2003   11   130.8205
2003   12   59.3098
2004   01   27.8825
2004   02   39.0117
2004   03   90.4917
2004   04   244.6028
2004   05   83.8182
2004   06   419.5575
2004   07   324.1151
2004   08   274.1509
2004   09   149.0996
2004   10   144.5104
2004   11   126.2544
2004   12   104.2072
2005   01   52.6207
2005   02   19.9870
2005   03   84.5995
2005   04   61.3966
2005   05   584.7704
2005   06   408.7371
2005   07   241.4835
2005   08   354.8790
2005   09   88.2782
2005   10   88.2858
2005   11   223.2832
2005   12   75.4256
2006   01   128.1958
2006   02   42.1781
2006   03   88.2742
2006   04   158.6628
2006   05   174.5279
2006   06   528.9709
2006   07   410.8941
2006   08   264.7839
2006   09   189.8487
2006   10   121.3938
2006   11   52.8779
2006   12   128.0756
2007   01   35.7113
2007   02   73.3568
2007   03   48.7063
2007   04   171.4504
2007   05   110.1466
2007   06   225.9213
2007   07   272.6637
2007   08   160.0988
2007   09   140.8327
2007   10   100.6344
2007   11   58.9304
2007   12   58.1419
2008   01   35.0903
2008   02   26.7714
2008   03   53.7292
2008   04   97.4464
2008   05   329.2457
2008   06   144.1594
2008   07   338.0562
2008   08   407.7118
2008   09   83.4699
2008   10   60.4566
2008   11   85.6288
2008   12   42.8827
2009   01   29.9997
2009   02   50.2929
2009   03   35.4782
2009   04   78.7098
2009   05   341.2009
2009   06   296.3521
2009   07   134.1632
2009   08   456.3216
2009   09   97.6809
2009   10   174.6668
2009   11   120.9829
2009   12   92.5729
2010   01   60.2701
2010   02   111.9298
2010   03   62.9265
2010   04   61.3552
2010   05   120.5378
2010   06   300.1747
2010   07   225.4525
2010   08   301.3936
2010   09   62.3340
2010   10   83.4841
2010   11   80.5970
2010   12   73.7390
2011   01   73.2728
2011   02   43.3761
2011   03   83.0611
2011   04   163.3656
2011   05   193.9293
2011   06   255.4160
2011   07   183.6495
2011   08   289.0031
2011   09   177.4379
2011   10   76.5794
2011   11   119.4735
2011   12   31.1408
2012   01   51.7430
2012   02   126.7973
2012   03   58.0780
2012   04   52.5183
2012   05   327.7338
2012   06   334.3300
2012   07   132.4658
2012   08   238.4384
2012   09   113.7142
2012   10   81.8287
2012   11   76.3428
2012   12   140.9242
2013   01   30.1787
2013   02   58.6486
2013   03   38.1903
2013   04   110.5555
2013   05   198.5905
2013   06   118.8281
2013   07   102.1534
2013   08   249.4965
2013   09   164.3651
2013   10   71.7504
2013   11   75.8281
2013   12   27.9193
2014   01   83.9671
2014   02   28.2964
2014   03   102.3452
2014   04   58.8099
2014   05   262.3803
2014   06   337.6366
2014   07   324.7892
2014   08   198.8154
2014   09   217.1277
2014   10   91.9172
2014   11   43.9768
2014   12   35.9566
2015   01   16.9558
2015   02   21.6527
2015   03   27.6722
2015   04   96.7259
2015   05   279.4831
2015   06   266.3773
2015   07   359.7887
2015   08   398.8925
2015   09   147.7704
2015   10   103.3702
2015   11   47.1999
2015   12   59.6969
2016   01   40.8640
2016   02   28.9958
2016   03   30.6150
2016   04   120.5686
2016   05   148.8562
2016   06   42.8579
2016   07   300.2358
2016   08   205.4147
2016   09   86.9285
2016   10   121.8004
2016   11   78.7411
2016   12   82.3452
2017   01   40.2656
2017   02   57.8519
2017   03   63.6116
2017   04   85.7473
2017   05   153.9887
2017   06   318.9883
2017   07   148.6279
2017   08   365.6089
2017   09   135.8109
2017   10   164.5096
2017   11   45.9222
2017   12   60.2767
2018   01   53.1151
2018   02   35.9961
2018   03   124.1849
2018   04   166.6839
2018   05   174.1678
2018   06   172.2331
2018   07   113.1850
2018   08   190.5795
2018   09   212.8875
2018   10   127.1706
2018   11   94.0283
2018   12   46.5771
2019   01   25.1763
2019   02   15.5868
2019   03   39.6049
2019   04   45.0036
2019   05   190.7859
2019   06   352.0630
2019   07   251.2705
2019   08   135.4327
2019   09   79.9176
2019   10   111.8931
2019   11   67.2481
2019   12   25.6757
2020   01   25.8978
2020   02   28.0891
2020   03   40.7773
2020   04   99.4301
2020   05   155.2971
2020   06   357.8456
2020   07   314.7517
2020   08   136.9277
2020   09   97.3287
2020   10   84.5046
2020   11   39.2186
2020   12   64.7183
2021   01   69.2515
2021   02   10.5799
2021   03   25.5943
2021   04   87.2309
2021   05   202.8335
2021   06   211.3123
2021   07   123.5180
2021   08   185.0398
2021   09   117.0480
2021   10   61.5372
2021   11   39.8476
2021   12   21.2817
2022   01   68.5216
2022   02   28.3064
2022   03   100.1312
2022   04   222.6195
2022   05   144.2958
2022   06   316.2244
2022   07   299.1148
2022   08   162.4167
2022   09   101.2094
2022   10   103.5665
2022   11   42.2073
2022   12   37.5917
2023   01   17.4377
2023   02   15.4870
2023   03   76.8006
2023   04   84.4128
2023   05   134.7265
2023   06   222.5165
2023   07   232.0998
2023   08   247.8437
2023   09   178.1493
2023   10   58.6801
2023   11   82.6751
2023   12   29.6183
2024   01   9.7858
2024   02   22.0424
2024   03   114.5897
2024   04   151.8890
2024   05   203.4249
2024   06   376.9609
2024   07   72.9343
2024   08   120.8296
2024   09   298.6489
2024   10   37.2627
2024   11   104.6757
2024   11   104.6757
2024   12   19.2609
2025   01   30.4195
2025   02   18.6891
2025   03   82.8293
2025   04   183.9276
2025   05   180.8300
2025   06   160.3258
