1991   01   13.3161
1991   02   3.6180
1991   03   11.8309
1991   04   85.6277
1991   05   226.6237
1991   06   186.0359
1991   07   188.7388
1991   08   83.9168
1991   09   145.8099
1991   10   52.1653
1991   11   30.4668
1991   12   73.4871
1992   01   7.5852
1992   02   9.2230
1992   03   49.3727
1992   04   69.5415
1992   05   405.3758
1992   06   430.5419
1992   07   107.3034
1992   08   146.1873
1992   09   116.3937
1992   10   60.1721
1992   11   17.5248
1992   12   25.4602
1993   01   9.4599
1993   02   10.3167
1993   03   19.7560
1993   04   108.5135
1993   05   352.1263
1993   06   289.2830
1993   07   210.1998
1993   08   77.2962
1993   09   25.2102
1993   10   40.9954
1993   11   27.1831
1993   12   15.3276
1994   01   8.5935
1994   02   3.9894
1994   03   13.4647
1994   04   131.9019
1994   05   97.8781
1994   06   400.9867
1994   07   93.5441
1994   08   29.0717
1994   09   167.0299
1994   10   47.7599
1994   11   15.0081
1994   12   33.0657
1995   01   12.7503
1995   02   3.1565
1995   03   12.5289
1995   04   124.1919
1995   05   69.8353
1995   06   256.4467
1995   07   245.0760
1995   08   98.1802
1995   09   30.6300
1995   10   55.4419
1995   11   8.6342
1995   12   7.7189
1996   01   8.2505
1996   02   6.8616
1996   03   12.8798
1996   04   80.7838
1996   05   74.5216
1996   06   250.4579
1996   07   43.7557
1996   08   164.4429
1996   09   39.1814
1996   10   25.2454
1996   11   16.4721
1996   12   14.6360
1997   01   11.9620
1997   02   8.0979
1997   03   7.0283
1997   04   143.8703
1997   05   198.5850
1997   06   379.8462
1997   07   185.7609
1997   08   109.9712
1997   09   160.9011
1997   10   135.8024
1997   11   27.0429
1997   12   13.4797
1998   01   8.0785
1998   02   5.6363
1998   03   10.4761
1998   04   40.1267
1998   05   74.4277
1998   06   107.6390
1998   07   96.2801
1998   08   63.5741
1998   09   52.7204
1998   10   9.0744
1998   11   16.0655
1998   12   14.2701
1999   01   13.1337
1999   02   9.0390
1999   03   18.0440
1999   04   26.9404
1999   05   147.8106
1999   06   249.7118
1999   07   116.2062
1999   08   178.0943
1999   09   188.5315
1999   10   24.0469
1999   11   9.6199
1999   12   10.4788
2000   01   8.2505
2000   02   23.7852
2000   03   12.1286
2000   04   71.1361
2000   05   85.6315
2000   06   722.5405
2000   07   68.4727
2000   08   97.0862
2000   09   221.3129
2000   10   32.0462
2000   11   30.8877
2000   12   11.3664
2001   01   33.7627
2001   02   12.3339
2001   03   19.4564
2001   04   50.7399
2001   05   278.2428
2001   06   178.0769
2001   07   368.3388
2001   08   163.9360
2001   09   62.6159
2001   10   24.9685
2001   11   32.0167
2001   12   5.0144
2002   01   6.9748
2002   02   21.2849
2002   03   58.2478
2002   04   65.8130
2002   05   205.2979
2002   06   154.4866
2002   07   157.1339
2002   08   255.5414
2002   09   134.0014
2002   10   139.2290
2002   11   30.9557
2002   12   18.3230
2003   01   7.9723
2003   02   5.4405
2003   03   15.4080
2003   04   29.1993
2003   05   118.1587
2003   06   447.8340
2003   07   131.9418
2003   08   82.7798
2003   09   168.6368
2003   10   59.8585
2003   11   53.4331
2003   12   20.2061
2004   01   5.4126
2004   02   5.8476
2004   03   43.7642
2004   04   126.9277
2004   05   70.3788
2004   06   365.0627
2004   07   169.3807
2004   08   150.0898
2004   09   83.4297
2004   10   79.8883
2004   11   53.8799
2004   12   24.7620
2005   01   5.5791
2005   02   3.6820
2005   03   32.2105
2005   04   24.4438
2005   05   246.9996
2005   06   555.4627
2005   07   137.3729
2005   08   272.4272
2005   09   82.8840
2005   10   30.5201
2005   11   41.3707
2005   12   19.0714
2006   01   18.9474
2006   02   3.1905
2006   03   7.2374
2006   04   74.4343
2006   05   83.4331
2006   06   442.7533
2006   07   404.8439
2006   08   122.0959
2006   09   92.3760
2006   10   91.6775
2006   11   8.0698
2006   12   37.9250
2007   01   11.9090
2007   02   20.4438
2007   03   23.0288
2007   04   106.7420
2007   05   83.8445
2007   06   171.3629
2007   07   169.6675
2007   08   91.5230
2007   09   54.7384
2007   10   33.7369
2007   11   9.4983
2007   12   23.4640
2008   01   6.5181
2008   02   3.2389
2008   03   7.0254
2008   04   47.6668
2008   05   237.8710
2008   06   131.2080
2008   07   147.3167
2008   08   138.6928
2008   09   81.2235
2008   10   20.5524
2008   11   19.5792
2008   12   7.6468
2009   01   8.1107
2009   02   6.7637
2009   03   5.7084
2009   04   23.2313
2009   05   114.7122
2009   06   315.0182
2009   07   87.5401
2009   08   218.5138
2009   09   79.6149
2009   10   43.2765
2009   11   54.2958
2009   12   7.3790
2010   01   12.9504
2010   02   16.6454
2010   03   6.4120
2010   04   17.4089
2010   05   63.6118
2010   06   305.0130
2010   07   153.5519
2010   08   36.9842
2010   09   17.1747
2010   10   54.5729
2010   11   14.5928
2010   12   9.6711
2011   01   12.1246
2011   02   4.3454
2011   03   28.4896
2011   04   61.5379
2011   05   77.6145
2011   06   236.0303
2011   07   79.3195
2011   08   135.0904
2011   09   71.0531
2011   10   18.5082
2011   11   13.7571
2011   12   5.8319
2012   01   9.9096
2012   02   20.2443
2012   03   6.3461
2012   04   24.9827
2012   05   261.6063
2012   06   248.9521
2012   07   52.4282
2012   08   137.1632
2012   09   30.2754
2012   10   44.5360
2012   11   37.7210
2012   12   53.4165
2013   01   7.4710
2013   02   7.6760
2013   03   7.8039
2013   04   35.4169
2013   05   109.0649
2013   06   140.0101
2013   07   102.5864
2013   08   72.5943
2013   09   98.6111
2013   10   42.5723
2013   11   27.0065
2013   12   5.0593
2014   01   11.4843
2014   02   5.6359
2014   03   28.3041
2014   04   44.3468
2014   05   134.3284
2014   06   280.6371
2014   07   138.4323
2014   08   71.7240
2014   09   79.8474
2014   10   20.9882
2014   11   16.1505
2014   12   13.7577
2015   01   7.0051
2015   02   4.7186
2015   03   15.8204
2015   04   37.6211
2015   05   110.7142
2015   06   126.8821
2015   07   227.2584
2015   08   174.8080
2015   09   158.4367
2015   10   59.2506
2015   11   14.6019
2015   12   12.6429
2016   01   16.4948
2016   02   3.5473
2016   03   13.0963
2016   04   101.4434
2016   05   83.0193
2016   06   35.1420
2016   07   169.0699
2016   08   41.5779
2016   09   45.1612
2016   10   74.2449
2016   11   16.5408
2016   12   13.7111
2017   01   8.3655
2017   02   9.9038
2017   03   19.1894
2017   04   51.7880
2017   05   67.2828
2017   06   249.5402
2017   07   41.2932
2017   08   152.1546
2017   09   96.6891
2017   10   86.6791
2017   11   22.4966
2017   12   9.1600
2018   01   15.2478
2018   02   6.0442
2018   03   28.2011
2018   04   73.5409
2018   05   128.8300
2018   06   114.3498
2018   07   111.9717
2018   08   60.4322
2018   09   172.0371
2018   10   60.0604
2018   11   22.9719
2018   12   9.9206
2019   01   21.5557
2019   02   5.7736
2019   03   21.1943
2019   04   22.8738
2019   05   128.3071
2019   06   335.7739
2019   07   92.0645
2019   08   53.4107
2019   09   59.1130
2019   10   44.9510
2019   11   7.9377
2019   12   8.3158
2020   01   9.8749
2020   02   3.4271
2020   03   9.9198
2020   04   61.5323
2020   05   42.8722
2020   06   330.3725
2020   07   131.8665
2020   08   53.1553
2020   09   47.2974
2020   10   15.9079
2020   11   4.2049
2020   12   6.5983
2021   01   34.3307
2021   02   4.5531
2021   03   6.4285
2021   04   58.6720
2021   05   130.3145
2021   06   112.6369
2021   07   50.3363
2021   08   92.6615
2021   09   70.5829
2021   10   14.2160
2021   11   7.3128
2021   12   3.4240
2022   01   7.7649
2022   02   2.9581
2022   03   5.8560
2022   04   131.8513
2022   05   68.5720
2022   06   178.0486
2022   07   145.3105
2022   08   57.2647
2022   09   41.1376
2022   10   25.6372
2022   11   19.1267
2022   12   4.8926
2023   01   7.3454
2023   02   2.3703
2023   03   7.2222
2023   04   66.4752
2023   05   58.4775
2023   06   204.8606
2023   07   105.8925
2023   08   219.5976
2023   09   125.3440
2023   10   21.6043
2023   11   33.5991
2023   12   7.3893
2024   01   6.8632
2024   02   2.7862
2024   03   16.4123
2024   04   56.3714
2024   05   104.2965
2024   06   457.2659
2024   07   49.8660
2024   08   110.4292
2024   09   114.5310
2024   10   34.7305
2024   11   15.5675
2024   11   15.5675
2024   12   5.7604
2025   01   6.4362
2025   02   2.4014
2025   03   29.6387
2025   04   40.5828
2025   05   97.7129
2025   06   264.4236
