1981 1 0.0
1981 2 0.0
1981 3 0.0
1981 4 1.2
1981 5 92.5
1981 6 26.5
1981 7 11.8
1981 8 6.3
1981 9 0.0
1981 10 0.6
1981 11 2.3
1981 12 0.0
1982 1 0.0
1982 2 0.0
1982 3 4.7
1982 4 0.0
1982 5 70.6
1982 6 126.4
1982 7 81.8
1982 8 47.5
1982 9 11.6
1982 10 4.8
1982 11 0.0
1982 12 0.0
1983 1 9.5
1983 2 0.0
1983 3 0.0
1983 4 18.8
1983 5 32.3
1983 6 84.4
1983 7 111.9
1983 8 25.3
1983 9 17.1
1983 10 0.0
1983 11 0.0
1983 12 0.0
1984 1 0.0
1984 2 0.0
1984 3 1.5
1984 4 1.5
1984 5 29.7
1984 6 14.9
1984 7 300.6
1984 8 18.2
1984 9 48.9
1984 10 7.1
1984 11 0.0
1984 12 0.0
1985 1 0.0
1985 2 0.0
1985 3 13.1
1985 4 0.0
1985 5 18.0
1985 6 1.9
1985 7 43.6
1985 8 3.5
1985 9 0.5
1985 10 12.2
1985 11 0.0
1985 12 0.0
1986 1 0.0
1986 2 0.0
1986 3 0.0
1986 4 4.0
1986 5 112.4
1986 6 46.6
1986 7 0.0
1986 8 44.1
1986 9 2.0
1986 10 6.2
1986 11 27.2
1986 12 0.0
1987 1 0.0
1987 2 0.0
1987 3 1.1
1987 4 11.5
1987 5 29.3
1987 6 28.5
1987 7 346.9
1987 8 170.6
1987 9 6.6
1987 10 22.0
1987 11 0.0
1987 12 0.0
1988 1 0.0
1988 2 0.0
1988 3 0.0
1988 4 0.0
1988 5 2.7
1988 6 8.2
1988 7 21.2
1988 8 21.6
1988 9 6.5
1988 10 0.0
1988 11 7.3
1988 12 1.5
1989 1 0.0
1989 2 0.0
1989 3 0.0
1989 4 4.5
1989 5 35.3
1989 6 16.1
1989 7 65.6
1989 8 47.7
1989 9 3.7
1989 10 0.0
1989 11 0.0
1989 12 0.0
1990 1 0.0
1990 2 0.0
1990 3 2.7
1990 4 0.9
1990 5 0.0
1990 6 2.0
1990 7 29.6
1990 8 32.5
1990 9 5.3
1990 10 0.0
1990 11 0.0
1990 12 0.0
1991 1 0.0
1991 2 0.0
1991 3 0.0
1991 4 4.3
1991 5 24.3
1991 6 152.9
1991 7 59.7
1991 8 5.2
1991 9 31.9
1991 10 6.2
1991 11 0.0
1991 12 0.7
1992 1 0.0
1992 2 0.0
1992 3 19.8
1992 4 27.8
1992 5 94.8
1992 6 129.4
1992 7 8.4
1992 8 42.4
1992 9 10.2
1992 10 0.0
1992 11 4.0
1992 12 0.0
1993 1 0.0
1993 2 0.0
1993 3 0.0
1993 4 49.1
1993 5 53.4
1993 6 6.8
1993 7 33.6
1993 8 23.6
1993 9 1.1
1993 10 0.0
1993 11 0.0
1993 12 0.0
1994 1 0.0
1994 2 0.0
1994 3 0.0
1994 4 3.0
1994 5 24.4
1994 6 10.1
1994 7 38.5
1994 8 1.0
1994 9 2.6
1994 10 0.0
1994 11 0.0
1994 12 0.0
1995 1 5.4
1995 2 0.0
1995 3 0.0
1995 4 6.2
1995 5 3.8
1995 6 19.9
1995 7 45.5
1995 8 28.6
1995 9 17.5
1995 10 0.0
1995 11 0.0
1995 12 0.0
1996 1 1.5
1996 2 0.0
1996 3 0.0
1996 4 25.9
1996 5 9.1
1996 6 16.2
1996 7 29.7
1996 8 14.1
1996 9 0.0
1996 10 0.6
1996 11 0.0
1996 12 0.6
1997 1 0.0
1997 2 0.0
1997 3 4.9
1997 4 0.0
1997 5 96.4
1997 6 315.7
1997 7 27.3
1997 8 147.9
1997 9 25.2
1997 10 30.4
1997 11 1.8
1997 12 0.0
1998 1 0.0
1998 2 6.3
1998 3 1.2
1998 4 14.7
1998 5 7.8
1998 6 5.9
1998 7 0.0
1998 8 0.0
1998 9 4.9
1998 10 0.0
1998 11 0.0
1998 12 0.0
1999 1 0.0
1999 2 0.0
1999 3 1.8
1999 4 10.6
1999 5 0.9
1999 6 42.7
1999 7 10.4
1999 8 81.2
1999 9 67.1
1999 10 9.2
1999 11 0.0
1999 12 0.0
2000 1 0.0
2000 2 0.0
2000 3 0.0
2000 4 5.7
2000 5 12.9
2000 6 194.9
2000 7 20.8
2000 8 0.0
2000 9 62.8
2000 10 5.3
2000 11 0.0
2000 12 0.0
2001 1 0.0
2001 2 0.0
2001 3 16.7
2001 4 8.4
2001 5 25.6
2001 6 0.7
2001 7 112.9
2001 8 48.0
2001 9 6.5
2001 10 12.8
2001 11 0.0
2001 12 0.0
2002 1 0.0
2002 2 0.0
2002 3 0.0
2002 4 8.3
2002 5 98.2
2002 6 185.4
2002 7 117.6
2002 8 34.2
2002 9 10.8
2002 10 0.0
2002 11 0.0
2002 12 0.0
2003 1 7.8
2003 2 0.0
2003 3 0.0
2003 4 0.0
2003 5 65.3
2003 6 16.5
2003 7 31.6
2003 8 1.9
2003 9 0.9
2003 10 0.0
2003 11 2.9
2003 12 0.0
2004 1 0.0
2004 2 0.2
2004 3 13.1
2004 4 45.9
2004 5 2.8
2004 6 31.8
2004 7 60.0
2004 8 48.3
2004 9 13.6
2004 10 1.0
2004 11 38.2
2004 12 0.0
2005 1 0.0
2005 2 0.0
2005 3 16.6
2005 4 8.3
2005 5 24.7
2005 6 93.2
2005 7 13.2
2005 8 68.4
2005 9 18.8
2005 10 4.2
2005 11 4.3
2005 12 0.0
2006 1 0.0
2006 2 0.0
2006 3 0.0
2006 4 0.3
2006 5 5.2
2006 6 68.1
2006 7 126.0
2006 8 20.1
2006 9 0.0
2006 10 48.5
2006 11 0.0
2006 12 0.0
2007 1 0.0
2007 2 6.1
2007 3 0.3
2007 4 0.0
2007 5 1.4
2007 6 84.4
2007 7 9.8
2007 8 16.3
2007 9 0.0
2007 10 0.0
2007 11 0.0
2007 12 0.0
2008 1 0.0
2008 2 0.0
2008 3 9.4
2008 4 6.5
2008 5 65.8
2008 6 34.3
2008 7 30.5
2008 8 83.7
2008 9 12.0
2008 10 0.0
2008 11 0.0
2008 12 0.0
2009 1 0.0
2009 2 0.0
2009 3 0.0
2009 4 0.0
2009 5 0.8
2009 6 90.6
2009 7 11.6
2009 8 69.8
2009 9 10.4
2009 10 0.0
2009 11 0.0
2009 12 0.0
2010 1 0.0
2010 2 0.0
2010 3 0.0
2010 4 0.0
2010 5 40.0
2010 6 54.7
2010 7 25.3
2010 8 4.7
2010 9 17.1
2010 10 2.5
2010 11 36.5
2010 12 0.0
2011 1 0.0
2011 2 0.0
2011 3 0.0
2011 4 0.5
2011 5 0.3
2011 6 52.7
2011 7 37.6
2011 8 10.3
2011 9 4.2
2011 10 8.9
2011 11 0.0
2011 12 0.0
2012 1 0.0
2012 2 0.0
2012 3 0.0
2012 4 24.5
2012 5 34.5
2012 6 16.8
2012 7 0.4
2012 8 21.0
2012 9 0.4
2012 10 49.1
2012 11 0.0
2012 12 34.7
2013 1 1.8
2013 2 0.0
2013 3 0.0
2013 4 0.0
2013 5 58.3
2013 6 18.2
2013 7 0.0
2013 8 17.1
2013 9 0.0
2013 10 0.0
2013 11 0.0
2013 12 0.0
2014 1 0.0
2014 2 0.0
2014 3 0.0
2014 4 0.0
2014 5 8.5
2014 6 51.4
2014 7 7.6
2014 8 22.3
2014 9 15.8
2014 10 0.0
2014 11 1.3
2014 12 0.0
2015 1 0.0
2015 2 0.0
2015 3 14.5
2015 4 0.0
2015 5 0.0
2015 6 0.0
2015 7 29.9
2015 8 101.3
2015 9 20.3
2015 10 28.6
2015 11 9.1
2015 12 0.0
2016 1 1.8
2016 2 0.0
2016 3 0.0
2016 4 45.2
2016 5 20.9
2016 6 66.6
2016 7 34.0
2016 8 0.0
2016 9 0.0
2016 10 25.4
2016 11 0.0
2016 12 29.1
2017 1 0.0
2017 2 0.0
2017 3 0.0
2017 4 2.4
2017 5 92.7
2017 6 53.6
2017 7 11.9
2017 8 27.2
2017 9 19.5
2017 10 22.4
2017 11 0.0
2017 12 0.0
2018 1 0.0
2018 2 0.0
2018 3 0.0
2018 4 0.0
2018 5 2.7
2018 6 27.6
2018 7 35.0
2018 8 5.4
2018 9 13.7
2018 10 0.0
2018 11 0.0
2018 12 0.0
2019 1 0.0
2019 2 0.0
2019 3 0.0
2019 4 0.0
2019 5 2.0
2019 6 25.1
2019 7 10.4
2019 8 0.0
2019 9 0.7
2019 10 0.0
2019 11 0.0
2019 12 0.0
2020 1 0.0
2020 2 0.0
2020 3 0.0
2020 4 6.1
2020 5 0.1
2020 6 88.4
2020 7 38.2
2020 8 1.9
2020 9 0.1
2020 10 0.0
2020 11 0.0
2020 12 0.0
2021 1 20.0
2021 2 0.0
2021 3 0.0
2021 4 0.0
2021 5 28.8
2021 6 29.9
2021 7 15.1
2021 8 11.6
2021 9 6.6
2021 10 0.9
2021 11 0.0
2021 12 0.0
2022 1 0.0
2022 2 0.0
2022 3 0.0
2022 4 3.6
2022 5 0.0
2022 6 12.8
2022 7 66.2
2022 8 0.2
2022 9 0.1
2022 10 0.0
2022 11 0.1
2022 12 0.05
2023 1 14.6
2023 2 0.0
2023 3 0.0
2023 4 0.0
2023 5 0.7
2023 6 16.1
2023 7 19.2
2023 8 38.0
2023 9 21.3
2023 10 0.2
2023 11 11.4
2023 12 0.0
2024 1 3.8
2024 2 0.0
2024 3 0.0
2024 4 2.6
2024 5 61.0
2024 6 110.3
2024 7 0.0
2024 8 9.1
2024 9 0.0
2024 10 0.5
2024 11 0.0
2024 12 1.1
2025 1 21.8
2025 2 0.1
2025 3 4.0
2025 4 0.0
2025 5 12.5
2025 6 29.0
