1991   01   0.9960
1991   02   3.5254
1991   03   3.4911
1991   04   12.6368
1991   05   111.0056
1991   06   156.7060
1991   07   176.2554
1991   08   66.1513
1991   09   38.9268
1991   10   7.8673
1991   11   10.7514
1991   12   2.6364
1992   01   0.9929
1992   02   3.7748
1992   03   8.2698
1992   04   26.9270
1992   05   242.1345
1992   06   197.0885
1992   07   46.0926
1992   08   74.3582
1992   09   12.9955
1992   10   5.0059
1992   11   11.2900
1992   12   2.3191
1993   01   1.0655
1993   02   8.7994
1993   03   3.8020
1993   04   33.3528
1993   05   136.9027
1993   06   137.0769
1993   07   88.4507
1993   08   35.8380
1993   09   9.7501
1993   10   14.7621
1993   11   7.0403
1993   12   1.8637
1994   01   1.0717
1994   02   4.1652
1994   03   3.5074
1994   04   22.1200
1994   05   47.6553
1994   06   92.5292
1994   07   89.2318
1994   08   22.7585
1994   09   17.4294
1994   10   11.7554
1994   11   6.7089
1994   12   3.9827
1995   01   1.0655
1995   02   4.2572
1995   03   3.7709
1995   04   21.8016
1995   05   19.6594
1995   06   124.0287
1995   07   90.6805
1995   08   57.1073
1995   09   18.6261
1995   10   9.3974
1995   11   4.3899
1995   12   1.7460
1996   01   0.9269
1996   02   4.1564
1996   03   4.5716
1996   04   35.9838
1996   05   49.2681
1996   06   79.0006
1996   07   64.8617
1996   08   34.6212
1996   09   8.1656
1996   10   6.9003
1996   11   4.9789
1996   12   1.7804
1997   01   1.0008
1997   02   4.4645
1997   03   4.4467
1997   04   19.9360
1997   05   122.2745
1997   06   389.3239
1997   07   116.3547
1997   08   94.6208
1997   09   25.7741
1997   10   26.0832
1997   11   15.7511
1997   12   1.6598
1998   01   1.1382
1998   02   5.6032
1998   03   4.4291
1998   04   26.7351
1998   05   77.2273
1998   06   38.4601
1998   07   32.3562
1998   08   29.9982
1998   09   19.1233
1998   10   8.5002
1998   11   6.4060
1998   12   2.5719
1999   01   1.0127
1999   02   6.3310
1999   03   7.7465
1999   04   27.2135
1999   05   22.2071
1999   06   94.5403
1999   07   53.9901
1999   08   146.1540
1999   09   31.7619
1999   10   12.7222
1999   11   5.6319
1999   12   2.2311
2000   01   0.9976
2000   02   3.7721
2000   03   3.2521
2000   04   44.2946
2000   05   71.4997
2000   06   348.4892
2000   07   42.7500
2000   08   23.5624
2000   09   59.7960
2000   10   10.9068
2000   11   10.3619
2000   12   2.1995
2001   01   0.9115
2001   02   3.3010
2001   03   5.3748
2001   04   24.9405
2001   05   110.1560
2001   06   55.4328
2001   07   252.5332
2001   08   117.3013
2001   09   17.9053
2001   10   10.9509
2001   11   6.7245
2001   12   1.7596
2002   01   0.8561
2002   02   3.3818
2002   03   5.7478
2002   04   19.2588
2002   05   202.7691
2002   06   228.7739
2002   07   102.6532
2002   08   169.6187
2002   09   28.4077
2002   10   17.5938
2002   11   4.9128
2002   12   4.6356
2003   01   0.8012
2003   02   3.1048
2003   03   4.4047
2003   04   14.3278
2003   05   99.2089
2003   06   154.0649
2003   07   78.4264
2003   08   33.0825
2003   09   20.4729
2003   10   12.1364
2003   11   17.8221
2003   12   2.5637
2004   01   0.9822
2004   02   4.2604
2004   03   5.8682
2004   04   42.1678
2004   05   28.5823
2004   06   112.5950
2004   07   96.4448
2004   08   97.5458
2004   09   19.2289
2004   10   9.6187
2004   11   35.6866
2004   12   2.6146
2005   01   0.8302
2005   02   3.7077
2005   03   13.5543
2005   04   13.7330
2005   05   121.1496
2005   06   289.3168
2005   07   67.4457
2005   08   189.1573
2005   09   18.4375
2005   10   8.5007
2005   11   13.1036
2005   12   1.3980
2006   01   0.8640
2006   02   3.4630
2006   03   2.7717
2006   04   12.2467
2006   05   58.3669
2006   06   144.6065
2006   07   217.6698
2006   08   97.3451
2006   09   16.7394
2006   10   37.9362
2006   11   4.7745
2006   12   1.2605
2007   01   1.1233
2007   02   6.1939
2007   03   8.6738
2007   04   12.1602
2007   05   57.1807
2007   06   146.9446
2007   07   69.4147
2007   08   70.8720
2007   09   7.6314
2007   10   10.1142
2007   11   5.0293
2007   12   1.2264
2008   01   0.8605
2008   02   3.1210
2008   03   3.4867
2008   04   14.6459
2008   05   143.7537
2008   06   99.0990
2008   07   71.7223
2008   08   108.3330
2008   09   18.4079
2008   10   6.4034
2008   11   5.1195
2008   12   1.2089
2009   01   0.8674
2009   02   3.3710
2009   03   2.7600
2009   04   7.6393
2009   05   41.4224
2009   06   124.1882
2009   07   51.9960
2009   08   118.7367
2009   09   30.3330
2009   10   16.6242
2009   11   9.0202
2009   12   1.2089
2010   01   1.0743
2010   02   3.0805
2010   03   2.7111
2010   04   8.8937
2010   05   76.7441
2010   06   155.7768
2010   07   67.6097
2010   08   37.9042
2010   09   13.4083
2010   10   12.6884
2010   11   9.2245
2010   12   1.2968
2011   01   0.9444
2011   02   3.3633
2011   03   4.2129
2011   04   16.1542
2011   05   13.9658
2011   06   93.4630
2011   07   76.4121
2011   08   81.3392
2011   09   7.8515
2011   10   10.8307
2011   11   7.2108
2011   12   1.4409
2012   01   0.8588
2012   02   3.1328
2012   03   2.6593
2012   04   13.6359
2012   05   134.1013
2012   06   141.3962
2012   07   29.8867
2012   08   80.8888
2012   09   10.9680
2012   10   43.6329
2012   11   6.8717
2012   12   1.9635
2013   01   1.0020
2013   02   3.9243
2013   03   7.2502
2013   04   8.2031
2013   05   147.6955
2013   06   61.0571
2013   07   65.4316
2013   08   42.8106
2013   09   21.5692
2013   10   10.5519
2013   11   5.8155
2013   12   1.5415
2014   01   0.9837
2014   02   6.7418
2014   03   3.2099
2014   04   10.6614
2014   05   48.8982
2014   06   123.0947
2014   07   62.9926
2014   08   71.2082
2014   09   33.6276
2014   10   11.0623
2014   11   10.3649
2014   12   2.3576
2015   01   0.9731
2015   02   5.2026
2015   03   11.8253
2015   04   11.6318
2015   05   24.3110
2015   06   28.3050
2015   07   93.6218
2015   08   146.0906
2015   09   27.2491
2015   10   34.5518
2015   11   7.8981
2015   12   2.6980
2016   01   1.9479
2016   02   3.7349
2016   03   4.1128
2016   04   104.3842
2016   05   78.5885
2016   06   81.3900
2016   07   101.4384
2016   08   15.9662
2016   09   5.1786
2016   10   20.6602
2016   11   5.7281
2016   12   4.2825
2017   01   1.0008
2017   02   6.5501
2017   03   3.2957
2017   04   20.8879
2017   05   96.3700
2017   06   134.8818
2017   07   47.9365
2017   08   76.6987
2017   09   13.7565
2017   10   23.8846
2017   11   8.9719
2017   12   1.4483
2018   01   0.9664
2018   02   4.3415
2018   03   3.6716
2018   04   8.7107
2018   05   59.4711
2018   06   70.5985
2018   07   63.7568
2018   08   28.4522
2018   09   22.9725
2018   10   19.5595
2018   11   4.8091
2018   12   3.0351
2019   01   0.9573
2019   02   3.7099
2019   03   4.4737
2019   04   19.3667
2019   05   40.0780
2019   06   100.4904
2019   07   38.6604
2019   08   27.7987
2019   09   11.1102
2019   10   14.3441
2019   11   3.4632
2019   12   2.2882
2020   01   0.9241
2020   02   3.3491
2020   03   2.3648
2020   04   10.3037
2020   05   13.2342
2020   06   185.6795
2020   07   95.1188
2020   08   20.3239
2020   09   6.5397
2020   10   2.4393
2020   11   5.4522
2020   12   1.3216
2021   01   4.2726
2021   02   6.8181
2021   03   2.4437
2021   04   6.2263
2021   05   24.3675
2021   06   58.7146
2021   07   17.7139
2021   08   52.0411
2021   09   14.1052
2021   10   4.3360
2021   11   3.2057
2021   12   1.1464
2022   01   1.1029
2022   02   6.4755
2022   03   2.4685
2022   04   37.3981
2022   05   25.7833
2022   06   69.4745
2022   07   85.0238
2022   08   30.0083
2022   09   8.9437
2022   10   2.3164
2022   11   3.7843
2022   12   1.2615
2023   01   0.9934
2023   02   3.2452
2023   03   2.2929
2023   04   14.8356
2023   05   35.3511
2023   06   99.7022
2023   07   51.1722
2023   08   150.1102
2023   09   42.0311
2023   10   6.4268
2023   11   18.1036
2023   12   1.7118
2024   01   0.9444
2024   02   4.3111
2024   03   2.4748
2024   04   7.5927
2024   05   165.2594
2024   06   231.4960
2024   07   37.1804
2024   08   106.2202
2024   09   12.6971
2024   10   13.0640
2024   11   3.6145
2024   11   3.6145
2024   12   1.1034
2025   01   0.8682
2025   02   2.9022
2025   03   4.0203
2025   04   5.8243
2025   05   99.9932
2025   06   102.9069
