1991   01   27.1896
1991   02   26.0114
1991   03   45.1682
1991   04   105.0646
1991   05   245.4175
1991   06   156.4845
1991   07   180.9575
1991   08   122.4424
1991   09   144.2415
1991   10   51.0231
1991   11   44.3254
1991   12   122.7579
1992   01   23.1927
1992   02   21.7765
1992   03   94.0853
1992   04   90.3094
1992   05   213.3470
1992   06   279.7358
1992   07   86.9307
1992   08   118.7366
1992   09   162.8178
1992   10   104.9266
1992   11   24.1740
1992   12   47.8629
1993   01   69.4693
1993   02   17.8148
1993   03   144.3681
1993   04   135.9427
1993   05   338.1577
1993   06   288.0273
1993   07   250.7789
1993   08   115.8529
1993   09   66.2553
1993   10   66.3204
1993   11   49.0312
1993   12   39.7047
1994   01   27.8762
1994   02   21.4552
1994   03   40.1765
1994   04   105.3593
1994   05   182.6970
1994   06   310.3708
1994   07   174.7091
1994   08   121.1120
1994   09   101.9788
1994   10   88.5710
1994   11   64.0103
1994   12   56.0893
1995   01   114.9737
1995   02   17.5227
1995   03   29.3780
1995   04   125.0084
1995   05   108.8148
1995   06   346.4826
1995   07   158.3852
1995   08   160.6714
1995   09   75.3326
1995   10   67.2546
1995   11   29.6924
1995   12   10.5674
1996   01   31.7332
1996   02   36.9719
1996   03   65.0637
1996   04   77.4575
1996   05   178.6033
1996   06   113.9272
1996   07   59.5946
1996   08   143.0801
1996   09   54.3397
1996   10   53.1312
1996   11   45.7427
1996   12   40.4156
1997   01   83.9650
1997   02   29.3055
1997   03   21.5552
1997   04   204.9160
1997   05   162.4763
1997   06   337.8005
1997   07   256.6103
1997   08   115.8047
1997   09   99.9739
1997   10   110.5994
1997   11   99.6773
1997   12   30.4319
1998   01   30.4368
1998   02   21.8910
1998   03   44.8315
1998   04   76.5760
1998   05   103.6213
1998   06   123.6190
1998   07   87.3231
1998   08   127.7592
1998   09   78.0057
1998   10   18.2491
1998   11   25.6881
1998   12   22.8982
1999   01   33.2555
1999   02   29.9476
1999   03   59.7119
1999   04   61.4239
1999   05   128.8136
1999   06   312.4473
1999   07   113.5004
1999   08   158.2589
1999   09   125.9463
1999   10   42.6873
1999   11   28.7914
1999   12   25.0077
2000   01   24.4111
2000   02   106.8973
2000   03   48.4412
2000   04   107.8667
2000   05   86.0613
2000   06   440.2478
2000   07   192.7614
2000   08   94.0728
2000   09   143.4199
2000   10   63.8248
2000   11   45.3106
2000   12   38.6949
2001   01   97.4823
2001   02   23.6121
2001   03   67.8941
2001   04   45.4804
2001   05   266.1897
2001   06   218.1229
2001   07   256.4084
2001   08   108.9391
2001   09   58.2043
2001   10   39.8812
2001   11   50.0896
2001   12   15.0238
2002   01   26.6935
2002   02   45.0076
2002   03   88.6404
2002   04   67.2193
2002   05   268.1433
2002   06   137.6086
2002   07   119.9057
2002   08   154.6959
2002   09   168.9727
2002   10   168.5324
2002   11   73.2602
2002   12   47.9717
2003   01   24.1044
2003   02   21.8191
2003   03   51.6792
2003   04   57.2051
2003   05   73.4915
2003   06   328.0795
2003   07   133.3816
2003   08   108.9559
2003   09   168.0602
2003   10   73.4948
2003   11   50.0699
2003   12   40.5652
2004   01   18.2538
2004   02   22.5823
2004   03   38.9349
2004   04   183.6656
2004   05   82.9056
2004   06   306.7306
2004   07   168.0425
2004   08   201.9143
2004   09   136.8597
2004   10   90.8057
2004   11   68.6615
2004   12   39.3050
2005   01   29.9557
2005   02   33.4712
2005   03   70.8339
2005   04   45.0046
2005   05   393.3131
2005   06   279.9077
2005   07   149.9881
2005   08   202.0807
2005   09   57.2853
2005   10   47.7523
2005   11   77.0430
2005   12   26.2155
2006   01   83.1371
2006   02   27.5106
2006   03   70.2469
2006   04   114.5770
2006   05   128.1619
2006   06   281.2996
2006   07   223.3017
2006   08   123.6506
2006   09   131.8855
2006   10   79.6320
2006   11   24.1482
2006   12   58.6571
2007   01   23.0200
2007   02   43.9529
2007   03   36.6414
2007   04   101.0173
2007   05   79.7041
2007   06   135.1503
2007   07   139.0760
2007   08   114.0671
2007   09   138.8191
2007   10   57.4197
2007   11   29.6650
2007   12   25.2429
2008   01   28.6238
2008   02   24.4787
2008   03   36.2051
2008   04   59.1927
2008   05   281.1192
2008   06   110.8638
2008   07   253.8285
2008   08   202.7113
2008   09   36.1697
2008   10   38.3940
2008   11   42.4560
2008   12   21.8879
2009   01   25.3563
2009   02   34.9567
2009   03   31.2594
2009   04   66.7505
2009   05   253.4442
2009   06   199.4317
2009   07   79.6244
2009   08   233.5697
2009   09   72.0021
2009   10   114.0887
2009   11   52.5165
2009   12   42.7988
2010   01   24.9181
2010   02   77.8792
2010   03   48.8288
2010   04   27.1996
2010   05   91.0174
2010   06   188.7874
2010   07   119.2770
2010   08   153.2139
2010   09   62.2630
2010   10   42.2260
2010   11   32.6923
2010   12   37.6611
2011   01   67.4869
2011   02   23.0975
2011   03   69.6328
2011   04   124.2985
2011   05   131.7118
2011   06   195.2261
2011   07   126.6304
2011   08   174.0059
2011   09   155.1623
2011   10   44.2123
2011   11   29.9723
2011   12   16.6691
2012   01   48.6927
2012   02   73.1893
2012   03   42.6613
2012   04   40.9947
2012   05   199.2303
2012   06   219.4147
2012   07   96.1877
2012   08   140.6116
2012   09   80.9294
2012   10   29.9128
2012   11   35.4115
2012   12   103.5243
2013   01   20.7711
2013   02   47.8467
2013   03   34.4769
2013   04   93.7117
2013   05   183.1161
2013   06   122.0352
2013   07   83.8513
2013   08   157.6393
2013   09   136.0476
2013   10   35.1675
2013   11   31.9244
2013   12   15.6547
2014   01   43.7474
2014   02   26.4886
2014   03   53.8087
2014   04   70.2620
2014   05   150.4375
2014   06   237.8044
2014   07   221.4491
2014   08   113.0906
2014   09   125.0393
2014   10   77.1678
2014   11   29.9678
2014   12   18.2755
2015   01   10.5332
2015   02   15.9953
2015   03   23.5010
2015   04   68.5132
2015   05   223.2422
2015   06   219.6653
2015   07   265.0424
2015   08   202.8413
2015   09   69.5173
2015   10   36.0352
2015   11   22.0479
2015   12   30.8086
2016   01   27.6563
2016   02   21.8158
2016   03   23.9431
2016   04   95.1317
2016   05   110.5038
2016   06   30.2881
2016   07   167.0022
2016   08   160.7136
2016   09   58.9399
2016   10   71.9024
2016   11   42.1291
2016   12   42.5814
2017   01   41.0511
2017   02   51.6528
2017   03   56.5797
2017   04   75.1907
2017   05   144.1259
2017   06   203.3158
2017   07   82.1367
2017   08   226.3242
2017   09   97.8440
2017   10   113.1897
2017   11   28.4264
2017   12   31.0942
2018   01   41.1285
2018   02   27.7104
2018   03   133.9551
2018   04   122.3352
2018   05   108.1198
2018   06   136.9914
2018   07   76.2515
2018   08   148.1413
2018   09   132.6713
2018   10   68.5586
2018   11   58.2282
2018   12   29.9705
2019   01   24.2929
2019   02   15.0077
2019   03   24.6641
2019   04   33.7232
2019   05   147.7217
2019   06   184.9427
2019   07   186.7880
2019   08   93.0944
2019   09   46.7632
2019   10   41.1390
2019   11   49.1752
2019   12   22.0304
2020   01   23.1410
2020   02   25.2409
2020   03   33.0812
2020   04   77.8003
2020   05   144.8388
2020   06   269.6503
2020   07   246.3675
2020   08   109.0710
2020   09   62.9979
2020   10   29.8468
2020   11   30.6989
2020   12   28.4619
2021   01   37.1950
2021   02   9.9125
2021   03   21.8552
2021   04   81.4019
2021   05   84.7039
2021   06   166.7937
2021   07   65.9269
2021   08   128.4475
2021   09   58.0993
2021   10   27.2921
2021   11   35.7998
2021   12   18.4691
2022   01   66.0643
2022   02   30.3224
2022   03   67.6273
2022   04   119.0602
2022   05   94.0446
2022   06   204.8457
2022   07   191.3918
2022   08   97.1971
2022   09   89.7851
2022   10   54.2885
2022   11   30.6275
2022   12   19.4246
2023   01   19.3003
2023   02   19.9176
2023   03   62.1899
2023   04   74.4215
2023   05   119.7240
2023   06   172.2718
2023   07   162.7663
2023   08   132.2625
2023   09   68.4731
2023   10   35.8212
2023   11   46.6024
2023   12   12.5262
2024   01   8.8326
2024   02   14.1280
2024   03   80.3372
2024   04   103.6517
2024   05   115.8908
2024   06   235.7068
2024   07   59.5217
2024   08   74.8250
2024   09   135.0001
2024   10   16.6410
2024   11   49.8246
2024   11   49.8246
2024   12   10.0327
2025   01   27.2161
2025   02   18.0867
2025   03   56.5088
2025   04   73.8855
2025   05   113.7665
2025   06   123.5209
