1991   01   58.9391
1991   02   43.7702
1991   03   108.2191
1991   04   140.0442
1991   05   232.7767
1991   06   149.0822
1991   07   222.7533
1991   08   127.8036
1991   09   129.5197
1991   10   130.9069
1991   11   101.0831
1991   12   207.6652
1992   01   29.5309
1992   02   44.4925
1992   03   207.0345
1992   04   124.5488
1992   05   230.1971
1992   06   228.6345
1992   07   131.2842
1992   08   88.4635
1992   09   120.5865
1992   10   265.0919
1992   11   55.8275
1992   12   106.9532
1993   01   81.0017
1993   02   56.1942
1993   03   362.4654
1993   04   290.7506
1993   05   345.2506
1993   06   292.2883
1993   07   235.0548
1993   08   89.0650
1993   09   67.5259
1993   10   84.5713
1993   11   161.0213
1993   12   79.0303
1994   01   73.9976
1994   02   42.8164
1994   03   79.1516
1994   04   190.4108
1994   05   304.9536
1994   06   329.0034
1994   07   214.1766
1994   08   116.6403
1994   09   148.3959
1994   10   187.3105
1994   11   108.6734
1994   12   98.6299
1995   01   107.9399
1995   02   27.7949
1995   03   43.8162
1995   04   134.5063
1995   05   170.3180
1995   06   334.0042
1995   07   193.8040
1995   08   215.2880
1995   09   119.4307
1995   10   77.9169
1995   11   41.8740
1995   12   15.8803
1996   01   45.7126
1996   02   79.0547
1996   03   135.4125
1996   04   120.5023
1996   05   169.4695
1996   06   140.2397
1996   07   107.1161
1996   08   179.4331
1996   09   64.9231
1996   10   76.0387
1996   11   116.9879
1996   12   47.2434
1997   01   102.1367
1997   02   59.2444
1997   03   37.6902
1997   04   311.3283
1997   05   141.4903
1997   06   333.3846
1997   07   275.3511
1997   08   146.5376
1997   09   143.4327
1997   10   180.2602
1997   11   145.1705
1997   12   47.8076
1998   01   29.9699
1998   02   50.5607
1998   03   63.8020
1998   04   120.2565
1998   05   137.2510
1998   06   182.3505
1998   07   149.4123
1998   08   117.5902
1998   09   75.2116
1998   10   28.8344
1998   11   43.2986
1998   12   54.8888
1999   01   53.2764
1999   02   60.5643
1999   03   102.2165
1999   04   67.7635
1999   05   148.1665
1999   06   215.2036
1999   07   121.6025
1999   08   203.3261
1999   09   165.5058
1999   10   48.0606
1999   11   91.9023
1999   12   72.4050
2000   01   68.2067
2000   02   200.7060
2000   03   86.9194
2000   04   168.3020
2000   05   120.6895
2000   06   465.8808
2000   07   256.1967
2000   08   94.9293
2000   09   151.7147
2000   10   182.8092
2000   11   119.6991
2000   12   48.2991
2001   01   234.9309
2001   02   46.4821
2001   03   147.7319
2001   04   74.4022
2001   05   312.1302
2001   06   209.0429
2001   07   298.4488
2001   08   140.8450
2001   09   90.2263
2001   10   83.1929
2001   11   99.1823
2001   12   30.7768
2002   01   38.8971
2002   02   140.6628
2002   03   179.6996
2002   04   144.0912
2002   05   295.0269
2002   06   124.0281
2002   07   137.1240
2002   08   178.8436
2002   09   186.1111
2002   10   338.0881
2002   11   162.9319
2002   12   123.8960
2003   01   62.5006
2003   02   41.7690
2003   03   90.0111
2003   04   76.5980
2003   05   72.9271
2003   06   306.3869
2003   07   144.8917
2003   08   132.7643
2003   09   184.4073
2003   10   120.4313
2003   11   121.3799
2003   12   104.2238
2004   01   47.2255
2004   02   41.1650
2004   03   89.9195
2004   04   343.4225
2004   05   72.1331
2004   06   366.5792
2004   07   180.9843
2004   08   216.9881
2004   09   126.2458
2004   10   141.1256
2004   11   137.2233
2004   12   71.8638
2005   01   49.0102
2005   02   79.9107
2005   03   200.8044
2005   04   104.5247
2005   05   440.3425
2005   06   286.7222
2005   07   197.2677
2005   08   213.5963
2005   09   66.0064
2005   10   101.9532
2005   11   151.8748
2005   12   67.8921
2006   01   167.9250
2006   02   51.5284
2006   03   129.5436
2006   04   185.2637
2006   05   153.2073
2006   06   320.1291
2006   07   275.9377
2006   08   145.5730
2006   09   105.2316
2006   10   143.0423
2006   11   48.6697
2006   12   157.0877
2007   01   44.3397
2007   02   77.2379
2007   03   71.3848
2007   04   176.9029
2007   05   45.7463
2007   06   138.4572
2007   07   160.5601
2007   08   129.2267
2007   09   128.5123
2007   10   137.3643
2007   11   66.7916
2007   12   36.5026
2008   01   50.0727
2008   02   39.2542
2008   03   59.3504
2008   04   126.2438
2008   05   331.3770
2008   06   130.6540
2008   07   319.8878
2008   08   242.5670
2008   09   38.2672
2008   10   58.3540
2008   11   78.9082
2008   12   41.2581
2009   01   34.9236
2009   02   90.9649
2009   03   69.2429
2009   04   153.1488
2009   05   351.7632
2009   06   178.7182
2009   07   87.5895
2009   08   303.4294
2009   09   71.0699
2009   10   174.7097
2009   11   116.8716
2009   12   133.9924
2010   01   69.0390
2010   02   133.9140
2010   03   126.7580
2010   04   44.6659
2010   05   109.2448
2010   06   258.5294
2010   07   143.9351
2010   08   172.1221
2010   09   71.7527
2010   10   70.0741
2010   11   59.5644
2010   12   78.9016
2011   01   89.6532
2011   02   36.1753
2011   03   146.7722
2011   04   168.1342
2011   05   152.0961
2011   06   163.4363
2011   07   210.3960
2011   08   179.4657
2011   09   218.1470
2011   10   56.1150
2011   11   59.2699
2011   12   27.5678
2012   01   90.9545
2012   02   200.6320
2012   03   62.6642
2012   04   59.3080
2012   05   239.9439
2012   06   282.7408
2012   07   125.8737
2012   08   168.9999
2012   09   84.5323
2012   10   57.8412
2012   11   69.4444
2012   12   199.4095
2013   01   36.2113
2013   02   113.1765
2013   03   85.1936
2013   04   170.0960
2013   05   275.5330
2013   06   168.1201
2013   07   133.6415
2013   08   159.7511
2013   09   160.1267
2013   10   47.0522
2013   11   64.7692
2013   12   34.9913
2014   01   79.3578
2014   02   52.6718
2014   03   76.1298
2014   04   130.9610
2014   05   157.0779
2014   06   221.4106
2014   07   262.7232
2014   08   133.2928
2014   09   166.8792
2014   10   118.4615
2014   11   63.4490
2014   12   29.9003
2015   01   17.9514
2015   02   41.7678
2015   03   43.2072
2015   04   169.8052
2015   05   289.9405
2015   06   163.9979
2015   07   263.7466
2015   08   230.1423
2015   09   93.6763
2015   10   49.6230
2015   11   47.4168
2015   12   55.5216
2016   01   48.6860
2016   02   46.6012
2016   03   57.6702
2016   04   135.8169
2016   05   116.1944
2016   06   29.6634
2016   07   152.0306
2016   08   175.5052
2016   09   85.0934
2016   10   106.4547
2016   11   109.9291
2016   12   91.9972
2017   01   67.2178
2017   02   128.6115
2017   03   96.3365
2017   04   111.9779
2017   05   197.5970
2017   06   206.4548
2017   07   132.5802
2017   08   250.4597
2017   09   98.3763
2017   10   215.5473
2017   11   50.8917
2017   12   96.6891
2018   01   57.6223
2018   02   48.7510
2018   03   196.0916
2018   04   174.9128
2018   05   131.9645
2018   06   164.2419
2018   07   90.2826
2018   08   174.0098
2018   09   186.3894
2018   10   98.0146
2018   11   126.3801
2018   12   60.2524
2019   01   32.6936
2019   02   32.5402
2019   03   43.2876
2019   04   70.6792
2019   05   156.1373
2019   06   178.0645
2019   07   204.5396
2019   08   90.0153
2019   09   43.3605
2019   10   86.5566
2019   11   172.1480
2019   12   44.3276
2020   01   54.2026
2020   02   49.5827
2020   03   52.6494
2020   04   140.5208
2020   05   213.6792
2020   06   276.6705
2020   07   241.2755
2020   08   120.3456
2020   09   77.2383
2020   10   46.0560
2020   11   109.5700
2020   12   55.7227
2021   01   38.6315
2021   02   15.3478
2021   03   35.7803
2021   04   121.3170
2021   05   106.1577
2021   06   170.5886
2021   07   109.1202
2021   08   133.4106
2021   09   67.1862
2021   10   48.1386
2021   11   105.0679
2021   12   36.1309
2022   01   109.7592
2022   02   76.1885
2022   03   128.8763
2022   04   154.8660
2022   05   96.5481
2022   06   163.4415
2022   07   284.6997
2022   08   94.0042
2022   09   101.4971
2022   10   71.1752
2022   11   88.8753
2022   12   54.4837
2023   01   35.0640
2023   02   36.1372
2023   03   112.2095
2023   04   115.2867
2023   05   132.6541
2023   06   204.5000
2023   07   225.5622
2023   08   157.4056
2023   09   84.6956
2023   10   68.8836
2023   11   109.7588
2023   12   27.3716
2024   01   20.6663
2024   02   29.5922
2024   03   188.0422
2024   04   141.2896
2024   05   112.4017
2024   06   190.5995
2024   07   75.3238
2024   08   72.3761
2024   09   180.6719
2024   10   22.3114
2024   11   349.6101
2024   11   349.6101
2024   12   22.7938
2025   01   39.0496
2025   02   36.6909
2025   03   104.0671
2025   04   122.5125
2025   05   210.8198
2025   06   105.0841
