1991   01   2.4474
1991   02   3.8291
1991   03   3.6966
1991   04   13.0147
1991   05   122.6864
1991   06   140.6596
1991   07   136.6348
1991   08   48.8458
1991   09   29.9207
1991   10   14.2449
1991   11   3.0348
1991   12   5.5031
1992   01   2.4474
1992   02   4.0267
1992   03   11.0410
1992   04   48.7449
1992   05   273.5687
1992   06   298.8818
1992   07   8.1950
1992   08   105.0235
1992   09   15.7896
1992   10   7.8372
1992   11   6.2575
1992   12   3.8144
1993   01   2.6079
1993   02   4.3998
1993   03   4.0765
1993   04   31.8533
1993   05   118.6785
1993   06   89.3153
1993   07   30.2010
1993   08   60.1643
1993   09   7.5762
1993   10   9.8098
1993   11   3.9516
1993   12   3.4897
1994   01   2.7930
1994   02   5.6897
1994   03   5.6817
1994   04   23.4939
1994   05   129.7940
1994   06   95.2661
1994   07   56.8828
1994   08   34.8097
1994   09   17.8369
1994   10   13.4303
1994   11   3.6514
1994   12   5.3569
1995   01   2.8463
1995   02   8.4276
1995   03   4.5839
1995   04   25.5460
1995   05   44.3893
1995   06   86.3087
1995   07   35.3082
1995   08   60.4661
1995   09   23.4664
1995   10   10.1030
1995   11   3.2168
1995   12   3.5637
1996   01   2.7985
1996   02   5.6488
1996   03   4.8267
1996   04   28.7488
1996   05   42.0639
1996   06   86.6403
1996   07   66.2042
1996   08   39.0632
1996   09   12.1398
1996   10   12.3401
1996   11   3.9441
1996   12   3.8801
1997   01   2.8215
1997   02   5.6997
1997   03   4.7906
1997   04   13.3361
1997   05   173.9938
1997   06   406.7266
1997   07   97.0724
1997   08   141.9577
1997   09   34.4790
1997   10   21.4103
1997   11   7.4257
1997   12   3.8801
1998   01   2.7929
1998   02   5.6294
1998   03   5.4365
1998   04   29.5788
1998   05   96.0678
1998   06   46.0423
1998   07   25.5417
1998   08   30.6839
1998   09   23.1580
1998   10   8.0496
1998   11   3.6976
1998   12   3.6076
1999   01   2.7929
1999   02   5.6508
1999   03   5.2560
1999   04   25.6332
1999   05   16.9743
1999   06   60.8672
1999   07   39.7700
1999   08   155.7904
1999   09   62.7539
1999   10   15.4517
1999   11   3.5496
1999   12   3.4713
2000   01   2.5912
2000   02   5.4126
2000   03   3.4449
2000   04   31.3025
2000   05   42.6810
2000   06   340.3664
2000   07   23.9644
2000   08   22.3848
2000   09   71.4933
2000   10   11.4161
2000   11   5.7880
2000   12   3.2998
2001   01   2.7898
2001   02   5.0374
2001   03   3.7338
2001   04   19.0035
2001   05   107.0457
2001   06   65.4762
2001   07   231.2129
2001   08   120.1679
2001   09   22.4290
2001   10   8.2328
2001   11   3.6322
2001   12   3.0418
2002   01   2.5929
2002   02   4.6820
2002   03   5.2310
2002   04   20.2099
2002   05   300.2056
2002   06   235.4912
2002   07   73.4129
2002   08   173.2868
2002   09   39.0016
2002   10   9.6794
2002   11   3.1149
2002   12   3.4152
2003   01   2.3735
2003   02   5.6591
2003   03   3.5633
2003   04   10.9230
2003   05   137.4678
2003   06   127.5156
2003   07   56.6517
2003   08   46.2880
2003   09   21.4892
2003   10   7.3912
2003   11   8.2184
2003   12   3.5307
2004   01   2.5929
2004   02   4.3574
2004   03   5.1527
2004   04   27.8304
2004   05   54.5319
2004   06   139.5022
2004   07   124.2648
2004   08   89.1432
2004   09   13.9036
2004   10   7.8713
2004   11   20.9189
2004   12   3.5025
2005   01   2.5160
2005   02   4.5831
2005   03   10.7694
2005   04   6.6328
2005   05   161.2107
2005   06   221.5796
2005   07   71.4430
2005   08   185.2298
2005   09   19.7380
2005   10   10.7953
2005   11   6.2251
2005   12   3.4754
2006   01   2.7898
2006   02   4.8929
2006   03   3.4569
2006   04   10.1036
2006   05   70.4149
2006   06   134.2778
2006   07   166.8981
2006   08   112.2219
2006   09   16.7825
2006   10   22.3146
2006   11   2.8112
2006   12   3.0880
2007   01   2.7957
2007   02   5.2111
2007   03   8.4685
2007   04   13.1863
2007   05   41.1498
2007   06   79.4391
2007   07   50.5976
2007   08   63.7126
2007   09   11.3587
2007   10   8.5844
2007   11   2.8499
2007   12   3.4100
2008   01   2.5929
2008   02   4.6110
2008   03   3.1424
2008   04   9.2099
2008   05   198.9011
2008   06   102.0485
2008   07   63.3257
2008   08   150.8729
2008   09   11.6223
2008   10   6.7859
2008   11   2.6894
2008   12   3.1031
2009   01   2.5925
2009   02   4.5635
2009   03   3.5780
2009   04   4.8596
2009   05   53.1682
2009   06   135.0821
2009   07   46.8903
2009   08   106.3671
2009   09   36.7802
2009   10   12.6269
2009   11   3.1619
2009   12   3.1031
2010   01   2.5449
2010   02   4.5002
2010   03   3.4560
2010   04   6.2448
2010   05   76.9127
2010   06   77.0697
2010   07   22.9191
2010   08   32.0848
2010   09   11.9778
2010   10   10.9068
2010   11   4.8158
2010   12   3.1031
2011   01   2.6280
2011   02   4.9520
2011   03   3.4860
2011   04   10.3713
2011   05   11.8303
2011   06   88.2618
2011   07   47.8576
2011   08   114.2420
2011   09   7.7760
2011   10   5.8938
2011   11   3.0332
2011   12   3.1031
2012   01   2.5929
2012   02   4.6754
2012   03   3.4460
2012   04   12.8373
2012   05   143.6505
2012   06   104.2071
2012   07   12.2815
2012   08   93.0916
2012   09   10.1382
2012   10   24.5290
2012   11   3.6875
2012   12   3.5932
2013   01   2.8511
2013   02   5.7357
2013   03   5.7236
2013   04   8.4488
2013   05   227.4043
2013   06   49.7633
2013   07   32.7450
2013   08   61.7981
2013   09   22.2854
2013   10   11.2022
2013   11   2.9340
2013   12   3.2407
2014   01   2.6651
2014   02   7.0541
2014   03   4.7156
2014   04   9.4498
2014   05   53.5162
2014   06   98.6559
2014   07   59.3485
2014   08   63.5348
2014   09   35.5141
2014   10   10.5060
2014   11   5.2648
2014   12   3.2562
2015   01   2.6369
2015   02   5.0657
2015   03   9.4082
2015   04   8.4620
2015   05   40.8377
2015   06   20.6374
2015   07   77.2394
2015   08   202.8787
2015   09   23.9989
2015   10   32.9021
2015   11   5.5143
2015   12   3.6997
2016   01   2.3730
2016   02   5.0760
2016   03   4.0598
2016   04   88.5017
2016   05   119.9184
2016   06   67.5093
2016   07   109.5100
2016   08   24.9670
2016   09   5.3196
2016   10   16.4166
2016   11   3.0422
2016   12   6.8313
2017   01   2.6369
2017   02   5.6817
2017   03   4.0010
2017   04   12.7233
2017   05   150.1680
2017   06   120.4412
2017   07   46.9113
2017   08   89.5455
2017   09   15.7554
2017   10   26.7432
2017   11   4.8929
2017   12   3.3247
2018   01   2.6199
2018   02   5.0862
2018   03   4.5271
2018   04   14.1287
2018   05   92.0183
2018   06   59.9869
2018   07   33.7871
2018   08   36.6464
2018   09   19.5835
2018   10   13.3250
2018   11   2.6864
2018   12   3.0951
2019   01   2.6369
2019   02   5.1007
2019   03   6.0457
2019   04   14.6348
2019   05   64.6991
2019   06   33.8245
2019   07   35.9734
2019   08   23.1046
2019   09   13.7735
2019   10   12.9338
2019   11   1.9324
2019   12   3.0825
2020   01   2.6178
2020   02   4.7199
2020   03   3.8595
2020   04   9.1791
2020   05   15.1963
2020   06   188.4836
2020   07   45.6505
2020   08   20.5011
2020   09   6.5566
2020   10   5.7556
2020   11   2.9349
2020   12   3.1997
2021   01   5.0075
2021   02   4.8606
2021   03   3.6682
2021   04   6.8116
2021   05   44.4776
2021   06   32.7078
2021   07   3.7657
2021   08   35.6736
2021   09   11.4044
2021   10   14.3682
2021   11   1.9540
2021   12   2.9410
2022   01   2.9977
2022   02   8.4009
2022   03   3.6551
2022   04   22.8147
2022   05   20.9518
2022   06   61.3250
2022   07   65.3669
2022   08   32.0843
2022   09   10.3380
2022   10   5.5984
2022   11   2.8218
2022   12   3.0687
2023   01   2.8436
2023   02   4.7073
2023   03   3.6247
2023   04   9.4386
2023   05   37.2864
2023   06   72.9769
2023   07   39.4975
2023   08   142.9224
2023   09   27.8635
2023   10   9.9892
2023   11   7.1596
2023   12   2.8067
2024   01   2.6189
2024   02   5.6774
2024   03   3.5574
2024   04   8.8889
2024   05   121.9205
2024   06   220.6567
2024   07   32.8483
2024   08   138.9652
2024   09   13.9458
2024   10   11.4010
2024   11   1.8621
2024   11   1.8621
2024   12   2.7251
2025   01   2.2600
2025   02   4.1178
2025   03   6.4979
2025   04   4.9955
2025   05   78.0502
2025   06   72.2002
