1991   01   2.1264
1991   02   3.4074
1991   03   1.3384
1991   04   11.8465
1991   05   114.2237
1991   06   117.5120
1991   07   89.3027
1991   08   44.0693
1991   09   21.7572
1991   10   11.1349
1991   11   2.7730
1991   12   3.2984
1992   01   2.1264
1992   02   3.5732
1992   03   5.2831
1992   04   15.5340
1992   05   218.3712
1992   06   133.2876
1992   07   21.2202
1992   08   68.1216
1992   09   15.3538
1992   10   5.2696
1992   11   6.6912
1992   12   2.5970
1993   01   2.2507
1993   02   7.1047
1993   03   1.5327
1993   04   18.3158
1993   05   74.5191
1993   06   51.8251
1993   07   44.4766
1993   08   36.4476
1993   09   7.2439
1993   10   5.3922
1993   11   3.1191
1993   12   2.7639
1994   01   2.4308
1994   02   5.2898
1994   03   1.6819
1994   04   16.9859
1994   05   64.7183
1994   06   103.9775
1994   07   49.9950
1994   08   24.0202
1994   09   17.9283
1994   10   9.5363
1994   11   3.0646
1994   12   4.1070
1995   01   2.5141
1995   02   6.6761
1995   03   1.7492
1995   04   12.9992
1995   05   25.5900
1995   06   54.9674
1995   07   47.6735
1995   08   26.6751
1995   09   29.1547
1995   10   8.7180
1995   11   2.6810
1995   12   2.8624
1996   01   2.4413
1996   02   5.0591
1996   03   1.7760
1996   04   16.8237
1996   05   40.3399
1996   06   61.4402
1996   07   40.8782
1996   08   26.2689
1996   09   11.8466
1996   10   7.4623
1996   11   2.5061
1996   12   3.0820
1997   01   2.4413
1997   02   4.9903
1997   03   2.3193
1997   04   7.8012
1997   05   133.2807
1997   06   327.9454
1997   07   58.3672
1997   08   94.2006
1997   09   21.8804
1997   10   16.1901
1997   11   4.7442
1997   12   3.2990
1998   01   2.4307
1998   02   5.1713
1998   03   2.4300
1998   04   25.0012
1998   05   91.7931
1998   06   41.9478
1998   07   9.8197
1998   08   23.7077
1998   09   26.0678
1998   10   6.5716
1998   11   3.2033
1998   12   2.8928
1999   01   2.5824
1999   02   5.0581
1999   03   1.9847
1999   04   13.0685
1999   05   32.0901
1999   06   17.9443
1999   07   16.1238
1999   08   96.0972
1999   09   40.3859
1999   10   17.2568
1999   11   3.1073
1999   12   2.7983
2000   01   2.3275
2000   02   4.2879
2000   03   1.3044
2000   04   22.6946
2000   05   42.4133
2000   06   241.6711
2000   07   22.3095
2000   08   17.8518
2000   09   56.1330
2000   10   8.6485
2000   11   3.2912
2000   12   2.4119
2001   01   2.4277
2001   02   4.4304
2001   03   1.4144
2001   04   12.7942
2001   05   72.5678
2001   06   61.5468
2001   07   173.3175
2001   08   78.2610
2001   09   21.9475
2001   10   5.9113
2001   11   3.9376
2001   12   2.2762
2002   01   2.3291
2002   02   4.1643
2002   03   1.7514
2002   04   16.4329
2002   05   281.9179
2002   06   142.9941
2002   07   42.7987
2002   08   97.9377
2002   09   26.9788
2002   10   8.9100
2002   11   2.6546
2002   12   2.6211
2003   01   2.1598
2003   02   4.0623
2003   03   1.3042
2003   04   5.6340
2003   05   117.7112
2003   06   90.9105
2003   07   36.0909
2003   08   38.6027
2003   09   20.5496
2003   10   5.4851
2003   11   6.7433
2003   12   2.2286
2004   01   2.3291
2004   02   3.9172
2004   03   2.0908
2004   04   16.0101
2004   05   44.0229
2004   06   103.4453
2004   07   89.2667
2004   08   47.3570
2004   09   12.4364
2004   10   7.0187
2004   11   12.9940
2004   12   2.1131
2005   01   2.2803
2005   02   4.0907
2005   03   3.9030
2005   04   4.6791
2005   05   134.0785
2005   06   144.7754
2005   07   45.3563
2005   08   146.6128
2005   09   16.1536
2005   10   9.6092
2005   11   5.7423
2005   12   2.3141
2006   01   2.4277
2006   02   4.3025
2006   03   1.2760
2006   04   7.0036
2006   05   56.1129
2006   06   111.5949
2006   07   121.4611
2006   08   72.0622
2006   09   13.1893
2006   10   20.8014
2006   11   2.3048
2006   12   2.3249
2007   01   2.4330
2007   02   4.6864
2007   03   2.9995
2007   04   9.7850
2007   05   38.0780
2007   06   73.1099
2007   07   35.9162
2007   08   42.5428
2007   09   7.5964
2007   10   7.0327
2007   11   2.3478
2007   12   2.4905
2008   01   2.3291
2008   02   4.1310
2008   03   1.2267
2008   04   6.6461
2008   05   165.3364
2008   06   59.5678
2008   07   38.0700
2008   08   113.1281
2008   09   12.7867
2008   10   6.3132
2008   11   2.1292
2008   12   2.3366
2009   01   2.3288
2009   02   4.0402
2009   03   1.3056
2009   04   3.4071
2009   05   31.8626
2009   06   99.5669
2009   07   34.9463
2009   08   75.6194
2009   09   22.8448
2009   10   10.0359
2009   11   2.3385
2009   12   2.3366
2010   01   2.3050
2010   02   3.9995
2010   03   1.2614
2010   04   3.4681
2010   05   50.8804
2010   06   26.4024
2010   07   16.7095
2010   08   23.9149
2010   09   11.2695
2010   10   8.7479
2010   11   3.4122
2010   12   2.3366
2011   01   2.3467
2011   02   4.5398
2011   03   1.2710
2011   04   5.5668
2011   05   12.4480
2011   06   75.6728
2011   07   26.6696
2011   08   81.6268
2011   09   7.1578
2011   10   4.5944
2011   11   2.4582
2011   12   2.3366
2012   01   2.3291
2012   02   4.1720
2012   03   1.2549
2012   04   9.7419
2012   05   124.5319
2012   06   101.0916
2012   07   8.7834
2012   08   66.7445
2012   09   12.8726
2012   10   20.1192
2012   11   2.9008
2012   12   2.6066
2013   01   2.5039
2013   02   4.9776
2013   03   3.5735
2013   04   4.4566
2013   05   184.5257
2013   06   42.7643
2013   07   23.0513
2013   08   48.2787
2013   09   20.5442
2013   10   8.0867
2013   11   2.2755
2013   12   2.5406
2014   01   2.4225
2014   02   5.4402
2014   03   1.7487
2014   04   5.2981
2014   05   29.3322
2014   06   86.1824
2014   07   41.7946
2014   08   45.6985
2014   09   35.5655
2014   10   7.1101
2014   11   4.4492
2014   12   2.5706
2015   01   2.3932
2015   02   4.5362
2015   03   4.9874
2015   04   5.8714
2015   05   30.2273
2015   06   17.7349
2015   07   53.4589
2015   08   155.2345
2015   09   24.7422
2015   10   19.6130
2015   11   4.6683
2015   12   2.6595
2016   01   2.1918
2016   02   4.5175
2016   03   2.2863
2016   04   57.1201
2016   05   91.3160
2016   06   58.9383
2016   07   70.2566
2016   08   20.0909
2016   09   5.2822
2016   10   12.4573
2016   11   3.2089
2016   12   4.3144
2017   01   2.3932
2017   02   4.3889
2017   03   1.5453
2017   04   10.4782
2017   05   118.3814
2017   06   88.6706
2017   07   34.7820
2017   08   61.5885
2017   09   14.7133
2017   10   20.1096
2017   11   4.2300
2017   12   2.5508
2018   01   2.3846
2018   02   4.5013
2018   03   1.7063
2018   04   9.7526
2018   05   72.9652
2018   06   56.4476
2018   07   14.8210
2018   08   25.9776
2018   09   16.8315
2018   10   9.3631
2018   11   2.2306
2018   12   2.4470
2019   01   2.3932
2019   02   4.5067
2019   03   3.9733
2019   04   11.6593
2019   05   51.4043
2019   06   26.9851
2019   07   22.7551
2019   08   18.3241
2019   09   14.8867
2019   10   9.8316
2019   11   1.6848
2019   12   2.1249
2020   01   2.3769
2020   02   4.3937
2020   03   1.5148
2020   04   6.9448
2020   05   17.1663
2020   06   140.1317
2020   07   35.4219
2020   08   14.4724
2020   09   7.0732
2020   10   5.0745
2020   11   2.4762
2020   12   2.5243
2021   01   6.3921
2021   02   4.3806
2021   03   2.1090
2021   04   4.6554
2021   05   43.3695
2021   06   22.2714
2021   07   3.3495
2021   08   26.9317
2021   09   11.5907
2021   10   9.5482
2021   11   1.7544
2021   12   2.3377
2022   01   2.7135
2022   02   7.9231
2022   03   1.4144
2022   04   16.7377
2022   05   14.3657
2022   06   51.9228
2022   07   52.1425
2022   08   21.4953
2022   09   7.7916
2022   10   4.4218
2022   11   2.2603
2022   12   2.3955
2023   01   2.4993
2023   02   4.1389
2023   03   1.4342
2023   04   6.0288
2023   05   28.3078
2023   06   62.0238
2023   07   27.7004
2023   08   88.7427
2023   09   26.8861
2023   10   7.7498
2023   11   5.8958
2023   12   2.2577
2024   01   2.3840
2024   02   5.0016
2024   03   1.5371
2024   04   4.9345
2024   05   134.3570
2024   06   223.1131
2024   07   23.1830
2024   08   117.9383
2024   09   12.7755
2024   10   7.1837
2024   11   1.6047
2024   11   1.6047
2024   12   2.2102
2025   01   2.1558
2025   02   3.8172
2025   03   2.4596
2025   04   3.8949
2025   05   63.9519
2025   06   42.7520
