1981 1 144.5
1981 2 13.3
1981 3 57.4
1981 4 116.0
1981 5 284.6
1981 6 156.7
1981 7 126.6
1981 8 83.9
1981 9 85.7
1981 10 25.1
1981 11 21.9
1981 12 40.7
1982 1 112.7
1982 2 74.7
1982 3 53.4
1982 4 36.5
1982 5 154.4
1982 6 225.7
1982 7 222.8
1982 8 122.1
1982 9 120.1
1982 10 100.0
1982 11 48.4
1982 12 1.6
1983 1 26.2
1983 2 3.3
1983 3 30.2
1983 4 119.9
1983 5 135.0
1983 6 161.5
1983 7 110.22
1983 8 100.9
1983 9 131.4
1983 10 57.0
1983 11 2.7
1983 12 7.1
1984 1 36.8
1984 2 54.3
1984 3 20.8
1984 4 34.0
1984 5 377.9
1984 6 182.7
1984 7 181.4
1984 8 72.0
1984 9 84.3
1984 10 180.2
1984 11 42.1
1984 12 17.1
1985 1 71.9
1985 2 27.8
1985 3 48.4
1985 4 120.7
1985 5 297.9
1985 6 119.8
1985 7 117.2
1985 8 91.5
1985 9 135.6
1985 10 69.1
1985 11 73.6
1985 12 2.1
1986 1 22.5
1986 2 100.8
1986 3 85.1
1986 4 125.7
1986 5 202.7
1986 6 150.3
1986 7 86.64
1986 8 198.9
1986 9 31.3
1986 10 55.6
1986 11 154.0
1986 12 3.0
1987 1 5.8
1987 2 7.4
1987 3 83.0
1987 4 62.5
1987 5 121.8
1987 6 139.9
1987 7 210.8
1987 8 110.82
1987 9 90.4
1987 10 98.7
1987 11 50.1
1987 12 28.0
1988 1 41.3
1988 2 0.0
1988 3 95.7
1988 4 50.4
1988 5 65.5
1988 6 164.4
1988 7 85.5
1988 8 167.7
1988 9 45.0
1988 10 99.2
1988 11 19.9
1988 12 36.3
1989 1 18.4
1989 2 17.1
1989 3 44.1
1989 4 22.9
1989 5 50.4
1989 6 233.2
1989 7 158.1
1989 8 139.7
1989 9 41.0
1989 10 49.3
1989 11 21.3
1989 12 114.0
1990 1 11.2
1990 2 50.4
1990 3 87.8
1990 4 71.0
1990 5 202.6
1990 6 146.5
1990 7 100.8
1990 8 80.8
1990 9 153.8
1990 10 89.5
1990 11 44.6
1990 12 16.8
1991 1 38.1
1991 2 8.5
1991 3 33.2
1991 4 154.2
1991 5 240.0
1991 6 128.4
1991 7 193.1
1991 8 76.5
1991 9 127.4
1991 10 50.0
1991 11 54.1
1991 12 129.8
1992 1 1.2
1992 2 51.2
1992 3 46.7
1992 4 128.4
1992 5 286.3
1992 6 290.4
1992 7 112.4
1992 8 119.4
1992 9 159.1
1992 10 142.2
1992 11 44.9
1992 12 87.8
1993 1 24.9
1993 2 3.8
1993 3 61.1
1993 4 117.1
1993 5 380.4
1993 6 185.8
1993 7 255.3
1993 8 102.8
1993 9 62.8
1993 10 69.8
1993 11 91.2
1993 12 70.4
1994 1 27.6
1994 2 17.3
1994 3 23.4
1994 4 102.1
1994 5 85.0
1994 6 249.0
1994 7 202.4
1994 8 51.0
1994 9 115.2
1994 10 130.6
1994 11 101.0
1994 12 101.9
1995 1 27.2
1995 2 0.3
1995 3 38.2
1995 4 173.1
1995 5 78.7
1995 6 303.1
1995 7 207.3
1995 8 211.7
1995 9 40.4
1995 10 94.5
1995 11 21.6
1995 12 1.0
1996 1 25.0
1996 2 63.7
1996 3 69.6
1996 4 88.6
1996 5 109.8
1996 6 101.4
1996 7 10.3
1996 8 183.4
1996 9 26.7
1996 10 39.8
1996 11 50.6
1996 12 22.6
1997 1 60.1
1997 2 18.3
1997 3 4.1
1997 4 199.6
1997 5 164.1
1997 6 285.4
1997 7 268.1
1997 8 95.0
1997 9 98.0
1997 10 167.7
1997 11 91.7
1997 12 43.0
1998 1 7.5
1998 2 46.0
1998 3 15.6
1998 4 25.4
1998 5 74.5
1998 6 78.4
1998 7 69.7
1998 8 152.7
1998 9 64.6
1998 10 5.3
1998 11 23.5
1998 12 47.7
1999 1 28.7
1999 2 35.0
1999 3 55.1
1999 4 28.9
1999 5 141.7
1999 6 267.0
1999 7 91.8
1999 8 154.0
1999 9 136.9
1999 10 26.2
1999 11 32.2
1999 12 10.2
2000 1 5.0
2000 2 129.2
2000 3 31.2
2000 4 91.1
2000 5 78.6
2000 6 459.9
2000 7 159.2
2000 8 112.7
2000 9 144.7
2000 10 72.1
2000 11 63.0
2000 12 48.3
2001 1 80.2
2001 2 7.4
2001 3 58.7
2001 4 59.8
2001 5 217.8
2001 6 221.4
2001 7 241.7
2001 8 90.3
2001 9 35.9
2001 10 35.2
2001 11 96.9
2001 12 0.6
2002 1 27.8
2002 2 30.0
2002 3 134.8
2002 4 93.5
2002 5 198.6
2002 6 143.8
2002 7 113.6
2002 8 129.1
2002 9 138.5
2002 10 271.5
2002 11 114.8
2002 12 80.1
2003 1 19.4
2003 2 6.2
2003 3 22.1
2003 4 27.2
2003 5 40.5
2003 6 296.6
2003 7 154.6
2003 8 77.4
2003 9 114.5
2003 10 77.8
2003 11 81.8
2003 12 57.4
2004 1 8.7
2004 2 51.6
2004 3 48.9
2004 4 170.7
2004 5 18.9
2004 6 249.4
2004 7 185.8
2004 8 93.8
2004 9 91.2
2004 10 173.1
2004 11 89.6
2004 12 34.9
2005 1 33.0
2005 2 2.0
2005 3 60.6
2005 4 45.4
2005 5 344.7
2005 6 275.5
2005 7 122.2
2005 8 192.9
2005 9 91.0
2005 10 61.2
2005 11 162.1
2005 12 63.4
2006 1 85.8
2006 2 44.4
2006 3 62.2
2006 4 153.6
2006 5 107.4
2006 6 310.9
2006 7 215.0
2006 8 127.9
2006 9 128.9
2006 10 86.4
2006 11 23.2
2006 12 78.7
2007 1 12.8
2007 2 56.0
2007 3 17.2
2007 4 135.0
2007 5 76.1
2007 6 198.8
2007 7 179.9
2007 8 131.1
2007 9 63.6
2007 10 63.7
2007 11 23.4
2007 12 48.2
2008 1 10.6
2008 2 28.9
2008 3 32.7
2008 4 60.9
2008 5 208.6
2008 6 118.6
2008 7 167.3
2008 8 293.0
2008 9 40.5
2008 10 28.4
2008 11 52.8
2008 12 12.1
2009 1 12.6
2009 2 48.6
2009 3 14.0
2009 4 59.4
2009 5 224.8
2009 6 154.4
2009 7 80.2
2009 8 248.9
2009 9 58.2
2009 10 130.2
2009 11 84.0
2009 12 61.8
2010 1 35.4
2010 2 69.8
2010 3 50.2
2010 4 14.6
2010 5 42.4
2010 6 170.7
2010 7 169.0
2010 8 125.8
2010 9 28.4
2010 10 50.3
2010 11 46.6
2010 12 60.5
2011 1 61.2
2011 2 40.4
2011 3 69.4
2011 4 114.8
2011 5 121.6
2011 6 157.4
2011 7 115.1
2011 8 166.6
2011 9 121.2
2011 10 43.1
2011 11 45.2
2011 12 9.8
2012 1 18.6
2012 2 80.9
2012 3 27.3
2012 4 34.6
2012 5 128.0
2012 6 225.7
2012 7 77.6
2012 8 81.5
2012 9 57.4
2012 10 45.6
2012 11 43.3
2012 12 109.2
2013 1 12.0
2013 2 52.2
2013 3 20.4
2013 4 41.6
2013 5 135.4
2013 6 95.3
2013 7 101.4
2013 8 143.7
2013 9 72.2
2013 10 42.4
2013 11 50.2
2013 12 10.2
2014 1 83.4
2014 2 18.4
2014 3 74.0
2014 4 61.2
2014 5 159.2
2014 6 196.4
2014 7 145.4
2014 8 104.4
2014 9 116.8
2014 10 70.8
2014 11 32.2
2014 12 25.0
2015 1 0.0
2015 2 0.2
2015 3 3.1
2015 4 44.2
2015 5 237.5
2015 6 205.2
2015 7 227.7
2015 8 178.6
2015 9 127.3
2015 10 60.1
2015 11 28.2
2015 12 52.1
2016 1 12.0
2016 2 7.2
2016 3 29.7
2016 4 59.7
2016 5 77.7
2016 6 28.9
2016 7 232.4
2016 8 128.1
2016 9 29.4
2016 10 86.9
2016 11 35.8
2016 12 83.2
2017 1 25.7
2017 2 73.9
2017 3 57.3
2017 4 82.2
2017 5 121.0
2017 6 278.7
2017 7 101.6
2017 8 227.7
2017 9 65.1
2017 10 106.0
2017 11 31.0
2017 12 33.2
2018 1 24.9
2018 2 11.4
2018 3 113.1
2018 4 145.3
2018 5 122.1
2018 6 183.9
2018 7 57.1
2018 8 105.1
2018 9 129.3
2018 10 103.8
2018 11 60.9
2018 12 36.2
2019 1 9.5
2019 2 5.1
2019 3 28.8
2019 4 29.1
2019 5 128.0
2019 6 240.5
2019 7 156.3
2019 8 70.3
2019 9 48.4
2019 10 38.7
2019 11 32.6
2019 12 11.8
2020 1 16.0
2020 2 23.2
2020 3 9.2
2020 4 25.9
2020 5 90.5
2020 6 187.2
2020 7 230.5
2020 8 78.0
2020 9 61.2
2020 10 54.4
2020 11 7.3
2020 12 33.4
2021 1 58.8
2021 2 2.4
2021 3 9.8
2021 4 45.1
2021 5 39.9
2021 6 51.7
2021 7 58.1
2021 8 126.3
2021 9 60.9
2021 10 41.5
2021 11 18.4
2021 12 5.8
2022 1 62.2
2022 2 21.5
2022 3 66.8
2022 4 122.5
2022 5 64.3
2022 6 196.4
2022 7 187.1
2022 8 58.6
2022 9 10.5
2022 10 57.3
2022 11 17.6
2022 12 4.0
2023 1 8.4
2023 2 0.1
2023 3 48.2
2023 4 70.95
2023 5 19.4
2023 6 140.4
2023 7 157.3
2023 8 165.0
2023 9 152.8
2023 10 40.4
2023 11 63.7
2023 12 24.4
2024 1 2.5
2024 2 0.7
2024 3 12.3
2024 4 65.4
2024 5 70.6
2024 6 156.1
2024 7 15.9
2024 8 35.6
2024 9 69.7
2024 10 19.4
2024 11 35.6
2024 12 1.0
2025 1 1.8
2025 2 1.2
2025 3 36.4
2025 4 53.8
2025 5 50.4
2025 6 91.6
