1991   01   47.5700
1991   02   40.9185
1991   03   76.3938
1991   04   170.6355
1991   05   384.8983
1991   06   147.4591
1991   07   284.8499
1991   08   169.3994
1991   09   133.3083
1991   10   101.1149
1991   11   89.2417
1991   12   186.9528
1992   01   52.7205
1992   02   32.2544
1992   03   158.4863
1992   04   215.8291
1992   05   269.4529
1992   06   318.8805
1992   07   83.1806
1992   08   138.1566
1992   09   134.1125
1992   10   137.3077
1992   11   70.1750
1992   12   115.8464
1993   01   82.1485
1993   02   28.6807
1993   03   150.0674
1993   04   259.6422
1993   05   415.1198
1993   06   411.2784
1993   07   373.6062
1993   08   116.9102
1993   09   79.5796
1993   10   117.9115
1993   11   113.7344
1993   12   95.2663
1994   01   64.4008
1994   02   27.0211
1994   03   46.2819
1994   04   122.7846
1994   05   256.5319
1994   06   312.1883
1994   07   310.1936
1994   08   116.9383
1994   09   154.6072
1994   10   177.4139
1994   11   119.1602
1994   12   100.3248
1995   01   101.0592
1995   02   25.2778
1995   03   50.6099
1995   04   166.0124
1995   05   111.8030
1995   06   374.7839
1995   07   285.6826
1995   08   287.0872
1995   09   114.9524
1995   10   80.6390
1995   11   60.1711
1995   12   29.5234
1996   01   69.6491
1996   02   67.7322
1996   03   90.4499
1996   04   120.8718
1996   05   308.1449
1996   06   144.9667
1996   07   93.7359
1996   08   213.5050
1996   09   55.4559
1996   10   97.7919
1996   11   109.4523
1996   12   69.5676
1997   01   107.4884
1997   02   54.8809
1997   03   31.6721
1997   04   295.7093
1997   05   235.3902
1997   06   417.8806
1997   07   387.8235
1997   08   212.0388
1997   09   136.7422
1997   10   180.9832
1997   11   175.8887
1997   12   67.5862
1998   01   44.6234
1998   02   39.6239
1998   03   69.3645
1998   04   104.7732
1998   05   200.7957
1998   06   135.4322
1998   07   146.5768
1998   08   193.9680
1998   09   104.2749
1998   10   39.2313
1998   11   63.4540
1998   12   49.3955
1999   01   56.6728
1999   02   47.7207
1999   03   71.0633
1999   04   79.4364
1999   05   198.9158
1999   06   332.0519
1999   07   151.0304
1999   08   256.1172
1999   09   233.9634
1999   10   59.2958
1999   11   90.8088
1999   12   61.4697
2000   01   53.0916
2000   02   127.5963
2000   03   61.0548
2000   04   139.7717
2000   05   121.7285
2000   06   545.7890
2000   07   311.8790
2000   08   158.5908
2000   09   222.4709
2000   10   98.7287
2000   11   96.7568
2000   12   70.5086
2001   01   135.8015
2001   02   36.4654
2001   03   68.5037
2001   04   73.5601
2001   05   402.6710
2001   06   343.6469
2001   07   512.2611
2001   08   133.7112
2001   09   77.5684
2001   10   49.6220
2001   11   113.0166
2001   12   30.2715
2002   01   48.3084
2002   02   49.6371
2002   03   119.9638
2002   04   115.1767
2002   05   333.1473
2002   06   181.2588
2002   07   209.9219
2002   08   220.3665
2002   09   199.1315
2002   10   282.4332
2002   11   172.9609
2002   12   82.8916
2003   01   53.9964
2003   02   32.6778
2003   03   54.8448
2003   04   98.4433
2003   05   96.6842
2003   06   442.3888
2003   07   187.5571
2003   08   154.6474
2003   09   241.7730
2003   10   117.8279
2003   11   133.7938
2003   12   65.0363
2004   01   34.9462
2004   02   31.0529
2004   03   67.6427
2004   04   241.0628
2004   05   95.6533
2004   06   378.5307
2004   07   266.0148
2004   08   216.3998
2004   09   178.5439
2004   10   145.8200
2004   11   131.3827
2004   12   82.8437
2005   01   65.0896
2005   02   33.7743
2005   03   81.5443
2005   04   85.3712
2005   05   533.4072
2005   06   378.8407
2005   07   201.6725
2005   08   279.8423
2005   09   74.8806
2005   10   82.3404
2005   11   182.7498
2005   12   61.2715
2006   01   163.4334
2006   02   38.6248
2006   03   84.8621
2006   04   155.5140
2006   05   140.2383
2006   06   364.3112
2006   07   371.1144
2006   08   200.1843
2006   09   197.7177
2006   10   115.0652
2006   11   57.3050
2006   12   103.8719
2007   01   52.2339
2007   02   64.1493
2007   03   47.7279
2007   04   156.9337
2007   05   93.3908
2007   06   186.4014
2007   07   257.8217
2007   08   154.9926
2007   09   163.5591
2007   10   99.5342
2007   11   70.6129
2007   12   57.3444
2008   01   61.4362
2008   02   34.4077
2008   03   51.4526
2008   04   85.4827
2008   05   339.8094
2008   06   145.9769
2008   07   379.6666
2008   08   350.8109
2008   09   49.4275
2008   10   63.6313
2008   11   87.1989
2008   12   42.5422
2009   01   39.6573
2009   02   46.6941
2009   03   38.1353
2009   04   99.2560
2009   05   324.0070
2009   06   222.9817
2009   07   113.9345
2009   08   360.8289
2009   09   90.0746
2009   10   173.2050
2009   11   122.9627
2009   12   85.5291
2010   01   65.0958
2010   02   72.5438
2010   03   54.1975
2010   04   50.9940
2010   05   120.1585
2010   06   204.9468
2010   07   181.1573
2010   08   235.3415
2010   09   60.3344
2010   10   57.6030
2010   11   86.7259
2010   12   82.8591
2011   01   108.7859
2011   02   38.2437
2011   03   85.9506
2011   04   166.6862
2011   05   154.0927
2011   06   214.7321
2011   07   175.7749
2011   08   214.5948
2011   09   217.8064
2011   10   71.0653
2011   11   84.8364
2011   12   39.1279
2012   01   83.7370
2012   02   98.0649
2012   03   55.6526
2012   04   57.7087
2012   05   293.9526
2012   06   266.4104
2012   07   114.8482
2012   08   212.5185
2012   09   113.7104
2012   10   67.6171
2012   11   64.8242
2012   12   185.7369
2013   01   35.7800
2013   02   62.3846
2013   03   45.7197
2013   04   120.0850
2013   05   284.0681
2013   06   132.1532
2013   07   124.7352
2013   08   241.0682
2013   09   164.6934
2013   10   56.2133
2013   11   64.0663
2013   12   32.2399
2014   01   82.0136
2014   02   34.3899
2014   03   76.3261
2014   04   89.7307
2014   05   228.8571
2014   06   278.3602
2014   07   316.6815
2014   08   181.8289
2014   09   174.6747
2014   10   112.4259
2014   11   63.6062
2014   12   33.7388
2015   01   19.2088
2015   02   21.7736
2015   03   32.3186
2015   04   105.2378
2015   05   232.5290
2015   06   227.3876
2015   07   417.2075
2015   08   296.4477
2015   09   94.9371
2015   10   65.0032
2015   11   46.1688
2015   12   62.7361
2016   01   38.1074
2016   02   30.6552
2016   03   31.9190
2016   04   137.0972
2016   05   116.4898
2016   06   36.2437
2016   07   245.3164
2016   08   283.4948
2016   09   73.1043
2016   10   119.8255
2016   11   84.1957
2016   12   77.9921
2017   01   54.6956
2017   02   65.9150
2017   03   54.9489
2017   04   113.0145
2017   05   139.6731
2017   06   245.9763
2017   07   128.5423
2017   08   309.3778
2017   09   113.0638
2017   10   193.0732
2017   11   51.3260
2017   12   64.5267
2018   01   58.4604
2018   02   43.9944
2018   03   124.9936
2018   04   189.7908
2018   05   130.1941
2018   06   165.0353
2018   07   106.0296
2018   08   212.4917
2018   09   172.4456
2018   10   127.6808
2018   11   101.5727
2018   12   52.2888
2019   01   37.2721
2019   02   20.6418
2019   03   36.4570
2019   04   48.6114
2019   05   196.1756
2019   06   224.4573
2019   07   287.0894
2019   08   136.9958
2019   09   53.2697
2019   10   80.3182
2019   11   105.7282
2019   12   34.6299
2020   01   38.4851
2020   02   34.4602
2020   03   45.7978
2020   04   88.1905
2020   05   187.5206
2020   06   292.8429
2020   07   383.3815
2020   08   137.1497
2020   09   92.5612
2020   10   55.6236
2020   11   62.6252
2020   12   51.9632
2021   01   47.0137
2021   02   15.9796
2021   03   28.7547
2021   04   74.6930
2021   05   139.1013
2021   06   196.8561
2021   07   86.9847
2021   08   196.9949
2021   09   83.1686
2021   10   52.4803
2021   11   71.3173
2021   12   35.9126
2022   01   89.5875
2022   02   52.1446
2022   03   95.5650
2022   04   199.3394
2022   05   124.5940
2022   06   274.9846
2022   07   291.0558
2022   08   149.2549
2022   09   82.6068
2022   10   91.6565
2022   11   60.2572
2022   12   39.8316
2023   01   21.4623
2023   02   25.0548
2023   03   78.5420
2023   04   86.3865
2023   05   147.6111
2023   06   226.5032
2023   07   246.2727
2023   08   207.1932
2023   09   166.0607
2023   10   70.9810
2023   11   80.2953
2023   12   29.4696
2024   01   13.4755
2024   02   23.3357
2024   03   97.9963
2024   04   129.4951
2024   05   167.6929
2024   06   281.0764
2024   07   69.8708
2024   08   94.7175
2024   09   208.5001
2024   10   29.5087
2024   11   92.1132
2024   11   92.1132
2024   12   23.3694
2025   01   32.4754
2025   02   23.5014
2025   03   57.4487
2025   04   114.6981
2025   05   174.2256
2025   06   72.0057
