1991   01   37.8755
1991   02   43.9001
1991   03   93.3083
1991   04   164.4946
1991   05   493.0132
1991   06   159.8223
1991   07   344.7194
1991   08   260.1401
1991   09   181.4531
1991   10   215.6463
1991   11   72.9766
1991   12   191.9144
1992   01   41.1652
1992   02   40.5767
1992   03   150.6176
1992   04   158.4395
1992   05   423.3248
1992   06   314.0225
1992   07   105.3857
1992   08   153.1733
1992   09   204.2623
1992   10   177.1114
1992   11   93.8096
1992   12   120.0973
1993   01   45.0321
1993   02   32.0459
1993   03   105.6551
1993   04   241.3697
1993   05   429.7884
1993   06   403.0965
1993   07   366.5112
1993   08   183.9425
1993   09   115.3949
1993   10   193.1936
1993   11   129.1165
1993   12   105.7813
1994   01   48.3417
1994   02   33.7547
1994   03   72.4219
1994   04   209.7026
1994   05   205.8153
1994   06   373.9711
1994   07   398.0777
1994   08   113.8467
1994   09   219.8384
1994   10   188.8997
1994   11   125.4076
1994   12   118.7285
1995   01   76.7226
1995   02   33.5238
1995   03   75.0216
1995   04   219.4970
1995   05   157.2163
1995   06   487.4756
1995   07   387.1494
1995   08   323.8800
1995   09   134.5089
1995   10   187.2976
1995   11   68.6932
1995   12   30.5261
1996   01   51.5654
1996   02   73.8375
1996   03   102.2970
1996   04   160.0531
1996   05   312.2730
1996   06   174.1284
1996   07   123.4949
1996   08   248.9554
1996   09   96.3846
1996   10   156.5133
1996   11   112.8266
1996   12   56.1292
1997   01   76.4018
1997   02   67.7165
1997   03   33.9776
1997   04   322.3539
1997   05   249.3004
1997   06   495.9237
1997   07   350.8262
1997   08   246.2197
1997   09   191.8575
1997   10   271.3206
1997   11   179.8888
1997   12   77.6767
1998   01   35.6582
1998   02   78.8005
1998   03   75.7555
1998   04   118.5930
1998   05   233.1817
1998   06   124.4396
1998   07   151.4922
1998   08   286.2244
1998   09   140.1357
1998   10   65.8664
1998   11   72.8238
1998   12   56.2925
1999   01   47.7002
1999   02   57.2044
1999   03   88.4096
1999   04   75.5551
1999   05   262.9099
1999   06   424.7808
1999   07   131.7957
1999   08   405.6915
1999   09   225.7469
1999   10   130.1658
1999   11   76.8719
1999   12   51.3767
2000   01   41.1167
2000   02   191.4479
2000   03   76.1300
2000   04   141.6302
2000   05   181.0852
2000   06   703.4254
2000   07   321.5999
2000   08   228.6589
2000   09   257.3152
2000   10   156.0560
2000   11   98.7920
2000   12   67.3200
2001   01   79.6937
2001   02   35.9173
2001   03   97.6602
2001   04   81.6705
2001   05   467.0986
2001   06   385.8035
2001   07   612.2161
2001   08   168.4454
2001   09   98.5365
2001   10   110.0408
2001   11   116.6872
2001   12   31.2987
2002   01   38.8687
2002   02   57.1041
2002   03   181.4328
2002   04   143.1021
2002   05   277.0866
2002   06   181.0941
2002   07   196.7368
2002   08   309.0363
2002   09   188.0360
2002   10   409.8177
2002   11   152.5538
2002   12   102.1770
2003   01   39.2958
2003   02   32.2189
2003   03   61.6599
2003   04   108.6725
2003   05   131.4004
2003   06   544.7286
2003   07   217.3400
2003   08   189.0199
2003   09   256.7576
2003   10   171.9766
2003   11   131.4780
2003   12   65.5625
2004   01   25.8318
2004   02   40.8252
2004   03   89.9231
2004   04   283.1582
2004   05   102.0553
2004   06   430.6290
2004   07   311.0410
2004   08   259.6727
2004   09   161.4999
2004   10   214.9516
2004   11   119.6073
2004   12   79.5736
2005   01   49.8942
2005   02   27.4913
2005   03   96.7401
2005   04   80.7494
2005   05   585.9308
2005   06   347.8908
2005   07   217.8895
2005   08   340.9259
2005   09   97.2444
2005   10   145.0228
2005   11   218.2335
2005   12   70.3697
2006   01   97.1261
2006   02   53.2080
2006   03   100.7387
2006   04   184.6243
2006   05   154.2301
2006   06   442.5881
2006   07   432.1712
2006   08   308.5293
2006   09   218.3449
2006   10   175.8844
2006   11   65.4682
2006   12   111.8972
2007   01   36.4617
2007   02   84.4543
2007   03   58.5558
2007   04   187.8268
2007   05   115.3574
2007   06   269.3444
2007   07   276.3627
2007   08   187.4229
2007   09   167.6623
2007   10   143.0148
2007   11   75.1278
2007   12   63.9872
2008   01   36.7885
2008   02   32.6956
2008   03   60.0720
2008   04   110.4392
2008   05   302.5868
2008   06   168.4856
2008   07   326.8817
2008   08   398.3871
2008   09   100.2303
2008   10   96.7328
2008   11   110.0666
2008   12   35.4307
2009   01   26.7904
2009   02   58.8804
2009   03   43.4821
2009   04   119.9873
2009   05   345.5067
2009   06   254.5979
2009   07   120.9665
2009   08   481.3243
2009   09   94.8572
2009   10   289.1036
2009   11   123.7808
2009   12   84.1572
2010   01   49.1562
2010   02   132.9131
2010   03   76.1288
2010   04   81.6722
2010   05   116.4527
2010   06   264.8483
2010   07   180.6609
2010   08   320.9578
2010   09   69.9565
2010   10   102.7280
2010   11   87.3216
2010   12   86.2470
2011   01   68.6614
2011   02   57.2474
2011   03   99.2108
2011   04   177.6279
2011   05   180.0765
2011   06   259.2857
2011   07   171.7624
2011   08   288.2592
2011   09   175.1700
2011   10   105.9655
2011   11   109.7421
2011   12   37.3784
2012   01   55.3029
2012   02   151.5161
2012   03   67.1374
2012   04   60.9370
2012   05   322.1718
2012   06   306.3430
2012   07   92.6492
2012   08   202.6631
2012   09   126.3925
2012   10   129.1395
2012   11   61.3014
2012   12   157.7203
2013   01   27.9301
2013   02   63.4516
2013   03   47.1966
2013   04   101.9452
2013   05   194.7351
2013   06   121.7054
2013   07   122.1091
2013   08   305.1715
2013   09   162.2381
2013   10   103.7425
2013   11   80.9795
2013   12   28.6637
2014   01   73.3945
2014   02   35.7561
2014   03   120.5239
2014   04   70.8678
2014   05   257.8521
2014   06   295.1157
2014   07   295.1090
2014   08   237.3120
2014   09   245.9055
2014   10   118.4748
2014   11   51.0615
2014   12   32.4444
2015   01   15.1924
2015   02   28.2696
2015   03   31.2538
2015   04   102.7455
2015   05   275.1859
2015   06   290.5925
2015   07   394.4520
2015   08   395.5403
2015   09   150.5472
2015   10   140.7360
2015   11   50.0075
2015   12   57.5233
2016   01   25.3908
2016   02   32.2839
2016   03   30.4679
2016   04   127.9196
2016   05   129.7317
2016   06   42.9657
2016   07   304.6328
2016   08   258.3809
2016   09   81.7907
2016   10   183.4158
2016   11   74.8315
2016   12   80.9765
2017   01   33.7957
2017   02   75.6908
2017   03   84.2099
2017   04   111.0301
2017   05   132.1442
2017   06   301.3192
2017   07   153.0376
2017   08   385.4276
2017   09   129.4326
2017   10   211.8807
2017   11   51.3096
2017   12   64.2430
2018   01   33.7052
2018   02   46.2051
2018   03   127.2000
2018   04   179.2001
2018   05   150.3574
2018   06   222.3285
2018   07   114.9114
2018   08   192.4006
2018   09   211.5716
2018   10   200.4838
2018   11   105.5901
2018   12   43.4469
2019   01   22.3032
2019   02   19.5326
2019   03   44.5775
2019   04   54.0233
2019   05   205.2223
2019   06   303.9415
2019   07   280.8618
2019   08   155.6291
2019   09   78.7925
2019   10   132.2641
2019   11   83.1941
2019   12   24.6871
2020   01   25.4858
2020   02   35.6376
2020   03   47.0596
2020   04   101.2900
2020   05   147.9803
2020   06   324.3029
2020   07   397.5242
2020   08   154.5296
2020   09   100.2685
2020   10   112.7130
2020   11   51.9560
2020   12   57.8861
2021   01   54.0907
2021   02   14.4145
2021   03   37.5144
2021   04   83.2500
2021   05   183.6068
2021   06   201.3109
2021   07   108.1282
2021   08   208.2001
2021   09   115.6740
2021   10   92.6415
2021   11   58.3116
2021   12   26.1368
2022   01   60.4190
2022   02   45.9304
2022   03   109.1341
2022   04   247.4293
2022   05   117.6514
2022   06   313.1267
2022   07   310.2618
2022   08   210.0748
2022   09   100.1957
2022   10   135.9042
2022   11   60.1437
2022   12   39.7618
2023   01   16.1566
2023   02   18.6368
2023   03   96.2104
2023   04   78.9909
2023   05   144.2282
2023   06   283.7343
2023   07   249.6462
2023   08   235.0953
2023   09   246.4052
2023   10   81.9341
2023   11   71.1597
2023   12   24.8488
2024   01   9.4352
2024   02   32.8118
2024   03   137.4081
2024   04   180.9149
2024   05   224.4720
2024   06   391.4030
2024   07   71.6873
2024   08   134.4439
2024   09   327.0127
2024   10   52.1647
2024   11   88.5553
2024   11   88.5553
2024   12   23.2684
2025   01   28.2672
2025   02   23.8896
2025   03   87.0764
2025   04   184.2365
2025   05   169.0892
2025   06   102.4907
