1981 1 69.4
1981 2 12.5
1981 3 33.0
1981 4 95.4
1981 5 484.0
1981 6 107.8
1981 7 144.3
1981 8 76.2
1981 9 35.3
1981 10 23.2
1981 11 19.3
1981 12 7.8
1982 1 70.9
1982 2 33.9
1982 3 12.8
1982 4 42.7
1982 5 318.9
1982 6 453.3
1982 7 304.7
1982 8 160.4
1982 9 198.5
1982 10 178.4
1982 11 38.8
1982 12 0.0
1983 1 77.9
1983 2 4.6
1983 3 0.4
1983 4 59.4
1983 5 121.0
1983 6 304.2
1983 7 193.1
1983 8 155.5
1983 9 75.6
1983 10 28.8
1983 11 22.4
1983 12 15.2
1984 1 8.3
1984 2 36.7
1984 3 14.4
1984 4 45.1
1984 5 367.0
1984 6 196.1
1984 7 331.6
1984 8 79.1
1984 9 106.6
1984 10 140.7
1984 11 22.5
1984 12 0.0
1985 1 31.6
1985 2 0.2
1985 3 10.1
1985 4 75.2
1985 5 248.1
1985 6 121.6
1985 7 167.9
1985 8 37.4
1985 9 87.5
1985 10 91.6
1985 11 32.6
1985 12 0.0
1986 1 13.3
1986 2 12.0
1986 3 58.1
1986 4 180.8
1986 5 381.0
1986 6 292.0
1986 7 77.4
1986 8 148.3
1986 9 79.1
1986 10 37.7
1986 11 193.7
1986 12 1.7
1987 1 0.0
1987 2 3.6
1987 3 70.5
1987 4 30.7
1987 5 214.0
1987 6 100.0
1987 7 374.1
1987 8 166.5
1987 9 123.3
1987 10 81.6
1987 11 8.8
1987 12 0.2
1988 1 14.8
1988 2 0.0
1988 3 58.9
1988 4 23.5
1988 5 71.4
1988 6 210.7
1988 7 196.1
1988 8 237.9
1988 9 92.9
1988 10 32.8
1988 11 32.8
1988 12 11.5
1989 1 8.6
1989 2 7.2
1989 3 9.2
1989 4 1.1
1989 5 61.2
1989 6 257.9
1989 7 209.3
1989 8 131.3
1989 9 41.3
1989 10 16.3
1989 11 0.7
1989 12 50.4
1990 1 6.2
1990 2 22.0
1990 3 113.9
1990 4 52.2
1990 5 70.8
1990 6 81.6
1990 7 106.6
1990 8 96.6
1990 9 164.6
1990 10 54.9
1990 11 25.1
1990 12 0.0
1991 1 20.2
1991 2 2.0
1991 3 6.8
1991 4 105.7
1991 5 390.7
1991 6 150.9
1991 7 178.3
1991 8 63.2
1991 9 94.0
1991 10 77.2
1991 11 22.2
1991 12 67.3
1992 1 0.0
1992 2 27.6
1992 3 53.9
1992 4 115.4
1992 5 607.7
1992 6 334.5
1992 7 83.5
1992 8 116.5
1992 9 95.4
1992 10 66.2
1992 11 23.9
1992 12 28.1
1993 1 3.0
1993 2 0.0
1993 3 23.0
1993 4 151.6
1993 5 310.2
1993 6 369.6
1993 7 170.9
1993 8 132.8
1993 9 45.2
1993 10 69.7
1993 11 20.2
1993 12 3.6
1994 1 6.9
1994 2 2.9
1994 3 75.0
1994 4 71.6
1994 5 64.4
1994 6 288.3
1994 7 207.9
1994 8 18.1
1994 9 126.1
1994 10 81.9
1994 11 11.1
1994 12 35.4
1995 1 0.1
1995 2 3.1
1995 3 4.9
1995 4 113.8
1995 5 46.4
1995 6 210.6
1995 7 311.9
1995 8 123.4
1995 9 23.7
1995 10 56.3
1995 11 1.4
1995 12 0.0
1996 1 0.6
1996 2 17.3
1996 3 77.4
1996 4 66.6
1996 5 63.2
1996 6 153.7
1996 7 53.6
1996 8 133.7
1996 9 16.6
1996 10 37.0
1996 11 51.9
1996 12 20.2
1997 1 6.7
1997 2 50.3
1997 3 1.2
1997 4 229.8
1997 5 155.1
1997 6 328.9
1997 7 113.4
1997 8 76.8
1997 9 88.4
1997 10 205.1
1997 11 61.0
1997 12 26.5
1998 1 0.0
1998 2 2.2
1998 3 8.7
1998 4 60.4
1998 5 131.3
1998 6 87.5
1998 7 41.0
1998 8 64.9
1998 9 52.5
1998 10 0.0
1998 11 19.0
1998 12 5.6
1999 1 7.6
1999 2 17.4
1999 3 15.6
1999 4 33.5
1999 5 152.4
1999 6 296.7
1999 7 71.8
1999 8 231.2
1999 9 197.2
1999 10 11.4
1999 11 5.4
1999 12 0.0
2000 1 0.0
2000 2 124.2
2000 3 2.0
2000 4 35.6
2000 5 37.9
2000 6 462.5
2000 7 50.3
2000 8 112.6
2000 9 205.2
2000 10 37.0
2000 11 16.6
2000 12 11.3
2001 1 11.0
2001 2 0.0
2001 3 1.0
2001 4 64.2
2001 5 212.0
2001 6 74.5
2001 7 243.0
2001 8 98.0
2001 9 41.0
2001 10 12.0
2001 11 13.0
2001 12 0.0
2002 1 0.0
2002 2 172.4
2002 3 50.4
2002 4 41.7
2002 5 232.1
2002 6 118.4
2002 7 88.9
2002 8 196.7
2002 9 86.6
2002 10 201.6
2002 11 48.2
2002 12 9.8
2003 1 9.4
2003 2 0.1
2003 3 8.5
2003 4 18.3
2003 5 78.4
2003 6 219.4
2003 7 84.0
2003 8 62.7
2003 9 85.8
2003 10 47.6
2003 11 56.8
2003 12 21.6
2004 1 0.0
2004 2 7.8
2004 3 41.2
2004 4 137.0
2004 5 20.9
2004 6 245.2
2004 7 227.2
2004 8 72.3
2004 9 57.8
2004 10 65.7
2004 11 38.0
2004 12 44.8
2005 1 0.0
2005 2 0.0
2005 3 23.5
2005 4 16.5
2005 5 254.8
2005 6 407.9
2005 7 160.9
2005 8 239.7
2005 9 33.3
2005 10 15.8
2005 11 20.9
2005 12 30.7
2006 1 26.2
2006 2 5.0
2006 3 13.6
2006 4 79.0
2006 5 109.3
2006 6 350.6
2006 7 326.3
2006 8 162.0
2006 9 49.5
2006 10 83.4
2006 11 2.6
2006 12 60.2
2007 1 4.7
2007 2 37.2
2007 3 11.0
2007 4 57.2
2007 5 63.0
2007 6 89.5
2007 7 185.9
2007 8 81.1
2007 9 45.2
2007 10 33.4
2007 11 0.0
2007 12 18.6
2008 1 3.4
2008 2 0.0
2008 3 6.3
2008 4 62.5
2008 5 407.3
2008 6 76.6
2008 7 168.5
2008 8 168.2
2008 9 48.0
2008 10 27.5
2008 11 7.0
2008 12 8.4
2009 1 4.6
2009 2 9.6
2009 3 2.5
2009 4 4.7
2009 5 179.0
2009 6 237.6
2009 7 88.1
2009 8 154.0
2009 9 55.0
2009 10 66.1
2009 11 80.7
2009 12 1.2
2010 1 10.5
2010 2 66.6
2010 3 0.9
2010 4 11.1
2010 5 53.9
2010 6 159.6
2010 7 141.6
2010 8 92.1
2010 9 26.2
2010 10 40.7
2010 11 27.9
2010 12 15.5
2011 1 42.7
2011 2 3.1
2011 3 46.3
2011 4 101.1
2011 5 36.5
2011 6 182.9
2011 7 169.3
2011 8 181.9
2011 9 91.7
2011 10 14.1
2011 11 20.6
2011 12 0.0
2012 1 13.2
2012 2 107.1
2012 3 3.7
2012 4 6.1
2012 5 127.5
2012 6 187.9
2012 7 52.0
2012 8 173.8
2012 9 28.3
2012 10 35.1
2012 11 68.8
2012 12 85.6
2013 1 0.8
2013 2 15.6
2013 3 1.9
2013 4 7.5
2013 5 215.2
2013 6 123.5
2013 7 102.2
2013 8 112.3
2013 9 46.9
2013 10 40.1
2013 11 7.3
2013 12 0.0
2014 1 14.6
2014 2 13.2
2014 3 64.3
2014 4 67.0
2014 5 129.8
2014 6 226.2
2014 7 189.6
2014 8 128.4
2014 9 88.7
2014 10 5.9
2014 11 5.6
2014 12 16.7
2015 1 0.0
2015 2 0.0
2015 3 7.2
2015 4 28.8
2015 5 84.2
2015 6 120.6
2015 7 268.2
2015 8 237.6
2015 9 128.0
2015 10 100.4
2015 11 7.0
2015 12 0.0
2016 1 6.6
2016 2 0.0
2016 3 5.4
2016 4 76.8
2016 5 75.0
2016 6 3.0
2016 7 167.0
2016 8 53.0
2016 9 18.2
2016 10 58.6
2016 11 16.4
2016 12 26.4
2017 1 4.2
2017 2 15.8
2017 3 8.6
2017 4 49.8
2017 5 90.8
2017 6 182.0
2017 7 77.2
2017 8 226.2
2017 9 74.6
2017 10 97.0
2017 11 45.4
2017 12 10.0
2018 1 3.8
2018 2 9.0
2018 3 25.5
2018 4 62.0
2018 5 91.2
2018 6 98.2
2018 7 91.8
2018 8 67.4
2018 9 114.6
2018 10 100.8
2018 11 93.2
2018 12 6.8
2019 1 16.8
2019 2 5.6
2019 3 10.2
2019 4 3.4
2019 5 144.8
2019 6 252.8
2019 7 76.0
2019 8 51.0
2019 9 42.6
2019 10 16.4
2019 11 7.2
2019 12 1.6
2020 1 3.1
2020 2 1.2
2020 3 0.0
2020 4 59.2
2020 5 39.4
2020 6 258.4
2020 7 120.2
2020 8 52.8
2020 9 20.0
2020 10 14.8
2020 11 0.0
2020 12 3.4
2021 1 62.0
2021 2 0.0
2021 3 3.0
2021 4 37.2
2021 5 66.6
2021 6 88.6
2021 7 88.8
2021 8 74.4
2021 9 55.6
2021 10 17.8
2021 11 4.6
2021 12 2.0
2022 1 0.8
2022 2 2.6
2022 3 6.2
2022 4 115.2
2022 5 71.6
2022 6 137.6
2022 7 162.6
2022 8 19.8
2022 9 21.8
2022 10 12.6
2022 11 12.2
2022 12 0.0
2023 1 8.2
2023 2 0.0
2023 3 0.1
2023 4 29.4
2023 5 52.4
2023 6 206.6
2023 7 129.0
2023 8 181.2
2023 9 195.2
2023 10 53.2
2023 11 50.2
2023 12 0.0
2024 1 0.0
2024 2 0.0
2024 3 16.2
2024 4 29.6
2024 5 23.5
2024 6 264.1
2024 7 2.4
2024 8 50.8
2024 9 9.4
2024 10 19.8
2024 11 2.2
2024 12 0.0
2025 1 0.0
2025 2 0.0
2025 3 42.2
2025 4 23.4
2025 5 56.6
2025 6 85.4
