1991   01   33.7823
1991   02   22.4532
1991   03   51.2080
1991   04   140.6617
1991   05   330.4613
1991   06   164.7717
1991   07   299.9244
1991   08   170.9963
1991   09   143.6647
1991   10   67.9809
1991   11   71.0239
1991   12   153.7311
1992   01   23.5052
1992   02   24.2423
1992   03   101.8229
1992   04   122.6765
1992   05   315.6373
1992   06   345.7691
1992   07   153.1107
1992   08   128.8522
1992   09   146.6848
1992   10   123.0890
1992   11   44.0027
1992   12   91.5146
1993   01   28.6405
1993   02   15.7594
1993   03   101.5193
1993   04   260.2204
1993   05   358.7649
1993   06   294.1716
1993   07   324.6592
1993   08   104.2470
1993   09   68.6005
1993   10   114.9848
1993   11   109.5103
1993   12   83.7401
1994   01   30.2226
1994   02   17.6811
1994   03   28.4067
1994   04   98.1263
1994   05   158.2270
1994   06   265.9665
1994   07   281.9646
1994   08   129.3751
1994   09   98.2300
1994   10   125.9519
1994   11   64.2630
1994   12   103.7428
1995   01   69.9197
1995   02   10.0977
1995   03   34.4118
1995   04   195.5044
1995   05   111.6717
1995   06   337.1210
1995   07   277.2594
1995   08   290.6812
1995   09   46.2768
1995   10   70.8995
1995   11   36.1712
1995   12   16.0155
1996   01   31.8903
1996   02   41.5627
1996   03   94.2240
1996   04   123.5254
1996   05   211.5336
1996   06   168.8812
1996   07   121.9798
1996   08   251.7043
1996   09   61.4556
1996   10   81.5949
1996   11   65.5780
1996   12   53.7878
1997   01   49.2848
1997   02   26.5421
1997   03   18.3694
1997   04   271.8191
1997   05   195.3072
1997   06   433.6124
1997   07   362.4343
1997   08   192.7077
1997   09   92.6216
1997   10   146.6995
1997   11   109.4569
1997   12   48.5673
1998   01   17.5818
1998   02   27.7300
1998   03   37.7183
1998   04   72.3373
1998   05   155.9090
1998   06   187.8746
1998   07   155.9917
1998   08   190.1971
1998   09   92.1290
1998   10   26.5948
1998   11   40.2157
1998   12   66.0685
1999   01   24.6106
1999   02   33.2463
1999   03   49.9725
1999   04   40.1064
1999   05   251.9160
1999   06   343.9988
1999   07   135.4872
1999   08   252.8016
1999   09   195.4052
1999   10   65.2329
1999   11   63.6259
1999   12   30.9627
2000   01   21.1456
2000   02   136.5455
2000   03   53.1023
2000   04   90.9527
2000   05   96.9510
2000   06   635.1998
2000   07   221.5641
2000   08   176.0694
2000   09   176.8784
2000   10   80.6424
2000   11   81.5117
2000   12   38.5692
2001   01   66.2587
2001   02   20.2757
2001   03   65.9590
2001   04   60.2712
2001   05   320.6887
2001   06   339.0354
2001   07   435.4236
2001   08   166.4465
2001   09   76.2047
2001   10   57.7733
2001   11   84.3589
2001   12   17.9184
2002   01   43.0985
2002   02   27.8838
2002   03   151.1588
2002   04   127.8014
2002   05   249.3748
2002   06   151.1828
2002   07   193.4363
2002   08   257.6816
2002   09   183.3483
2002   10   309.1159
2002   11   142.5546
2002   12   72.6717
2003   01   24.1466
2003   02   16.2010
2003   03   49.4616
2003   04   70.3172
2003   05   97.9437
2003   06   464.2322
2003   07   194.3459
2003   08   128.8400
2003   09   162.8937
2003   10   115.5873
2003   11   110.7060
2003   12   55.5553
2004   01   15.4096
2004   02   28.7046
2004   03   71.3871
2004   04   248.3197
2004   05   49.4103
2004   06   346.5375
2004   07   270.6742
2004   08   234.4503
2004   09   120.3677
2004   10   159.9810
2004   11   104.9223
2004   12   66.5700
2005   01   34.8164
2005   02   17.0973
2005   03   66.4134
2005   04   55.1194
2005   05   466.9769
2005   06   358.3806
2005   07   208.4932
2005   08   283.2882
2005   09   77.9428
2005   10   80.0236
2005   11   156.5785
2005   12   61.7225
2006   01   83.3686
2006   02   31.0191
2006   03   63.6210
2006   04   144.1563
2006   05   124.5979
2006   06   390.2214
2006   07   314.0831
2006   08   214.5237
2006   09   129.2467
2006   10   110.7484
2006   11   34.6182
2006   12   103.5352
2007   01   28.3290
2007   02   47.2249
2007   03   43.2561
2007   04   143.1528
2007   05   98.3417
2007   06   172.3152
2007   07   222.0256
2007   08   160.5027
2007   09   103.3854
2007   10   85.8272
2007   11   46.2216
2007   12   52.0523
2008   01   21.0134
2008   02   17.7827
2008   03   39.2096
2008   04   82.7698
2008   05   243.2820
2008   06   130.2185
2008   07   286.9799
2008   08   280.8312
2008   09   54.9200
2008   10   69.9567
2008   11   68.4782
2008   12   32.5022
2009   01   20.6570
2009   02   34.7600
2009   03   29.1105
2009   04   62.5751
2009   05   247.0479
2009   06   228.4890
2009   07   126.5672
2009   08   381.6111
2009   09   78.5732
2009   10   185.9893
2009   11   85.1078
2009   12   76.2447
2010   01   40.0326
2010   02   72.8066
2010   03   46.7580
2010   04   33.9780
2010   05   77.9567
2010   06   252.1573
2010   07   178.7002
2010   08   230.9565
2010   09   42.4920
2010   10   84.7182
2010   11   54.4795
2010   12   59.4724
2011   01   49.8884
2011   02   28.1574
2011   03   61.8279
2011   04   126.1543
2011   05   120.8005
2011   06   190.8223
2011   07   141.7627
2011   08   233.2000
2011   09   161.7133
2011   10   74.2035
2011   11   99.8733
2011   12   25.2496
2012   01   28.8568
2012   02   99.4264
2012   03   48.6228
2012   04   41.0961
2012   05   217.6562
2012   06   268.9836
2012   07   127.8612
2012   08   182.2000
2012   09   81.8997
2012   10   61.7971
2012   11   50.3590
2012   12   118.8368
2013   01   19.7701
2013   02   47.8885
2013   03   36.6941
2013   04   93.0426
2013   05   185.4450
2013   06   97.5235
2013   07   79.8102
2013   08   189.7907
2013   09   125.5263
2013   10   56.1737
2013   11   62.6657
2013   12   22.1080
2014   01   59.4330
2014   02   20.5332
2014   03   74.4594
2014   04   53.8327
2014   05   209.0737
2014   06   255.9270
2014   07   261.6718
2014   08   159.5635
2014   09   154.8692
2014   10   67.7338
2014   11   49.0134
2014   12   32.9266
2015   01   10.9406
2015   02   15.4327
2015   03   23.7816
2015   04   86.1264
2015   05   216.3806
2015   06   212.5949
2015   07   305.9982
2015   08   300.0214
2015   09   116.4307
2015   10   92.1143
2015   11   31.6500
2015   12   51.3549
2016   01   37.1679
2016   02   15.0049
2016   03   28.2851
2016   04   93.9830
2016   05   114.4749
2016   06   30.6636
2016   07   236.1885
2016   08   187.5426
2016   09   65.4761
2016   10   88.6373
2016   11   51.0371
2016   12   75.3106
2017   01   28.6785
2017   02   37.7350
2017   03   54.9886
2017   04   69.2800
2017   05   124.6684
2017   06   251.1235
2017   07   140.5981
2017   08   275.2953
2017   09   103.0380
2017   10   117.6319
2017   11   31.8750
2017   12   41.8566
2018   01   30.1574
2018   02   26.6707
2018   03   123.6099
2018   04   125.8891
2018   05   130.4357
2018   06   115.6204
2018   07   106.5754
2018   08   162.4068
2018   09   144.5157
2018   10   123.5966
2018   11   74.3781
2018   12   36.3984
2019   01   16.3844
2019   02   11.2284
2019   03   38.6669
2019   04   37.6713
2019   05   142.4389
2019   06   251.3115
2019   07   222.7972
2019   08   109.2379
2019   09   58.1644
2019   10   92.1147
2019   11   59.1567
2019   12   20.0911
2020   01   17.5071
2020   02   19.1573
2020   03   38.1642
2020   04   88.4691
2020   05   118.6097
2020   06   275.5508
2020   07   261.0866
2020   08   123.5757
2020   09   72.0705
2020   10   82.8653
2020   11   31.6934
2020   12   52.3328
2021   01   51.1117
2021   02   7.0316
2021   03   22.8290
2021   04   96.5891
2021   05   150.4227
2021   06   170.1008
2021   07   107.4346
2021   08   163.1713
2021   09   79.1973
2021   10   48.8644
2021   11   41.5961
2021   12   20.2084
2022   01   44.6856
2022   02   21.7994
2022   03   91.2755
2022   04   168.6250
2022   05   119.4741
2022   06   207.4188
2022   07   206.9324
2022   08   122.0546
2022   09   75.5730
2022   10   99.2258
2022   11   40.1906
2022   12   27.5487
2023   01   13.7540
2023   02   8.9544
2023   03   79.7870
2023   04   94.9880
2023   05   82.3906
2023   06   153.3226
2023   07   182.3925
2023   08   194.3642
2023   09   116.7072
2023   10   43.8371
2023   11   62.8197
2023   12   26.7335
2024   01   6.2699
2024   02   11.0011
2024   03   106.6706
2024   04   136.8675
2024   05   129.7000
2024   06   277.5398
2024   07   73.6085
2024   08   99.0775
2024   09   186.7051
2024   10   29.0562
2024   11   81.5563
2024   11   81.5563
2024   12   15.9872
2025   01   21.9821
2025   02   13.1243
2025   03   96.3189
2025   04   175.7502
2025   05   133.3874
2025   06   154.1258
