1991   01   0.3733
1991   02   4.6774
1991   03   3.2410
1991   04   10.4671
1991   05   128.5379
1991   06   130.2102
1991   07   119.0795
1991   08   74.0160
1991   09   49.5311
1991   10   11.6458
1991   11   4.3632
1991   12   0.4360
1992   01   0.3988
1992   02   4.4423
1992   03   7.3277
1992   04   16.9948
1992   05   162.3077
1992   06   135.1805
1992   07   41.9440
1992   08   87.9904
1992   09   29.4841
1992   10   9.0610
1992   11   11.0303
1992   12   0.3820
1993   01   0.3808
1993   02   8.4093
1993   03   4.3128
1993   04   31.0291
1993   05   132.4085
1993   06   92.7284
1993   07   66.4091
1993   08   51.0018
1993   09   24.0411
1993   10   9.1491
1993   11   5.0592
1993   12   0.3666
1994   01   0.3679
1994   02   6.7005
1994   03   3.2978
1994   04   18.4040
1994   05   62.5964
1994   06   71.8629
1994   07   82.2797
1994   08   51.1365
1994   09   35.4439
1994   10   10.1165
1994   11   6.2441
1994   12   0.4969
1995   01   0.4003
1995   02   5.7320
1995   03   4.2416
1995   04   18.2920
1995   05   41.9175
1995   06   64.0892
1995   07   61.3251
1995   08   60.3119
1995   09   47.7331
1995   10   9.1392
1995   11   4.1822
1995   12   0.3530
1996   01   0.3868
1996   02   5.5994
1996   03   4.0905
1996   04   20.8903
1996   05   61.5445
1996   06   61.1512
1996   07   47.0768
1996   08   57.0885
1996   09   22.2689
1996   10   10.2469
1996   11   3.6393
1996   12   0.4058
1997   01   0.4374
1997   02   5.2491
1997   03   6.4781
1997   04   7.1245
1997   05   111.5712
1997   06   264.0699
1997   07   64.3797
1997   08   95.3843
1997   09   30.5879
1997   10   27.6578
1997   11   8.5631
1997   12   0.5490
1998   01   0.3428
1998   02   6.1321
1998   03   5.9654
1998   04   32.6692
1998   05   67.5722
1998   06   63.4375
1998   07   29.3817
1998   08   33.3742
1998   09   52.0486
1998   10   7.3328
1998   11   6.7337
1998   12   0.7397
1999   01   0.3783
1999   02   7.4658
1999   03   4.6842
1999   04   29.3857
1999   05   47.0556
1999   06   72.4746
1999   07   53.6110
1999   08   136.2410
1999   09   63.8350
1999   10   24.3761
1999   11   5.1739
1999   12   0.3764
2000   01   0.3933
2000   02   4.7054
2000   03   4.4772
2000   04   38.8310
2000   05   56.6379
2000   06   237.3335
2000   07   51.2979
2000   08   31.5314
2000   09   68.4989
2000   10   10.7309
2000   11   12.1857
2000   12   0.3982
2001   01   0.3541
2001   02   6.1493
2001   03   5.2779
2001   04   16.3237
2001   05   96.2753
2001   06   76.2675
2001   07   173.0884
2001   08   73.1486
2001   09   35.2488
2001   10   12.3023
2001   11   6.2984
2001   12   0.6452
2002   01   0.3822
2002   02   6.0274
2002   03   4.6695
2002   04   20.6118
2002   05   243.6817
2002   06   225.4444
2002   07   70.4593
2002   08   85.0152
2002   09   48.7315
2002   10   15.0801
2002   11   5.2842
2002   12   0.7719
2003   01   0.3583
2003   02   5.7143
2003   03   4.4392
2003   04   12.2865
2003   05   93.5075
2003   06   89.6690
2003   07   54.5862
2003   08   41.1530
2003   09   33.2771
2003   10   11.3057
2003   11   11.3992
2003   12   0.4483
2004   01   0.3574
2004   02   8.1798
2004   03   4.8075
2004   04   18.9454
2004   05   39.6826
2004   06   76.8338
2004   07   95.0317
2004   08   86.0107
2004   09   28.1539
2004   10   11.1406
2004   11   24.8098
2004   12   0.7127
2005   01   0.3817
2005   02   7.3568
2005   03   7.7527
2005   04   12.6686
2005   05   107.2478
2005   06   149.9825
2005   07   56.6348
2005   08   143.1306
2005   09   33.8437
2005   10   12.1400
2005   11   8.2023
2005   12   0.3650
2006   01   0.3713
2006   02   7.2336
2006   03   3.9837
2006   04   8.8594
2006   05   68.4306
2006   06   112.1144
2006   07   132.9590
2006   08   102.5965
2006   09   35.7155
2006   10   32.8497
2006   11   5.4839
2006   12   0.3932
2007   01   0.3698
2007   02   6.8916
2007   03   10.4080
2007   04   17.6945
2007   05   66.5021
2007   06   135.6711
2007   07   74.6705
2007   08   64.7044
2007   09   18.0834
2007   10   12.8854
2007   11   5.0597
2007   12   0.3809
2008   01   0.3869
2008   02   5.9098
2008   03   5.0745
2008   04   18.0591
2008   05   158.6575
2008   06   71.7560
2008   07   62.4308
2008   08   123.4979
2008   09   33.9461
2008   10   11.4849
2008   11   4.4482
2008   12   0.5910
2009   01   0.3801
2009   02   6.1911
2009   03   3.9634
2009   04   6.2161
2009   05   40.7417
2009   06   95.2958
2009   07   51.3134
2009   08   90.1434
2009   09   36.8200
2009   10   16.5541
2009   11   4.7536
2009   12   0.4501
2010   01   0.6133
2010   02   5.2963
2010   03   3.7330
2010   04   8.9370
2010   05   97.4922
2010   06   85.4300
2010   07   60.9143
2010   08   39.5570
2010   09   24.9056
2010   10   13.4283
2010   11   7.2999
2010   12   0.4561
2011   01   0.3650
2011   02   6.8414
2011   03   3.8308
2011   04   10.7052
2011   05   27.1370
2011   06   72.4035
2011   07   62.5376
2011   08   82.0396
2011   09   15.2498
2011   10   8.8638
2011   11   6.1887
2011   12   0.3886
2012   01   0.3541
2012   02   5.8577
2012   03   4.3174
2012   04   21.8995
2012   05   78.2353
2012   06   85.5675
2012   07   28.9925
2012   08   56.8329
2012   09   34.1726
2012   10   28.5758
2012   11   5.1134
2012   12   0.4837
2013   01   0.4327
2013   02   6.1212
2013   03   7.4312
2013   04   7.5041
2013   05   103.8327
2013   06   52.9241
2013   07   35.8730
2013   08   51.6656
2013   09   25.3557
2013   10   9.4790
2013   11   5.3025
2013   12   0.4032
2014   01   0.4171
2014   02   13.8207
2014   03   4.1961
2014   04   9.1919
2014   05   47.9930
2014   06   92.1943
2014   07   43.9475
2014   08   69.8111
2014   09   44.4237
2014   10   19.0979
2014   11   6.0885
2014   12   0.4092
2015   01   0.4116
2015   02   7.2528
2015   03   12.1972
2015   04   7.4881
2015   05   30.3730
2015   06   31.1486
2015   07   50.8613
2015   08   129.8986
2015   09   42.9459
2015   10   29.9812
2015   11   8.6087
2015   12   0.5448
2016   01   0.7373
2016   02   6.7137
2016   03   5.4489
2016   04   69.1010
2016   05   132.5607
2016   06   83.0896
2016   07   58.8895
2016   08   36.0466
2016   09   13.9794
2016   10   18.2902
2016   11   4.6141
2016   12   1.0121
2017   01   0.4126
2017   02   9.9110
2017   03   4.1463
2017   04   32.7852
2017   05   90.6891
2017   06   75.9099
2017   07   52.7604
2017   08   64.2652
2017   09   26.4659
2017   10   28.2854
2017   11   6.8450
2017   12   0.6183
2018   01   0.4255
2018   02   6.1476
2018   03   4.1429
2018   04   10.5956
2018   05   85.5847
2018   06   66.0411
2018   07   46.5277
2018   08   36.1271
2018   09   35.6922
2018   10   15.0065
2018   11   4.6464
2018   12   0.9376
2019   01   0.4423
2019   02   6.1360
2019   03   4.5753
2019   04   17.9489
2019   05   70.5800
2019   06   61.1777
2019   07   32.2206
2019   08   31.7734
2019   09   23.3159
2019   10   12.3820
2019   11   3.5826
2019   12   0.3302
2020   01   0.4167
2020   02   7.5716
2020   03   3.9406
2020   04   12.8670
2020   05   31.5807
2020   06   130.6187
2020   07   70.3775
2020   08   24.6584
2020   09   13.6494
2020   10   6.7166
2020   11   5.3520
2020   12   0.3937
2021   01   1.9051
2021   02   8.1606
2021   03   4.6742
2021   04   5.4972
2021   05   54.9274
2021   06   52.0940
2021   07   15.9881
2021   08   44.3981
2021   09   28.0694
2021   10   11.4573
2021   11   4.4941
2021   12   0.3784
2022   01   0.4989
2022   02   11.7536
2022   03   3.6089
2022   04   23.8773
2022   05   29.4608
2022   06   43.4175
2022   07   96.6473
2022   08   34.1040
2022   09   20.1724
2022   10   6.5048
2022   11   3.6267
2022   12   0.3826
2023   01   0.4251
2023   02   6.8155
2023   03   3.8982
2023   04   10.3578
2023   05   34.6135
2023   06   67.1479
2023   07   33.7151
2023   08   99.9335
2023   09   44.6922
2023   10   7.5429
2023   11   10.6717
2023   12   0.3717
2024   01   0.4464
2024   02   6.9461
2024   03   3.8346
2024   04   6.8349
2024   05   202.1699
2024   06   177.7711
2024   07   24.6346
2024   08   123.1376
2024   09   21.5941
2024   10   18.3302
2024   11   3.4240
2024   11   3.4240
2024   12   0.3260
2025   01   0.3780
2025   02   4.9503
2025   03   5.4124
2025   04   4.8128
2025   05   124.5838
2025   06   98.9582
