1991   01   8.2347
1991   02   3.3594
1991   03   7.9467
1991   04   45.3159
1991   05   182.2651
1991   06   159.3765
1991   07   260.7264
1991   08   80.1065
1991   09   117.6647
1991   10   47.3585
1991   11   16.6084
1991   12   30.8981
1992   01   5.4043
1992   02   8.8275
1992   03   12.8228
1992   04   52.9562
1992   05   415.9425
1992   06   389.0277
1992   07   61.8454
1992   08   127.7474
1992   09   28.4276
1992   10   21.5536
1992   11   18.1277
1992   12   15.1871
1993   01   5.3314
1993   02   7.5408
1993   03   12.4558
1993   04   65.6186
1993   05   186.1130
1993   06   252.8675
1993   07   174.4837
1993   08   52.3098
1993   09   11.8568
1993   10   16.1939
1993   11   17.2942
1993   12   10.0452
1994   01   4.8976
1994   02   3.2185
1994   03   6.5519
1994   04   63.0938
1994   05   89.6310
1994   06   236.4732
1994   07   160.2807
1994   08   43.7167
1994   09   110.3773
1994   10   23.5794
1994   11   11.4337
1994   12   18.9388
1995   01   10.6273
1995   02   3.1233
1995   03   13.2321
1995   04   83.4531
1995   05   37.9369
1995   06   149.1021
1995   07   177.1281
1995   08   85.6323
1995   09   16.8102
1995   10   25.1003
1995   11   8.3152
1995   12   7.1564
1996   01   5.3652
1996   02   4.4938
1996   03   9.9401
1996   04   38.8923
1996   05   71.9431
1996   06   182.0374
1996   07   116.7493
1996   08   171.2235
1996   09   16.1785
1996   10   15.5814
1996   11   13.1535
1996   12   10.3622
1997   01   6.9633
1997   02   5.4704
1997   03   6.7694
1997   04   64.0009
1997   05   136.9247
1997   06   345.9885
1997   07   148.7462
1997   08   95.2686
1997   09   77.8158
1997   10   48.3796
1997   11   36.9460
1997   12   9.9012
1998   01   7.7209
1998   02   5.5639
1998   03   7.5963
1998   04   32.6731
1998   05   135.8451
1998   06   51.0259
1998   07   50.4946
1998   08   47.3447
1998   09   22.4481
1998   10   9.1663
1998   11   13.3321
1998   12   8.9256
1999   01   6.6763
1999   02   5.1401
1999   03   13.8672
1999   04   20.6496
1999   05   51.3409
1999   06   136.1163
1999   07   143.8569
1999   08   155.6122
1999   09   105.6387
1999   10   25.0375
1999   11   10.3199
1999   12   7.3747
2000   01   5.4257
2000   02   23.2383
2000   03   7.5219
2000   04   35.6838
2000   05   56.4838
2000   06   491.4153
2000   07   85.4882
2000   08   83.9772
2000   09   164.2664
2000   10   23.0737
2000   11   24.7905
2000   12   6.4023
2001   01   10.9687
2001   02   4.6252
2001   03   15.8018
2001   04   42.0103
2001   05   270.7691
2001   06   141.5344
2001   07   415.8654
2001   08   211.3659
2001   09   55.9365
2001   10   18.9479
2001   11   19.0999
2001   12   5.2102
2002   01   5.0330
2002   02   11.2770
2002   03   36.5602
2002   04   33.6139
2002   05   252.1995
2002   06   235.6799
2002   07   221.2621
2002   08   379.2951
2002   09   77.7285
2002   10   99.9151
2002   11   16.7908
2002   12   12.3381
2003   01   6.7398
2003   02   2.4577
2003   03   7.5834
2003   04   21.1243
2003   05   141.5975
2003   06   293.4914
2003   07   162.6445
2003   08   76.5441
2003   09   90.7720
2003   10   39.0934
2003   11   52.9164
2003   12   9.7955
2004   01   5.0658
2004   02   3.5677
2004   03   21.3344
2004   04   56.5533
2004   05   73.6163
2004   06   239.7271
2004   07   237.4933
2004   08   202.1774
2004   09   57.8109
2004   10   49.7860
2004   11   64.7771
2004   12   15.0983
2005   01   4.0553
2005   02   6.4149
2005   03   22.3820
2005   04   17.4611
2005   05   250.0766
2005   06   382.9349
2005   07   159.6007
2005   08   289.3612
2005   09   46.8801
2005   10   21.0371
2005   11   32.8839
2005   12   12.0497
2006   01   8.4410
2006   02   2.8657
2006   03   5.6804
2006   04   34.8588
2006   05   120.5286
2006   06   274.2939
2006   07   414.4290
2006   08   144.9191
2006   09   50.1435
2006   10   80.2246
2006   11   10.7711
2006   12   17.0501
2007   01   5.6634
2007   02   17.8194
2007   03   17.0941
2007   04   38.8189
2007   05   80.7566
2007   06   121.6075
2007   07   138.5791
2007   08   101.3015
2007   09   32.1351
2007   10   20.8806
2007   11   9.8634
2007   12   6.7957
2008   01   4.3437
2008   02   2.5216
2008   03   5.7049
2008   04   24.5148
2008   05   197.9411
2008   06   121.6194
2008   07   161.8307
2008   08   198.1472
2008   09   26.4157
2008   10   15.3499
2008   11   9.7637
2008   12   5.8639
2009   01   5.0340
2009   02   3.0024
2009   03   4.8719
2009   04   14.1141
2009   05   121.6496
2009   06   222.4811
2009   07   95.2481
2009   08   228.1706
2009   09   100.3058
2009   10   37.1004
2009   11   28.8019
2009   12   8.0771
2010   01   6.0014
2010   02   11.8824
2010   03   4.9781
2010   04   13.0995
2010   05   79.5194
2010   06   249.4885
2010   07   147.2921
2010   08   50.5777
2010   09   15.9425
2010   10   41.9757
2010   11   14.0237
2010   12   9.1667
2011   01   7.5460
2011   02   3.0800
2011   03   18.0523
2011   04   46.7836
2011   05   45.4204
2011   06   174.1187
2011   07   113.6759
2011   08   169.3765
2011   09   37.7169
2011   10   13.8041
2011   11   20.7544
2011   12   5.7906
2012   01   5.4141
2012   02   9.5069
2012   03   4.9394
2012   04   19.0370
2012   05   268.2094
2012   06   256.8019
2012   07   37.9942
2012   08   177.0855
2012   09   11.1313
2012   10   80.1250
2012   11   14.2201
2012   12   24.5184
2013   01   6.1938
2013   02   3.5506
2013   03   5.6301
2013   04   16.4749
2013   05   145.5746
2013   06   82.9986
2013   07   122.7466
2013   08   70.5223
2013   09   62.2522
2013   10   29.0946
2013   11   21.5765
2013   12   5.4513
2014   01   7.1348
2014   02   7.8597
2014   03   19.6769
2014   04   29.3430
2014   05   110.2530
2014   06   237.2761
2014   07   113.9708
2014   08   81.0043
2014   09   60.3332
2014   10   21.8455
2014   11   19.7402
2014   12   14.1723
2015   01   5.4033
2015   02   2.7677
2015   03   13.9719
2015   04   26.7826
2015   05   94.2517
2015   06   87.3033
2015   07   216.4661
2015   08   238.7228
2015   09   141.7462
2015   10   53.9024
2015   11   17.4653
2015   12   8.3064
2016   01   15.8415
2016   02   2.6441
2016   03   9.7314
2016   04   102.9511
2016   05   169.4188
2016   06   40.7661
2016   07   197.3195
2016   08   41.6043
2016   09   19.6413
2016   10   59.4106
2016   11   15.7854
2016   12   8.5163
2017   01   6.1649
2017   02   8.0351
2017   03   10.2036
2017   04   36.1857
2017   05   141.3569
2017   06   228.1006
2017   07   80.3696
2017   08   152.4137
2017   09   50.1943
2017   10   61.1259
2017   11   15.5649
2017   12   7.2754
2018   01   9.1700
2018   02   6.7591
2018   03   16.2992
2018   04   28.1666
2018   05   136.4227
2018   06   123.4256
2018   07   113.3174
2018   08   64.3154
2018   09   82.2305
2018   10   53.3338
2018   11   21.8376
2018   12   9.6079
2019   01   6.4660
2019   02   2.6621
2019   03   13.2573
2019   04   15.3942
2019   05   123.1906
2019   06   149.1309
2019   07   77.8440
2019   08   44.0119
2019   09   35.2947
2019   10   38.2048
2019   11   6.2204
2019   12   7.0171
2020   01   5.6273
2020   02   3.6258
2020   03   8.1176
2020   04   31.2960
2020   05   43.3294
2020   06   302.1838
2020   07   113.1230
2020   08   48.6681
2020   09   16.1521
2020   10   10.4536
2020   11   5.7286
2020   12   10.0259
2021   01   32.9685
2021   02   4.3453
2021   03   5.8489
2021   04   25.1485
2021   05   87.8876
2021   06   72.3695
2021   07   41.3082
2021   08   99.6907
2021   09   29.3590
2021   10   13.1943
2021   11   6.3184
2021   12   4.0335
2022   01   4.8508
2022   02   6.0453
2022   03   4.3795
2022   04   78.8924
2022   05   58.4031
2022   06   134.4366
2022   07   151.3834
2022   08   42.2721
2022   09   16.2768
2022   10   15.5482
2022   11   16.2497
2022   12   4.1368
2023   01   6.6009
2023   02   1.9548
2023   03   4.3507
2023   04   46.2404
2023   05   43.9704
2023   06   152.5736
2023   07   110.7802
2023   08   234.1287
2023   09   51.9831
2023   10   23.3338
2023   11   25.6004
2023   12   6.9979
2024   01   3.9783
2024   02   3.7456
2024   03   9.7764
2024   04   41.7981
2024   05   92.4353
2024   06   275.8931
2024   07   62.8617
2024   08   119.7770
2024   09   38.5816
2024   10   43.4390
2024   11   10.3094
2024   11   10.3094
2024   12   3.9787
2025   01   4.9053
2025   02   2.0026
2025   03   15.2953
2025   04   23.3967
2025   05   74.7570
2025   06   123.7226
