1991   01   117.8031
1991   02   136.9117
1991   03   227.8564
1991   04   121.7113
1991   05   75.3015
1991   06   56.9838
1991   07   56.7389
1991   08   98.3857
1991   09   55.1731
1991   10   54.0563
1991   11   79.2433
1991   12   101.6564
1992   01   83.4141
1992   02   152.7446
1992   03   182.1698
1992   04   75.2254
1992   05   102.4909
1992   06   81.9676
1992   07   61.5557
1992   08   86.2836
1992   09   54.7522
1992   10   154.9527
1992   11   77.2634
1992   12   216.1332
1993   01   110.9692
1993   02   307.6765
1993   03   490.5763
1993   04   106.4750
1993   05   169.0623
1993   06   78.0906
1993   07   115.6350
1993   08   95.9631
1993   09   48.9998
1993   10   176.4481
1993   11   136.7670
1993   12   104.5463
1994   01   157.0338
1994   02   177.8967
1994   03   450.5770
1994   04   106.9626
1994   05   173.3574
1994   06   67.0981
1994   07   37.3420
1994   08   68.2700
1994   09   72.3626
1994   10   62.6065
1994   11   76.6922
1994   12   173.8743
1995   01   181.8844
1995   02   129.8106
1995   03   317.4277
1995   04   105.3386
1995   05   131.8600
1995   06   105.0020
1995   07   127.9392
1995   08   58.5905
1995   09   37.7955
1995   10   155.9337
1995   11   51.2997
1995   12   81.3031
1996   01   121.8181
1996   02   160.7897
1996   03   473.0789
1996   04   82.9934
1996   05   215.9042
1996   06   93.5432
1996   07   31.4827
1996   08   107.9439
1996   09   28.4394
1996   10   61.8444
1996   11   116.8994
1996   12   72.2666
1997   01   260.7402
1997   02   177.6841
1997   03   120.4580
1997   04   236.6681
1997   05   165.5162
1997   06   86.4624
1997   07   104.6595
1997   08   117.2520
1997   09   33.4133
1997   10   87.2307
1997   11   47.1064
1997   12   83.6162
1998   01   104.4086
1998   02   213.5676
1998   03   157.8206
1998   04   84.8265
1998   05   287.1049
1998   06   76.5262
1998   07   220.0736
1998   08   110.9600
1998   09   41.6213
1998   10   136.9764
1998   11   51.7725
1998   12   96.9828
1999   01   150.7932
1999   02   246.0924
1999   03   139.9995
1999   04   40.7914
1999   05   85.1698
1999   06   109.1121
1999   07   89.2419
1999   08   117.9115
1999   09   54.4056
1999   10   77.3315
1999   11   57.8259
1999   12   63.5854
2000   01   81.9249
2000   02   180.5566
2000   03   270.6498
2000   04   103.5350
2000   05   89.4562
2000   06   113.3611
2000   07   124.9272
2000   08   46.1508
2000   09   116.1190
2000   10   141.1852
2000   11   82.2804
2000   12   200.8715
2001   01   279.0341
2001   02   245.9261
2001   03   206.1214
2001   04   193.9247
2001   05   214.0598
2001   06   170.7549
2001   07   136.9557
2001   08   106.5709
2001   09   39.8154
2001   10   43.0002
2001   11   68.1384
2001   12   182.4677
2002   01   142.7344
2002   02   242.4099
2002   03   542.0468
2002   04   171.5628
2002   05   192.2988
2002   06   24.3213
2002   07   102.0020
2002   08   113.5447
2002   09   88.0472
2002   10   145.7832
2002   11   72.7802
2002   12   143.7225
2003   01   214.0437
2003   02   193.2898
2003   03   623.8204
2003   04   102.5896
2003   05   219.9149
2003   06   199.1429
2003   07   73.2164
2003   08   115.2316
2003   09   66.9634
2003   10   292.2915
2003   11   65.9033
2003   12   145.8080
2004   01   100.5038
2004   02   172.0707
2004   03   378.6915
2004   04   229.7200
2004   05   58.2860
2004   06   163.0453
2004   07   96.3174
2004   08   51.8289
2004   09   106.2264
2004   10   85.2237
2004   11   119.6827
2004   12   277.5166
2005   01   99.1415
2005   02   108.4139
2005   03   369.6143
2005   04   168.6789
2005   05   221.9213
2005   06   222.3255
2005   07   84.0001
2005   08   101.6494
2005   09   53.6498
2005   10   220.7820
2005   11   100.2262
2005   12   68.1552
2006   01   385.3152
2006   02   230.9749
2006   03   443.5726
2006   04   266.4937
2006   05   177.0408
2006   06   88.0757
2006   07   101.1955
2006   08   105.5729
2006   09   100.9031
2006   10   192.0073
2006   11   73.1530
2006   12   304.0392
2007   01   153.4278
2007   02   257.0143
2007   03   242.7123
2007   04   161.8503
2007   05   150.1095
2007   06   78.4065
2007   07   41.7267
2007   08   73.0034
2007   09   57.1475
2007   10   136.6299
2007   11   56.2686
2007   12   104.3594
2008   01   159.7284
2008   02   274.0268
2008   03   203.9501
2008   04   127.7337
2008   05   236.1932
2008   06   124.0068
2008   07   94.3257
2008   08   118.4765
2008   09   39.6127
2008   10   92.2448
2008   11   131.1203
2008   12   141.0275
2009   01   187.5305
2009   02   253.5403
2009   03   431.0976
2009   04   210.5161
2009   05   227.4513
2009   06   79.6277
2009   07   71.1078
2009   08   170.2141
2009   09   34.0216
2009   10   87.3395
2009   11   111.9700
2009   12   197.6304
2010   01   353.3400
2010   02   234.6432
2010   03   228.0697
2010   04   99.8185
2010   05   146.6031
2010   06   230.9261
2010   07   138.9396
2010   08   82.9526
2010   09   36.4093
2010   10   156.4114
2010   11   81.6505
2010   12   144.4676
2011   01   212.1843
2011   02   160.5378
2011   03   464.0329
2011   04   142.7792
2011   05   183.9003
2011   06   141.1874
2011   07   134.5320
2011   08   104.6481
2011   09   84.6728
2011   10   114.0348
2011   11   89.8453
2011   12   52.4367
2012   01   215.7272
2012   02   310.8705
2012   03   457.5112
2012   04   89.4751
2012   05   194.3449
2012   06   130.9451
2012   07   119.6144
2012   08   31.2556
2012   09   7.9865
2012   10   8.9662
2012   11   0.0000
2012   12   0.0000
2013   01   0.0000
2013   02   0.0000
2013   03   0.0000
2013   04   0.0000
2013   05   107.1616
2013   06   0.0000
2013   07   0.0000
2013   08   0.0000
2013   09   0.0000
2013   10   29.8289
2013   11   0.0000
2013   12   0.0000
2014   01   0.0000
2014   02   0.0000
2014   03   0.0000
2014   04   0.0000
2014   05   0.0000
2014   06   0.0000
2014   07   0.0000
2014   08   0.0000
2014   09   0.0000
2014   10   0.0000
2014   11   0.0000
2014   12   0.0000
2015   01   0.0000
2015   02   0.0000
2015   03   0.0000
2015   04   0.0000
2015   05   0.0000
2015   06   0.0000
2015   07   0.0000
2015   08   0.0000
2015   09   0.0000
2015   10   0.0000
2015   11   0.0000
2015   12   0.0000
2016   01   0.0000
2016   02   0.0000
2016   03   0.0000
2016   04   0.0000
2016   05   0.0000
2016   06   0.0000
2016   07   0.0000
2016   08   0.0000
2016   09   0.0000
2016   10   0.0000
2016   11   0.0000
2016   12   0.0000
2017   01   0.0000
2017   02   0.0000
2017   03   0.0000
2017   04   0.0000
2017   05   0.0000
2017   06   0.0000
2017   07   0.0000
2017   08   0.0000
2017   09   0.0000
2017   10   0.0000
2017   11   0.0000
2017   12   0.0000
2018   01   185.6549
2018   02   188.0908
2018   03   314.9098
2018   04   206.3557
2018   05   99.4914
2018   06   83.5729
2018   07   45.3521
2018   08   78.9328
2018   09   95.7288
2018   10   42.4758
2018   11   61.0632
2018   12   75.5578
2019   01   127.5218
2019   02   151.9568
2019   03   249.0925
2019   04   171.6580
2019   05   79.0542
2019   06   89.4471
2019   07   80.0071
2019   08   87.7825
2019   09   27.5076
2019   10   64.2107
2019   11   144.9148
2019   12   116.7366
2020   01   121.6157
2020   02   156.1863
2020   03   183.6821
2020   04   81.3406
2020   05   143.8703
2020   06   175.5495
2020   07   75.7186
2020   08   74.9806
2020   09   28.8075
2020   10   68.4665
2020   11   72.1921
2020   12   106.6381
2021   01   236.1572
2021   02   177.6777
2021   03   167.7293
2021   04   240.1278
2021   05   96.3827
2021   06   77.1773
2021   07   114.4901
2021   08   68.7298
2021   09   35.5406
2021   10   138.1911
2021   11   49.5171
2021   12   90.1868
2022   01   179.7538
2022   02   201.1789
2022   03   219.8794
2022   04   120.7006
2022   05   120.7940
2022   06   54.8957
2022   07   136.8876
2022   08   125.7934
2022   09   64.5874
2022   10   59.0359
2022   11   35.1932
2022   12   114.8383
2023   01   125.4657
2023   02   116.8088
2023   03   353.9415
2023   04   100.6020
2023   05   111.1571
2023   06   102.1328
2023   07   120.7281
2023   08   96.2807
2023   09   73.6687
2023   10   81.5323
2023   11   39.1956
2023   12   131.3791
2024   01   58.5136
2024   02   156.4621
2024   03   400.9264
2024   04   115.1960
2024   05   148.2643
2024   06   181.4929
2024   07   81.7036
2024   08   71.1402
2024   09   53.5080
2024   10   26.7899
2024   11   60.8785
2024   11   60.8785
2024   12   165.9774
2025   01   191.7071
2025   02   193.6278
2025   03   347.7220
2025   04   76.8203
2025   05   160.2682
2025   06   73.2740
