1991   01   0.5189
1991   02   1.1456
1991   03   1.9311
1991   04   0.0917
1991   05   1.6903
1991   06   3.1795
1991   07   10.1712
1991   08   6.8055
1991   09   3.2614
1991   10   2.1328
1991   11   0.1145
1991   12   1.6830
1992   01   0.6975
1992   02   1.1594
1992   03   1.9311
1992   04   0.1196
1992   05   1.6549
1992   06   4.3505
1992   07   9.3442
1992   08   7.6440
1992   09   3.5234
1992   10   2.1340
1992   11   0.1142
1992   12   2.4348
1993   01   0.5149
1993   02   1.3057
1993   03   2.6851
1993   04   0.0915
1993   05   1.4924
1993   06   2.8160
1993   07   8.1491
1993   08   8.1295
1993   09   3.1285
1993   10   2.1174
1993   11   0.1144
1993   12   1.6836
1994   01   0.5166
1994   02   1.1427
1994   03   1.9334
1994   04   0.0915
1994   05   1.5135
1994   06   3.1853
1994   07   8.3149
1994   08   6.8246
1994   09   3.4850
1994   10   2.1356
1994   11   0.1144
1994   12   1.6805
1995   01   0.5189
1995   02   1.1436
1995   03   2.7720
1995   04   0.0917
1995   05   1.5694
1995   06   2.8314
1995   07   8.8303
1995   08   6.1774
1995   09   2.9574
1995   10   2.1333
1995   11   0.1145
1995   12   1.6784
1996   01   0.5189
1996   02   1.1594
1996   03   1.9323
1996   04   0.0917
1996   05   1.5177
1996   06   2.8486
1996   07   8.1376
1996   08   6.8379
1996   09   3.1699
1996   10   2.1401
1996   11   0.1145
1996   12   1.6850
1997   01   0.5189
1997   02   1.1439
1997   03   1.9311
1997   04   0.0917
1997   05   1.9478
1997   06   3.7843
1997   07   10.1001
1997   08   8.4833
1997   09   3.1711
1997   10   2.1333
1997   11   0.1145
1997   12   1.6812
1998   01   0.5189
1998   02   1.1436
1998   03   1.9347
1998   04   0.1196
1998   05   1.5672
1998   06   3.3273
1998   07   8.3175
1998   08   6.8919
1998   09   3.1678
1998   10   2.1403
1998   11   0.1145
1998   12   1.6839
1999   01   0.5189
1999   02   1.1433
1999   03   1.9311
1999   04   0.0917
1999   05   1.5261
1999   06   2.8413
1999   07   8.2388
1999   08   6.8312
1999   09   3.1885
1999   10   2.1505
1999   11   0.1145
1999   12   1.6834
2000   01   0.5189
2000   02   1.1599
2000   03   1.9311
2000   04   0.0917
2000   05   1.3083
2000   06   2.4749
2000   07   6.3301
2000   08   6.2972
2000   09   2.7675
2000   10   1.6040
2000   11   0.1145
2000   12   1.6820
2001   01   0.5189
2001   02   1.1887
2001   03   2.0367
2001   04   0.0917
2001   05   1.2523
2001   06   2.3433
2001   07   6.5946
2001   08   6.9666
2001   09   2.7707
2001   10   1.6011
2001   11   0.1145
2001   12   1.6849
2002   01   0.5189
2002   02   1.1455
2002   03   1.9311
2002   04   0.0917
2002   05   1.1104
2002   06   2.3390
2002   07   6.0459
2002   08   8.2430
2002   09   2.7414
2002   10   2.2782
2002   11   0.1145
2002   12   1.6829
2003   01   0.5189
2003   02   1.1434
2003   03   2.0326
2003   04   0.0917
2003   05   1.7018
2003   06   2.3126
2003   07   6.5301
2003   08   6.2947
2003   09   2.7500
2003   10   2.0628
2003   11   0.1145
2003   12   1.6866
2004   01   0.5467
2004   02   1.1581
2004   03   1.9311
2004   04   0.0917
2004   05   1.1152
2004   06   2.3461
2004   07   8.2368
2004   08   7.0528
2004   09   2.9661
2004   10   1.9380
2004   11   0.1145
2004   12   1.6848
2005   01   0.5189
2005   02   2.2123
2005   03   1.9311
2005   04   0.0928
2005   05   1.1010
2005   06   2.2689
2005   07   8.0402
2005   08   6.9939
2005   09   2.9708
2005   10   1.6030
2005   11   0.1145
2005   12   1.6838
2006   01   0.5189
2006   02   1.1429
2006   03   1.9311
2006   04   0.0917
2006   05   1.0983
2006   06   2.1152
2006   07   13.4827
2006   08   5.9992
2006   09   2.8880
2006   10   1.5553
2006   11   0.1145
2006   12   1.6769
2007   01   0.5629
2007   02   1.1462
2007   03   1.9311
2007   04   0.0964
2007   05   1.1457
2007   06   3.2695
2007   07   13.1273
2007   08   6.8047
2007   09   2.9324
2007   10   1.6044
2007   11   0.1145
2007   12   1.6873
2008   01   0.5189
2008   02   1.1592
2008   03   1.9312
2008   04   0.0917
2008   05   1.0675
2008   06   1.9999
2008   07   5.7036
2008   08   5.4557
2008   09   2.5843
2008   10   1.5484
2008   11   0.1145
2008   12   1.6840
2009   01   0.5189
2009   02   1.1440
2009   03   1.9311
2009   04   0.0917
2009   05   1.0526
2009   06   1.9387
2009   07   10.0794
2009   08   5.4130
2009   09   2.5691
2009   10   2.2679
2009   11   0.1145
2009   12   1.6773
2010   01   0.5189
2010   02   1.1435
2010   03   1.9312
2010   04   0.0917
2010   05   1.1923
2010   06   2.2559
2010   07   6.6824
2010   08   5.7629
2010   09   2.6095
2010   10   1.5382
2010   11   0.1145
2010   12   1.6788
2011   01   0.5189
2011   02   1.1436
2011   03   1.9312
2011   04   0.0917
2011   05   1.0507
2011   06   2.1254
2011   07   7.5518
2011   08   6.4783
2011   09   2.7404
2011   10   1.5382
2011   11   0.1145
2011   12   1.6798
2012   01   0.5466
2012   02   1.1590
2012   03   1.9311
2012   04   0.0917
2012   05   1.3488
2012   06   2.0237
2012   07   6.0777
2012   08   5.6957
2012   09   2.8757
2012   10   1.5468
2012   11   0.1146
2012   12   1.7506
2013   01   0.5803
2013   02   1.1907
2013   03   2.1458
2013   04   0.0948
2013   05   1.2432
2013   06   2.2594
2013   07   7.0747
2013   08   7.2638
2013   09   2.9224
2013   10   2.7561
2013   11   0.1217
2013   12   1.8504
2014   01   0.5803
2014   02   1.1904
2014   03   2.1458
2014   04   0.0948
2014   05   1.4042
2014   06   2.2814
2014   07   6.4285
2014   08   5.9444
2014   09   2.9166
2014   10   1.7576
2014   11   0.1217
2014   12   1.8465
2015   01   0.5803
2015   02   1.1907
2015   03   2.1458
2015   04   0.0951
2015   05   1.7153
2015   06   2.7889
2015   07   9.5805
2015   08   6.0336
2015   09   2.8193
2015   10   2.8420
2015   11   0.1217
2015   12   1.8504
2016   01   0.5803
2016   02   1.2081
2016   03   2.2182
2016   04   0.0949
2016   05   1.4187
2016   06   3.6642
2016   07   11.0130
2016   08   7.3424
2016   09   3.2221
2016   10   2.0741
2016   11   0.1217
2016   12   1.8463
2017   01   0.6040
2017   02   1.1908
2017   03   2.2222
2017   04   0.0948
2017   05   1.4929
2017   06   7.2828
2017   07   7.3857
2017   08   7.3076
2017   09   2.9015
2017   10   1.7517
2017   11   0.1217
2017   12   1.8470
2018   01   0.6633
2018   02   1.1903
2018   03   2.1458
2018   04   0.1214
2018   05   1.2029
2018   06   2.8837
2018   07   12.8170
2018   08   7.2831
2018   09   3.2226
2018   10   1.8661
2018   11   0.1217
2018   12   1.8513
2019   01   0.5803
2019   02   1.1907
2019   03   2.1458
2019   04   0.0948
2019   05   1.7789
2019   06   3.3775
2019   07   8.3212
2019   08   7.2844
2019   09   3.2155
2019   10   1.8016
2019   11   0.1217
2019   12   1.8432
2020   01   0.5803
2020   02   1.2062
2020   03   2.1458
2020   04   0.0948
2020   05   1.1848
2020   06   3.1469
2020   07   7.7300
2020   08   6.7581
2020   09   2.8687
2020   10   1.8710
2020   11   0.1220
2020   12   1.8482
2021   01   0.5803
2021   02   1.1898
2021   03   2.1458
2021   04   0.0948
2021   05   1.2931
2021   06   2.7592
2021   07   5.7409
2021   08   5.5760
2021   09   2.6195
2021   10   1.7195
2021   11   0.1217
2021   12   1.8533
2022   01   0.6040
2022   02   1.1892
2022   03   2.1459
2022   04   0.0948
2022   05   1.1385
2022   06   2.7086
2022   07   8.9838
2022   08   6.4921
2022   09   2.5809
2022   10   1.9298
2022   11   0.1217
2022   12   1.8920
2023   01   0.5803
2023   02   1.1892
2023   03   2.1458
2023   04   0.0948
2023   05   1.2051
2023   06   2.5329
2023   07   7.1232
2023   08   6.5630
2023   09   2.4414
2023   10   1.6516
2023   11   0.1217
2023   12   1.8470
2024   01   0.5803
2024   02   1.2177
2024   03   2.1458
2024   04   0.1000
2024   05   1.2085
2024   06   2.2337
2024   07   6.3129
2024   08   5.5842
2024   09   2.4546
2024   10   1.9059
2024   11   0.1471
2024   11   0.1471
2024   12   1.7848
2025   01   0.5486
2025   02   1.0804
2025   03   1.8137
2025   04   0.0945
2025   05   1.0990
2025   06   2.8842
