1991   01   30.3282
1991   02   17.0209
1991   03   37.3644
1991   04   173.4563
1991   05   253.1003
1991   06   205.0522
1991   07   203.9917
1991   08   86.2783
1991   09   112.8864
1991   10   49.5485
1991   11   84.4514
1991   12   89.2670
1992   01   14.1274
1992   02   27.9249
1992   03   68.6429
1992   04   105.1988
1992   05   292.6328
1992   06   282.0057
1992   07   161.1466
1992   08   175.7139
1992   09   73.4977
1992   10   77.3050
1992   11   29.7104
1992   12   107.3244
1993   01   30.0163
1993   02   18.7466
1993   03   68.5160
1993   04   164.9866
1993   05   325.9790
1993   06   419.9628
1993   07   254.7461
1993   08   121.7166
1993   09   23.0110
1993   10   66.1493
1993   11   35.0320
1993   12   31.4425
1994   01   19.3971
1994   02   16.7573
1994   03   39.0162
1994   04   84.8832
1994   05   110.4032
1994   06   288.0112
1994   07   222.8088
1994   08   67.5699
1994   09   138.7179
1994   10   110.8319
1994   11   73.3576
1994   12   40.6710
1995   01   21.1074
1995   02   11.4426
1995   03   22.3250
1995   04   153.7926
1995   05   51.0681
1995   06   280.1696
1995   07   256.5772
1995   08   235.5545
1995   09   30.2217
1995   10   22.3280
1995   11   21.1034
1995   12   14.4806
1996   01   18.9267
1996   02   31.6128
1996   03   32.1905
1996   04   81.4631
1996   05   114.2116
1996   06   153.1227
1996   07   80.1863
1996   08   204.0034
1996   09   42.5868
1996   10   32.9577
1996   11   31.1619
1996   12   53.2473
1997   01   31.5823
1997   02   39.8272
1997   03   12.1195
1997   04   202.6450
1997   05   209.5054
1997   06   439.3811
1997   07   234.5526
1997   08   152.8471
1997   09   138.9285
1997   10   119.0437
1997   11   88.8251
1997   12   28.8218
1998   01   14.0074
1998   02   22.7618
1998   03   19.9964
1998   04   72.2457
1998   05   103.2326
1998   06   168.7765
1998   07   91.5984
1998   08   120.3767
1998   09   43.4230
1998   10   8.1004
1998   11   29.7012
1998   12   20.8284
1999   01   21.8645
1999   02   45.6303
1999   03   28.0506
1999   04   33.2550
1999   05   206.6445
1999   06   321.5025
1999   07   129.3995
1999   08   169.8804
1999   09   139.7854
1999   10   9.4459
1999   11   19.9483
1999   12   21.0802
2000   01   15.8457
2000   02   73.0579
2000   03   31.9593
2000   04   83.3280
2000   05   77.3237
2000   06   565.2201
2000   07   143.4488
2000   08   168.8170
2000   09   135.1652
2000   10   18.5487
2000   11   79.2474
2000   12   24.7313
2001   01   54.0832
2001   02   25.7271
2001   03   42.5537
2001   04   58.9845
2001   05   228.8118
2001   06   208.1294
2001   07   373.9174
2001   08   149.8234
2001   09   48.2017
2001   10   33.7080
2001   11   59.1821
2001   12   14.4263
2002   01   28.9964
2002   02   31.9471
2002   03   92.2734
2002   04   81.4702
2002   05   166.6259
2002   06   104.9000
2002   07   106.1703
2002   08   198.4507
2002   09   137.0875
2002   10   218.2067
2002   11   105.6541
2002   12   62.4715
2003   01   19.7576
2003   02   13.6478
2003   03   31.6172
2003   04   48.2573
2003   05   76.4164
2003   06   437.4728
2003   07   156.8374
2003   08   115.1657
2003   09   125.5169
2003   10   54.0822
2003   11   107.3137
2003   12   34.8553
2004   01   15.2899
2004   02   25.4493
2004   03   57.3295
2004   04   157.3975
2004   05   37.3487
2004   06   341.9508
2004   07   208.9986
2004   08   178.2998
2004   09   83.6349
2004   10   181.3793
2004   11   106.7587
2004   12   58.0341
2005   01   21.4068
2005   02   13.2310
2005   03   55.3030
2005   04   43.9851
2005   05   312.8585
2005   06   390.0686
2005   07   153.8835
2005   08   242.9536
2005   09   103.0382
2005   10   58.3785
2005   11   115.6264
2005   12   64.2266
2006   01   56.6556
2006   02   23.0093
2006   03   27.9064
2006   04   121.3607
2006   05   83.6128
2006   06   453.0029
2006   07   260.2434
2006   08   190.2981
2006   09   102.9166
2006   10   104.9047
2006   11   34.0280
2006   12   76.9436
2007   01   26.9852
2007   02   42.8052
2007   03   34.6917
2007   04   109.8649
2007   05   42.1856
2007   06   130.9678
2007   07   180.5196
2007   08   151.3897
2007   09   65.6133
2007   10   53.8084
2007   11   33.1152
2007   12   40.9231
2008   01   16.3705
2008   02   14.3723
2008   03   24.1085
2008   04   61.5891
2008   05   191.3131
2008   06   80.0002
2008   07   236.7708
2008   08   199.1846
2008   09   63.8363
2008   10   36.2759
2008   11   29.8417
2008   12   28.7654
2009   01   19.4395
2009   02   24.2235
2009   03   16.7306
2009   04   36.4908
2009   05   151.6612
2009   06   259.6814
2009   07   130.6679
2009   08   273.5067
2009   09   70.3548
2009   10   133.1369
2009   11   76.3840
2009   12   26.4394
2010   01   24.7116
2010   02   45.9363
2010   03   23.0739
2010   04   21.1897
2010   05   57.8975
2010   06   234.3919
2010   07   183.8931
2010   08   145.8253
2010   09   10.0335
2010   10   48.7737
2010   11   43.5481
2010   12   33.5462
2011   01   30.9333
2011   02   22.7210
2011   03   50.6897
2011   04   92.4306
2011   05   82.0895
2011   06   167.3315
2011   07   105.4592
2011   08   179.1595
2011   09   145.1826
2011   10   37.5574
2011   11   72.4131
2011   12   16.6484
2012   01   18.4235
2012   02   55.9147
2012   03   31.2419
2012   04   25.7233
2012   05   193.9859
2012   06   266.0670
2012   07   69.8470
2012   08   120.3959
2012   09   43.9540
2012   10   72.9553
2012   11   67.1135
2012   12   68.2724
2013   01   20.1938
2013   02   33.1245
2013   03   19.9207
2013   04   37.7677
2013   05   152.2653
2013   06   104.7676
2013   07   65.2509
2013   08   191.0858
2013   09   93.8719
2013   10   48.3791
2013   11   42.1319
2013   12   14.8324
2014   01   36.0681
2014   02   19.0244
2014   03   48.4605
2014   04   40.8775
2014   05   120.4025
2014   06   300.2746
2014   07   206.5236
2014   08   119.8108
2014   09   77.2833
2014   10   31.7815
2014   11   34.0577
2014   12   31.9119
2015   01   13.4431
2015   02   22.1370
2015   03   13.0638
2015   04   78.5822
2015   05   131.5491
2015   06   243.6974
2015   07   218.3857
2015   08   256.9659
2015   09   75.9005
2015   10   57.5342
2015   11   40.6527
2015   12   24.8736
2016   01   37.4272
2016   02   13.8412
2016   03   23.5906
2016   04   79.2740
2016   05   136.1671
2016   06   33.0100
2016   07   202.2562
2016   08   109.8207
2016   09   28.1937
2016   10   63.5222
2016   11   23.2955
2016   12   42.3997
2017   01   22.2064
2017   02   28.3735
2017   03   46.6456
2017   04   78.0085
2017   05   98.8648
2017   06   254.5247
2017   07   86.5032
2017   08   220.6819
2017   09   84.4964
2017   10   85.8203
2017   11   36.0348
2017   12   36.5891
2018   01   20.1784
2018   02   25.0170
2018   03   56.1988
2018   04   98.7474
2018   05   106.9512
2018   06   106.5023
2018   07   85.3318
2018   08   111.6912
2018   09   108.9038
2018   10   58.3734
2018   11   50.0259
2018   12   24.6034
2019   01   19.5230
2019   02   14.5567
2019   03   31.8572
2019   04   31.0796
2019   05   115.3864
2019   06   258.5667
2019   07   129.2914
2019   08   101.5779
2019   09   47.3478
2019   10   73.0442
2019   11   24.9179
2019   12   20.2394
2020   01   19.6586
2020   02   16.1461
2020   03   30.3707
2020   04   80.1969
2020   05   64.9065
2020   06   286.4863
2020   07   190.1379
2020   08   109.6082
2020   09   41.3281
2020   10   25.0655
2020   11   9.2765
2020   12   28.6941
2021   01   40.9731
2021   02   9.0225
2021   03   15.7650
2021   04   119.3963
2021   05   123.7202
2021   06   170.0273
2021   07   113.6090
2021   08   131.1076
2021   09   66.5761
2021   10   14.0614
2021   11   12.6374
2021   12   10.5047
2022   01   26.0299
2022   02   13.9988
2022   03   29.6862
2022   04   151.9013
2022   05   81.9522
2022   06   271.2783
2022   07   183.5248
2022   08   112.6235
2022   09   26.7623
2022   10   51.4952
2022   11   22.6886
2022   12   17.2452
2023   01   15.5726
2023   02   9.2934
2023   03   27.0026
2023   04   95.6301
2023   05   69.1923
2023   06   213.0786
2023   07   188.7622
2023   08   230.9475
2023   09   48.9383
2023   10   23.3819
2023   11   48.5306
2023   12   14.9795
2024   01   11.1651
2024   02   9.7105
2024   03   40.7891
2024   04   135.2065
2024   05   94.6221
2024   06   385.5895
2024   07   51.1665
2024   08   126.2194
2024   09   115.4598
2024   10   26.9126
2024   11   42.8977
2024   11   42.8977
2024   12   21.6552
2025   01   13.0747
2025   02   10.7253
2025   03   61.5650
2025   04   147.7357
2025   05   72.2147
2025   06   203.8925
