1991   01   1.0145
1991   02   3.0872
1991   03   2.7345
1991   04   16.2549
1991   05   107.0981
1991   06   132.1520
1991   07   189.8955
1991   08   73.1988
1991   09   50.0231
1991   10   11.2853
1991   11   11.9287
1991   12   3.9844
1992   01   1.0126
1992   02   3.2177
1992   03   7.4255
1992   04   32.6458
1992   05   221.7993
1992   06   188.0386
1992   07   43.7246
1992   08   73.8688
1992   09   22.1925
1992   10   6.6356
1992   11   12.6926
1992   12   3.5305
1993   01   1.0978
1993   02   8.1710
1993   03   3.0509
1993   04   43.0740
1993   05   141.6481
1993   06   111.6743
1993   07   84.3615
1993   08   42.4527
1993   09   14.7637
1993   10   10.8162
1993   11   9.1633
1993   12   2.6029
1994   01   1.0992
1994   02   3.7539
1994   03   2.7095
1994   04   27.0592
1994   05   73.1586
1994   06   104.6896
1994   07   90.9784
1994   08   29.6692
1994   09   29.1376
1994   10   19.0886
1994   11   7.9202
1994   12   8.2871
1995   01   1.1299
1995   02   3.7602
1995   03   3.0323
1995   04   28.7472
1995   05   19.4646
1995   06   145.6339
1995   07   88.4339
1995   08   64.9845
1995   09   28.4347
1995   10   13.5121
1995   11   5.0980
1995   12   2.4905
1996   01   0.9707
1996   02   3.7440
1996   03   3.5158
1996   04   33.5097
1996   05   33.6596
1996   06   65.4459
1996   07   61.0909
1996   08   33.5690
1996   09   11.2286
1996   10   7.0767
1996   11   6.4181
1996   12   2.5639
1997   01   1.0351
1997   02   3.9269
1997   03   3.8631
1997   04   21.7849
1997   05   112.2960
1997   06   358.4908
1997   07   88.6902
1997   08   88.0423
1997   09   37.2752
1997   10   30.3920
1997   11   13.0050
1997   12   3.1020
1998   01   1.1262
1998   02   3.6726
1998   03   3.5852
1998   04   32.8295
1998   05   67.9658
1998   06   56.8126
1998   07   31.9366
1998   08   33.9190
1998   09   37.1242
1998   10   4.1086
1998   11   10.0670
1998   12   3.5403
1999   01   1.0619
1999   02   5.6382
1999   03   4.3339
1999   04   34.0147
1999   05   21.5414
1999   06   84.1923
1999   07   44.7433
1999   08   153.3720
1999   09   48.4279
1999   10   17.6627
1999   11   6.4735
1999   12   3.8127
2000   01   1.0401
2000   02   3.3324
2000   03   2.4622
2000   04   48.8285
2000   05   69.3475
2000   06   356.8428
2000   07   36.8026
2000   08   24.0781
2000   09   84.0406
2000   10   10.3087
2000   11   12.5567
2000   12   3.7533
2001   01   0.9403
2001   02   2.9260
2001   03   4.6252
2001   04   30.6507
2001   05   118.9413
2001   06   50.7895
2001   07   243.4416
2001   08   122.6765
2001   09   27.6728
2001   10   14.7065
2001   11   7.6551
2001   12   2.8189
2002   01   0.8942
2002   02   2.9322
2002   03   3.8017
2002   04   23.9328
2002   05   204.1501
2002   06   210.7331
2002   07   95.7774
2002   08   186.5677
2002   09   42.4767
2002   10   19.8300
2002   11   5.9221
2002   12   5.5381
2003   01   0.8240
2003   02   2.7591
2003   03   3.4261
2003   04   15.7328
2003   05   97.8370
2003   06   139.6491
2003   07   67.6515
2003   08   41.1056
2003   09   31.2364
2003   10   11.2170
2003   11   21.0447
2003   12   3.7452
2004   01   1.0727
2004   02   3.7179
2004   03   4.9558
2004   04   46.1907
2004   05   28.0450
2004   06   102.9435
2004   07   108.0993
2004   08   87.2416
2004   09   28.0441
2004   10   10.9291
2004   11   39.2742
2004   12   4.1130
2005   01   0.8668
2005   02   2.7566
2005   03   10.5304
2005   04   14.6411
2005   05   125.0860
2005   06   245.5320
2005   07   61.6767
2005   08   210.1054
2005   09   25.2034
2005   10   9.4975
2005   11   14.9294
2005   12   2.0987
2006   01   0.9105
2006   02   2.7988
2006   03   2.2273
2006   04   12.6471
2006   05   56.0558
2006   06   138.2690
2006   07   198.9713
2006   08   111.5405
2006   09   23.9959
2006   10   46.8996
2006   11   5.8758
2006   12   2.0811
2007   01   1.1143
2007   02   5.5178
2007   03   8.2111
2007   04   14.6338
2007   05   63.7965
2007   06   145.0316
2007   07   65.2721
2007   08   73.6548
2007   09   10.3341
2007   10   11.9992
2007   11   5.8817
2007   12   1.7597
2008   01   0.8971
2008   02   2.7733
2008   03   2.9381
2008   04   15.0607
2008   05   148.1357
2008   06   92.4146
2008   07   78.1033
2008   08   122.0340
2008   09   24.2555
2008   10   6.9732
2008   11   5.8471
2008   12   1.7113
2009   01   0.8990
2009   02   3.9955
2009   03   2.2349
2009   04   8.6159
2009   05   43.1043
2009   06   126.4380
2009   07   53.1151
2009   08   132.9857
2009   09   37.9795
2009   10   17.8680
2009   11   10.5045
2009   12   1.7113
2010   01   1.2011
2010   02   2.7329
2010   03   2.1701
2010   04   9.4058
2010   05   78.3970
2010   06   132.4919
2010   07   61.3084
2010   08   39.7781
2010   09   17.9287
2010   10   14.3129
2010   11   11.8977
2010   12   1.7904
2011   01   0.9534
2011   02   3.0227
2011   03   3.0869
2011   04   17.3185
2011   05   15.5826
2011   06   84.7879
2011   07   64.7243
2011   08   90.8405
2011   09   10.0141
2011   10   10.1455
2011   11   7.8156
2011   12   1.7113
2012   01   0.8956
2012   02   2.7853
2012   03   2.1356
2012   04   17.3023
2012   05   124.9534
2012   06   126.9916
2012   07   27.2089
2012   08   87.4703
2012   09   17.2797
2012   10   43.0525
2012   11   8.1259
2012   12   3.1225
2013   01   1.1352
2013   02   3.5781
2013   03   6.4199
2013   04   8.2118
2013   05   135.6732
2013   06   53.7954
2013   07   51.9552
2013   08   47.1257
2013   09   25.9218
2013   10   10.5143
2013   11   7.2262
2013   12   2.2220
2014   01   1.0090
2014   02   6.2673
2014   03   2.5608
2014   04   14.0296
2014   05   47.9954
2014   06   107.8143
2014   07   56.2360
2014   08   85.6491
2014   09   49.3505
2014   10   12.6448
2014   11   10.8338
2014   12   3.9956
2015   01   0.9966
2015   02   4.6953
2015   03   10.2300
2015   04   12.3324
2015   05   23.1622
2015   06   22.0448
2015   07   72.8400
2015   08   153.1006
2015   09   35.6887
2015   10   40.7358
2015   11   8.3330
2015   12   3.0722
2016   01   1.5876
2016   02   3.3683
2016   03   3.1771
2016   04   126.2802
2016   05   73.7127
2016   06   72.6962
2016   07   88.3804
2016   08   21.3580
2016   09   8.5104
2016   10   22.1904
2016   11   6.4331
2016   12   6.2969
2017   01   1.0155
2017   02   5.1032
2017   03   2.5728
2017   04   23.9323
2017   05   93.0656
2017   06   117.0320
2017   07   47.3422
2017   08   82.0155
2017   09   20.7640
2017   10   28.7007
2017   11   10.3855
2017   12   1.8346
2018   01   1.0619
2018   02   3.3534
2018   03   2.8755
2018   04   10.3774
2018   05   59.0669
2018   06   70.4928
2018   07   62.5772
2018   08   32.3080
2018   09   33.7387
2018   10   18.0461
2018   11   5.9030
2018   12   4.1421
2019   01   0.9870
2019   02   3.3684
2019   03   3.9742
2019   04   25.9838
2019   05   38.0158
2019   06   80.8945
2019   07   34.5417
2019   08   29.4528
2019   09   15.5044
2019   10   12.6605
2019   11   4.4607
2019   12   2.8691
2020   01   0.9538
2020   02   3.0703
2020   03   1.9375
2020   04   11.3265
2020   05   15.2988
2020   06   162.4788
2020   07   80.5107
2020   08   28.5860
2020   09   9.1324
2020   10   2.6287
2020   11   6.5584
2020   12   1.8777
2021   01   4.3061
2021   02   6.1063
2021   03   2.2940
2021   04   7.0948
2021   05   29.6722
2021   06   45.7334
2021   07   16.5488
2021   08   58.6063
2021   09   22.1039
2021   10   6.2255
2021   11   4.0384
2021   12   1.6715
2022   01   1.1655
2022   02   6.2422
2022   03   2.0512
2022   04   38.4484
2022   05   24.3957
2022   06   54.4922
2022   07   79.5512
2022   08   35.4448
2022   09   11.2894
2022   10   2.5420
2022   11   5.0026
2022   12   1.8307
2023   01   1.0196
2023   02   2.9533
2023   03   1.8846
2023   04   15.5681
2023   05   31.1656
2023   06   90.4636
2023   07   45.1861
2023   08   165.2700
2023   09   73.5079
2023   10   8.4527
2023   11   21.0082
2023   12   2.3219
2024   01   0.9768
2024   02   3.8390
2024   03   2.0334
2024   04   9.2626
2024   05   160.9207
2024   06   224.4570
2024   07   32.9197
2024   08   114.3447
2024   09   18.4161
2024   10   13.8933
2024   11   4.2728
2024   11   4.2728
2024   12   1.5466
2025   01   0.8611
2025   02   2.5838
2025   03   3.3350
2025   04   7.4769
2025   05   108.3987
2025   06   99.5435
