1991   01   24.8368
1991   02   22.7540
1991   03   41.5020
1991   04   118.3742
1991   05   232.9794
1991   06   164.7233
1991   07   173.1890
1991   08   120.4298
1991   09   145.5857
1991   10   36.0359
1991   11   57.2494
1991   12   161.9117
1992   01   15.8950
1992   02   20.1470
1992   03   86.4261
1992   04   81.4119
1992   05   204.1465
1992   06   285.5828
1992   07   89.6592
1992   08   115.4456
1992   09   162.1912
1992   10   95.0454
1992   11   24.8203
1992   12   50.5623
1993   01   72.2487
1993   02   15.5854
1993   03   150.3662
1993   04   145.8596
1993   05   323.4345
1993   06   287.6657
1993   07   244.6029
1993   08   114.0814
1993   09   58.4771
1993   10   64.6770
1993   11   53.9433
1993   12   46.3698
1994   01   18.4973
1994   02   20.9392
1994   03   41.4480
1994   04   114.0546
1994   05   166.2118
1994   06   314.8080
1994   07   172.4730
1994   08   117.2393
1994   09   98.6047
1994   10   87.2823
1994   11   74.7277
1994   12   67.6044
1995   01   114.5295
1995   02   17.1660
1995   03   27.7907
1995   04   138.5292
1995   05   101.3221
1995   06   350.2047
1995   07   156.1023
1995   08   157.2172
1995   09   71.7290
1995   10   61.7509
1995   11   32.4147
1995   12   10.8411
1996   01   21.2372
1996   02   32.5043
1996   03   64.1335
1996   04   77.5300
1996   05   167.6260
1996   06   114.8765
1996   07   62.0528
1996   08   139.3601
1996   09   50.7005
1996   10   41.3178
1996   11   54.6301
1996   12   51.0102
1997   01   76.5498
1997   02   25.4102
1997   03   19.6028
1997   04   211.0347
1997   05   151.5453
1997   06   343.2328
1997   07   249.7977
1997   08   112.0538
1997   09   92.8773
1997   10   115.0736
1997   11   124.6174
1997   12   31.4586
1998   01   28.1069
1998   02   22.0550
1998   03   40.8350
1998   04   77.3312
1998   05   92.5097
1998   06   125.5862
1998   07   88.2838
1998   08   123.0664
1998   09   73.7971
1998   10   11.3709
1998   11   26.2535
1998   12   26.2206
1999   01   31.3587
1999   02   26.3575
1999   03   58.7225
1999   04   63.4484
1999   05   115.7993
1999   06   312.7358
1999   07   112.3971
1999   08   152.9054
1999   09   121.0825
1999   10   38.5565
1999   11   29.5127
1999   12   25.7955
2000   01   16.2934
2000   02   122.9743
2000   03   47.2179
2000   04   128.6416
2000   05   70.8617
2000   06   457.6465
2000   07   177.3733
2000   08   91.1127
2000   09   137.0516
2000   10   55.5668
2000   11   55.8377
2000   12   44.3402
2001   01   91.8272
2001   02   20.6208
2001   03   75.2550
2001   04   44.3995
2001   05   245.9992
2001   06   219.0759
2001   07   241.9042
2001   08   104.5847
2001   09   58.5706
2001   10   40.1340
2001   11   57.8747
2001   12   18.0086
2002   01   27.4021
2002   02   48.2229
2002   03   88.7890
2002   04   70.4637
2002   05   247.0634
2002   06   135.0973
2002   07   114.8071
2002   08   149.9036
2002   09   168.1930
2002   10   179.7374
2002   11   88.4656
2002   12   61.2021
2003   01   16.1417
2003   02   19.6906
2003   03   55.1797
2003   04   52.9742
2003   05   69.5093
2003   06   325.1784
2003   07   130.6640
2003   08   105.7878
2003   09   167.0175
2003   10   63.1102
2003   11   55.7903
2003   12   51.1710
2004   01   17.1042
2004   02   22.5056
2004   03   42.2456
2004   04   188.9856
2004   05   77.4218
2004   06   318.7933
2004   07   167.6360
2004   08   195.1479
2004   09   141.3744
2004   10   107.1594
2004   11   79.1167
2004   12   50.0633
2005   01   20.0910
2005   02   32.7698
2005   03   74.8119
2005   04   44.5028
2005   05   371.2003
2005   06   283.7569
2005   07   150.4026
2005   08   196.7388
2005   09   53.4952
2005   10   50.1312
2005   11   92.5376
2005   12   31.6248
2006   01   71.7158
2006   02   25.5409
2006   03   61.4897
2006   04   122.2443
2006   05   120.5916
2006   06   274.8979
2006   07   222.0392
2006   08   118.3635
2006   09   126.3701
2006   10   81.9144
2006   11   24.4441
2006   12   67.8114
2007   01   18.5747
2007   02   41.5779
2007   03   38.6210
2007   04   105.7606
2007   05   68.3061
2007   06   135.6342
2007   07   133.3804
2007   08   110.5709
2007   09   132.6919
2007   10   49.0656
2007   11   32.0305
2007   12   26.1016
2008   01   18.9179
2008   02   20.5698
2008   03   34.0469
2008   04   55.7614
2008   05   263.1246
2008   06   107.7146
2008   07   242.5558
2008   08   198.0408
2008   09   29.5486
2008   10   34.3439
2008   11   50.3373
2008   12   28.0465
2009   01   22.3977
2009   02   39.3437
2009   03   32.2793
2009   04   60.0022
2009   05   240.4604
2009   06   193.4542
2009   07   85.7552
2009   08   229.1974
2009   09   69.0686
2009   10   116.8075
2009   11   57.2587
2009   12   46.7780
2010   01   18.5198
2010   02   83.1974
2010   03   45.2423
2010   04   23.5649
2010   05   84.4710
2010   06   185.1291
2010   07   115.9798
2010   08   151.7144
2010   09   50.9655
2010   10   34.2674
2010   11   36.9916
2010   12   41.2788
2011   01   61.2307
2011   02   20.3328
2011   03   63.0738
2011   04   133.7266
2011   05   123.1478
2011   06   199.7772
2011   07   113.0838
2011   08   176.0681
2011   09   169.7270
2011   10   43.6493
2011   11   33.8645
2011   12   18.4947
2012   01   39.1368
2012   02   72.2232
2012   03   42.7189
2012   04   33.5725
2012   05   189.9171
2012   06   213.0422
2012   07   94.5478
2012   08   134.1659
2012   09   76.2908
2012   10   26.4402
2012   11   42.9034
2012   12   142.7641
2013   01   24.3522
2013   02   56.3360
2013   03   37.2881
2013   04   106.9937
2013   05   186.2958
2013   06   122.6938
2013   07   76.1981
2013   08   141.5606
2013   09   132.7492
2013   10   39.2981
2013   11   42.5415
2013   12   23.0775
2014   01   51.5203
2014   02   30.4558
2014   03   63.8615
2014   04   86.3224
2014   05   148.5716
2014   06   224.3578
2014   07   214.1012
2014   08   104.6493
2014   09   128.7671
2014   10   85.7678
2014   11   40.2785
2014   12   27.1120
2015   01   12.3035
2015   02   20.2476
2015   03   26.7582
2015   04   70.6161
2015   05   221.3082
2015   06   198.6407
2015   07   242.8420
2015   08   192.1633
2015   09   74.6175
2015   10   44.1994
2015   11   28.0836
2015   12   45.1474
2016   01   33.7758
2016   02   24.7093
2016   03   28.9168
2016   04   113.8248
2016   05   109.9030
2016   06   29.5077
2016   07   157.3510
2016   08   147.3455
2016   09   59.4397
2016   10   78.3247
2016   11   49.8485
2016   12   62.5646
2017   01   48.0454
2017   02   59.8504
2017   03   60.9959
2017   04   90.9117
2017   05   157.6875
2017   06   194.6626
2017   07   77.4753
2017   08   209.3406
2017   09   106.7805
2017   10   116.2289
2017   11   36.5188
2017   12   48.1274
2018   01   53.9238
2018   02   33.0408
2018   03   149.1991
2018   04   145.3173
2018   05   100.8550
2018   06   138.3082
2018   07   73.9910
2018   08   139.1971
2018   09   141.7916
2018   10   74.4760
2018   11   74.5182
2018   12   45.6468
2019   01   31.6925
2019   02   16.5841
2019   03   28.1181
2019   04   40.3373
2019   05   146.6598
2019   06   178.2192
2019   07   166.8667
2019   08   89.5699
2019   09   46.9811
2019   10   49.9843
2019   11   61.8781
2019   12   31.9290
2020   01   27.0795
2020   02   30.4398
2020   03   45.1627
2020   04   91.9482
2020   05   138.4701
2020   06   258.1098
2020   07   218.5167
2020   08   98.1607
2020   09   65.5135
2020   10   33.5494
2020   11   40.4624
2020   12   42.9251
2021   01   48.3307
2021   02   11.2853
2021   03   24.6147
2021   04   92.3444
2021   05   82.7458
2021   06   165.6751
2021   07   57.5757
2021   08   121.0387
2021   09   63.2777
2021   10   36.5781
2021   11   43.2783
2021   12   25.9958
2022   01   80.8109
2022   02   30.4800
2022   03   77.5891
2022   04   130.0844
2022   05   87.8039
2022   06   195.2027
2022   07   186.6498
2022   08   91.0297
2022   09   88.8801
2022   10   64.8126
2022   11   38.0379
2022   12   28.5413
2023   01   24.7884
2023   02   23.1979
2023   03   63.9678
2023   04   78.9036
2023   05   114.9478
2023   06   168.5786
2023   07   145.4899
2023   08   131.3646
2023   09   69.4444
2023   10   38.1963
2023   11   57.8901
2023   12   17.8597
2024   01   10.5715
2024   02   16.3640
2024   03   92.7355
2024   04   117.0329
2024   05   108.6359
2024   06   232.3334
2024   07   59.8192
2024   08   67.9606
2024   09   139.7325
2024   10   17.0741
2024   11   76.1890
2024   11   76.1890
2024   12   13.9919
2025   01   37.0922
2025   02   22.4607
2025   03   68.1315
2025   04   88.2377
2025   05   115.0547
2025   06   122.0393
