1991   01   0.6784
1991   02   2.5366
1991   03   4.3363
1991   04   1.9781
1991   05   2.1320
1991   06   9.5495
1991   07   1.8546
1991   08   1.9799
1991   09   0.6112
1991   10   0.2285
1991   11   0.1193
1991   12   2.3972
1992   01   0.6784
1992   02   2.5538
1992   03   8.5676
1992   04   3.6570
1992   05   2.5522
1992   06   11.2518
1992   07   1.3167
1992   08   2.3715
1992   09   0.6715
1992   10   0.2591
1992   11   0.1192
1992   12   3.0367
1993   01   0.8631
1993   02   2.9974
1993   03   4.3124
1993   04   2.1768
1993   05   2.3364
1993   06   6.7235
1993   07   1.0449
1993   08   1.8944
1993   09   0.5475
1993   10   0.1997
1993   11   0.1192
1993   12   2.3918
1994   01   0.6774
1994   02   2.5272
1994   03   4.3131
1994   04   2.1928
1994   05   2.9554
1994   06   8.1282
1994   07   0.8792
1994   08   1.5647
1994   09   0.7045
1994   10   0.2287
1994   11   0.1193
1994   12   2.7824
1995   01   0.6784
1995   02   2.7476
1995   03   4.3198
1995   04   2.6405
1995   05   2.4527
1995   06   6.1450
1995   07   1.0689
1995   08   1.6716
1995   09   0.5640
1995   10   0.2286
1995   11   0.1192
1995   12   2.3922
1996   01   0.6784
1996   02   2.5537
1996   03   4.3161
1996   04   1.7704
1996   05   2.3848
1996   06   6.3093
1996   07   1.2853
1996   08   1.5146
1996   09   0.5525
1996   10   0.2332
1996   11   0.1193
1996   12   2.3920
1997   01   0.6784
1997   02   2.5366
1997   03   4.3198
1997   04   1.6741
1997   05   4.7999
1997   06   10.6550
1997   07   0.9745
1997   08   4.0798
1997   09   0.6075
1997   10   0.2700
1997   11   0.1193
1997   12   2.3920
1998   01   0.6784
1998   02   2.5366
1998   03   4.3257
1998   04   3.9739
1998   05   3.7317
1998   06   11.4321
1998   07   0.9873
1998   08   1.7138
1998   09   0.5238
1998   10   0.2287
1998   11   0.1193
1998   12   2.3920
1999   01   0.6784
1999   02   2.5366
1999   03   4.3198
1999   04   2.3453
1999   05   2.2501
1999   06   6.7602
1999   07   0.9164
1999   08   1.5679
1999   09   0.5487
1999   10   0.2939
1999   11   0.1193
1999   12   2.3920
2000   01   0.6784
2000   02   2.1514
2000   03   3.7872
2000   04   1.4715
2000   05   2.5302
2000   06   9.5052
2000   07   1.2423
2000   08   1.0677
2000   09   0.4453
2000   10   0.2005
2000   11   0.1079
2000   12   2.2127
2001   01   0.6216
2001   02   1.9804
2001   03   3.7872
2001   04   1.4704
2001   05   2.7987
2001   06   6.8231
2001   07   1.1014
2001   08   1.8985
2001   09   0.4453
2001   10   0.2005
2001   11   0.1079
2001   12   2.5125
2002   01   0.6216
2002   02   1.9804
2002   03   3.7872
2002   04   2.7268
2002   05   3.1355
2002   06   7.4321
2002   07   1.4711
2002   08   2.5527
2002   09   0.4948
2002   10   0.2845
2002   11   0.1079
2002   12   2.2127
2003   01   0.6216
2003   02   1.9804
2003   03   3.7872
2003   04   1.4093
2003   05   3.6217
2003   06   7.7946
2003   07   1.1505
2003   08   1.4099
2003   09   0.4451
2003   10   0.2659
2003   11   0.1201
2003   12   2.2126
2004   01   0.6216
2004   02   1.9804
2004   03   5.4584
2004   04   1.4252
2004   05   1.4899
2004   06   6.6587
2004   07   1.3214
2004   08   2.1813
2004   09   0.5520
2004   10   0.2005
2004   11   0.1079
2004   12   2.5765
2005   01   0.6216
2005   02   3.6171
2005   03   3.7873
2005   04   2.7387
2005   05   3.0449
2005   06   7.6380
2005   07   1.9294
2005   08   2.0149
2005   09   0.5520
2005   10   0.2040
2005   11   0.1080
2005   12   2.2126
2006   01   0.6216
2006   02   2.2414
2006   03   3.8018
2006   04   1.9377
2006   05   2.4556
2006   06   6.1180
2006   07   1.1002
2006   08   2.4596
2006   09   0.5355
2006   10   0.1754
2006   11   0.1181
2006   12   3.0554
2007   01   0.8382
2007   02   1.9804
2007   03   3.8018
2007   04   2.6015
2007   05   2.3845
2007   06   15.8533
2007   07   1.6741
2007   08   2.0180
2007   09   0.5520
2007   10   0.2040
2007   11   0.1080
2007   12   2.2166
2008   01   0.6189
2008   02   1.9794
2008   03   3.7912
2008   04   1.5011
2008   05   2.4536
2008   06   7.6429
2008   07   0.9156
2008   08   0.9058
2008   09   0.4543
2008   10   0.1711
2008   11   0.1120
2008   12   2.1621
2009   01   0.6189
2009   02   1.9794
2009   03   3.7912
2009   04   1.4167
2009   05   1.4476
2009   06   6.1746
2009   07   1.3100
2009   08   1.0595
2009   09   0.5415
2009   10   0.2217
2009   11   0.1040
2009   12   2.1018
2010   01   0.7481
2010   02   1.9804
2010   03   3.7912
2010   04   2.1965
2010   05   1.8097
2010   06   5.6559
2010   07   1.2210
2010   08   1.0739
2010   09   0.4602
2010   10   0.1710
2010   11   0.1040
2010   12   2.1018
2011   01   0.6189
2011   02   1.9794
2011   03   3.7912
2011   04   1.4222
2011   05   2.5263
2011   06   6.9709
2011   07   1.2595
2011   08   1.6239
2011   09   0.4815
2011   10   0.1709
2011   11   0.1065
2011   12   2.1020
2012   01   0.8363
2012   02   1.9794
2012   03   3.7912
2012   04   2.6068
2012   05   4.0613
2012   06   5.9390
2012   07   0.6902
2012   08   1.5058
2012   09   0.4964
2012   10   0.1712
2012   11   0.1040
2012   12   2.1846
2013   01   1.0259
2013   02   2.2509
2013   03   4.5556
2013   04   2.3266
2013   05   2.3980
2013   06   5.3970
2013   07   1.0544
2013   08   1.9536
2013   09   0.5684
2013   10   0.2899
2013   11   0.1124
2013   12   2.2761
2014   01   0.6637
2014   02   2.2497
2014   03   4.5556
2014   04   1.7364
2014   05   2.8003
2014   06   5.4351
2014   07   0.8783
2014   08   1.3694
2014   09   0.5114
2014   10   0.1994
2014   11   0.1116
2014   12   2.1977
2015   01   0.6691
2015   02   2.2496
2015   03   6.5259
2015   04   1.6551
2015   05   2.5544
2015   06   8.5613
2015   07   2.4515
2015   08   2.4119
2015   09   0.5051
2015   10   0.3057
2015   11   0.1534
2015   12   2.3242
2016   01   0.9058
2016   02   2.2509
2016   03   8.8377
2016   04   4.1241
2016   05   5.1103
2016   06   10.6842
2016   07   2.8574
2016   08   1.9944
2016   09   0.6300
2016   10   0.2256
2016   11   0.1162
2016   12   2.1977
2017   01   1.4266
2017   02   2.2496
2017   03   5.5113
2017   04   2.1795
2017   05   3.7458
2017   06   9.1280
2017   07   1.8442
2017   08   2.6891
2017   09   0.5013
2017   10   0.1870
2017   11   0.1116
2017   12   2.1979
2018   01   0.6637
2018   02   2.2496
2018   03   4.5386
2018   04   3.2192
2018   05   2.2305
2018   06   8.5033
2018   07   1.6588
2018   08   2.1784
2018   09   0.6300
2018   10   0.2256
2018   11   0.1162
2018   12   2.3274
2019   01   0.6637
2019   02   2.2496
2019   03   5.6814
2019   04   2.2145
2019   05   5.2393
2019   06   9.1320
2019   07   2.6974
2019   08   1.9620
2019   09   0.6300
2019   10   0.2256
2019   11   0.1162
2019   12   2.1968
2020   01   0.6637
2020   02   2.2496
2020   03   8.4784
2020   04   1.6120
2020   05   1.5595
2020   06   11.6980
2020   07   1.5196
2020   08   1.8394
2020   09   0.6300
2020   10   0.2256
2020   11   0.1117
2020   12   2.1976
2021   01   0.6664
2021   02   2.2509
2021   03   4.5386
2021   04   1.8300
2021   05   1.9120
2021   06   8.4503
2021   07   0.8111
2021   08   1.4671
2021   09   0.5013
2021   10   0.1871
2021   11   0.1116
2021   12   2.2439
2022   01   0.8516
2022   02   2.2497
2022   03   5.1707
2022   04   1.7583
2022   05   1.7193
2022   06   9.6555
2022   07   1.8439
2022   08   1.8047
2022   09   0.5013
2022   10   0.1870
2022   11   0.1117
2022   12   2.1996
2023   01   0.6667
2023   02   2.5529
2023   03   4.5386
2023   04   2.5524
2023   05   1.8589
2023   06   8.9503
2023   07   2.1826
2023   08   1.9264
2023   09   0.4888
2023   10   0.1647
2023   11   0.1116
2023   12   2.1271
2024   01   0.6637
2024   02   2.4963
2024   03   4.5332
2024   04   2.3500
2024   05   3.4370
2024   06   5.9942
2024   07   0.9230
2024   08   1.4853
2024   09   0.4354
2024   10   0.1855
2024   11   0.1140
2024   11   0.1140
2024   12   2.1193
2025   01   0.6759
2025   02   2.2647
2025   03   4.5205
2025   04   1.5553
2025   05   1.9045
2025   06   6.0998
