1991   01   1.5156
1991   02   2.7069
1991   03   1.8288
1991   04   8.3205
1991   05   66.9207
1991   06   99.2950
1991   07   109.8730
1991   08   40.5705
1991   09   22.3993
1991   10   9.3131
1991   11   3.7172
1991   12   3.2261
1992   01   1.5156
1992   02   2.8105
1992   03   6.2076
1992   04   17.2684
1992   05   89.3376
1992   06   81.6536
1992   07   22.0613
1992   08   51.0884
1992   09   9.7979
1992   10   4.7441
1992   11   11.1976
1992   12   3.1714
1993   01   1.6036
1993   02   5.7662
1993   03   2.1856
1993   04   26.1226
1993   05   47.8728
1993   06   53.0370
1993   07   49.7831
1993   08   27.6828
1993   09   8.2337
1993   10   8.1315
1993   11   4.9519
1993   12   2.6479
1994   01   1.7194
1994   02   4.1684
1994   03   2.2079
1994   04   13.4639
1994   05   33.0516
1994   06   63.2306
1994   07   49.5948
1994   08   21.2337
1994   09   16.7571
1994   10   9.2388
1994   11   4.9880
1994   12   4.0107
1995   01   1.9648
1995   02   3.9123
1995   03   3.3599
1995   04   12.1565
1995   05   21.8893
1995   06   40.4839
1995   07   54.6748
1995   08   30.7612
1995   09   17.9601
1995   10   8.1755
1995   11   4.2379
1995   12   2.9997
1996   01   1.7277
1996   02   3.8721
1996   03   2.4236
1996   04   14.4658
1996   05   15.0970
1996   06   36.3870
1996   07   39.5227
1996   08   25.0124
1996   09   7.9434
1996   10   7.0611
1996   11   3.8091
1996   12   2.9390
1997   01   1.7277
1997   02   3.7728
1997   03   3.4169
1997   04   8.0724
1997   05   53.1041
1997   06   201.4755
1997   07   60.2735
1997   08   75.0224
1997   09   14.4810
1997   10   16.1312
1997   11   8.0129
1997   12   2.9390
1998   01   1.7204
1998   02   4.0236
1998   03   2.4150
1998   04   19.3164
1998   05   43.4498
1998   06   31.9984
1998   07   16.5741
1998   08   17.6819
1998   09   20.9922
1998   10   6.6104
1998   11   5.5142
1998   12   2.7409
1999   01   1.7205
1999   02   3.8601
1999   03   2.7430
1999   04   15.5181
1999   05   16.5062
1999   06   44.6360
1999   07   23.6770
1999   08   78.9322
1999   09   40.6512
1999   10   18.9335
1999   11   5.3257
1999   12   2.6418
2000   01   1.6899
2000   02   3.1515
2000   03   1.7036
2000   04   24.9091
2000   05   30.1515
2000   06   190.6509
2000   07   31.7843
2000   08   14.9271
2000   09   36.7054
2000   10   5.8598
2000   11   6.9757
2000   12   2.0839
2001   01   1.5807
2001   02   3.2374
2001   03   1.8297
2001   04   11.0789
2001   05   29.6895
2001   06   43.7279
2001   07   177.7487
2001   08   52.0932
2001   09   18.4628
2001   10   6.0845
2001   11   5.5800
2001   12   1.9826
2002   01   1.5558
2002   02   3.1214
2002   03   2.0513
2002   04   15.8139
2002   05   157.4121
2002   06   97.3280
2002   07   40.9533
2002   08   58.7447
2002   09   21.9067
2002   10   8.1527
2002   11   4.9481
2002   12   2.3675
2003   01   1.4839
2003   02   2.9982
2003   03   1.8420
2003   04   5.6996
2003   05   53.2247
2003   06   53.6018
2003   07   44.4328
2003   08   23.8080
2003   09   17.8437
2003   10   5.7151
2003   11   12.7954
2003   12   2.1905
2004   01   1.5558
2004   02   2.9537
2004   03   2.5820
2004   04   14.5841
2004   05   19.2794
2004   06   60.1914
2004   07   83.5414
2004   08   40.5479
2004   09   8.6196
2004   10   6.1037
2004   11   21.9073
2004   12   2.5672
2005   01   1.5392
2005   02   3.4584
2005   03   4.7147
2005   04   5.0398
2005   05   71.2939
2005   06   108.1371
2005   07   53.1691
2005   08   103.4652
2005   09   9.9748
2005   10   7.4797
2005   11   9.2680
2005   12   2.2481
2006   01   1.5807
2006   02   3.1414
2006   03   1.6272
2006   04   6.3406
2006   05   44.4728
2006   06   110.5481
2006   07   133.1733
2006   08   72.2154
2006   09   14.4013
2006   10   22.2504
2006   11   3.6178
2006   12   2.0387
2007   01   1.5841
2007   02   3.4294
2007   03   4.2058
2007   04   11.1219
2007   05   29.1373
2007   06   72.7919
2007   07   48.3907
2007   08   32.9462
2007   09   5.3457
2007   10   6.3086
2007   11   3.5862
2007   12   2.1525
2008   01   1.5558
2008   02   3.0946
2008   03   1.6958
2008   04   6.6219
2008   05   88.1593
2008   06   40.0857
2008   07   46.3595
2008   08   81.3499
2008   09   11.2453
2008   10   6.4919
2008   11   3.1671
2008   12   2.0514
2009   01   1.5556
2009   02   2.9825
2009   03   1.6475
2009   04   2.9010
2009   05   15.8837
2009   06   65.0606
2009   07   36.7345
2009   08   56.4800
2009   09   13.9947
2009   10   9.8919
2009   11   3.0670
2009   12   2.0514
2010   01   1.5498
2010   02   2.9684
2010   03   1.5877
2010   04   4.0522
2010   05   30.1058
2010   06   23.6255
2010   07   24.1249
2010   08   20.7561
2010   09   5.9765
2010   10   7.0020
2010   11   6.1680
2010   12   2.0514
2011   01   1.5603
2011   02   3.4702
2011   03   1.6068
2011   04   6.0490
2011   05   7.0607
2011   06   48.5244
2011   07   38.5060
2011   08   55.9720
2011   09   4.9161
2011   10   4.8846
2011   11   4.6559
2011   12   2.0514
2012   01   1.5558
2012   02   3.1079
2012   03   1.5730
2012   04   10.7261
2012   05   64.7838
2012   06   70.5690
2012   07   13.2879
2012   08   39.9659
2012   09   10.4380
2012   10   21.1697
2012   11   4.7264
2012   12   2.2633
2013   01   1.7235
2013   02   3.7566
2013   03   4.2708
2013   04   6.2804
2013   05   81.0815
2013   06   31.0585
2013   07   31.5290
2013   08   34.7122
2013   09   16.8926
2013   10   8.2950
2013   11   3.5603
2013   12   2.3477
2014   01   1.7150
2014   02   6.4577
2014   03   2.0993
2014   04   7.5322
2014   05   16.7106
2014   06   52.4479
2014   07   46.1057
2014   08   42.1974
2014   09   24.5373
2014   10   10.1930
2014   11   6.6722
2014   12   2.7127
2015   01   1.6916
2015   02   3.5873
2015   03   6.4310
2015   04   6.4009
2015   05   13.2410
2015   06   12.7728
2015   07   48.3333
2015   08   94.3486
2015   09   22.2109
2015   10   19.2031
2015   11   10.8259
2015   12   2.9697
2016   01   1.6027
2016   02   3.5452
2016   03   3.1789
2016   04   57.0951
2016   05   72.2634
2016   06   43.0370
2016   07   65.1455
2016   08   18.3270
2016   09   3.6685
2016   10   14.7024
2016   11   4.7154
2016   12   4.8993
2017   01   1.6916
2017   02   3.8627
2017   03   2.2463
2017   04   25.0913
2017   05   64.4723
2017   06   57.2798
2017   07   41.5168
2017   08   43.7180
2017   09   11.4813
2017   10   17.4283
2017   11   6.3149
2017   12   2.3246
2018   01   1.9602
2018   02   3.5055
2018   03   2.0879
2018   04   9.9816
2018   05   42.4824
2018   06   41.3677
2018   07   28.2646
2018   08   23.5730
2018   09   12.8255
2018   10   9.0718
2018   11   3.3904
2018   12   3.0378
2019   01   1.6916
2019   02   3.5058
2019   03   4.1513
2019   04   12.5860
2019   05   31.1695
2019   06   23.3293
2019   07   24.4655
2019   08   17.1189
2019   09   10.9395
2019   10   9.4191
2019   11   2.5388
2019   12   2.2683
2020   01   1.6805
2020   02   3.5704
2020   03   1.9009
2020   04   10.1337
2020   05   10.1746
2020   06   77.7539
2020   07   47.3669
2020   08   13.7100
2020   09   4.8371
2020   10   5.0194
2020   11   5.0354
2020   12   2.3405
2021   01   4.3473
2021   02   3.4660
2021   03   2.5875
2021   04   4.8956
2021   05   14.8077
2021   06   17.6704
2021   07   9.0869
2021   08   23.3327
2021   09   8.5099
2021   10   8.7575
2021   11   3.3009
2021   12   2.1597
2022   01   1.9325
2022   02   6.3107
2022   03   2.1653
2022   04   21.0800
2022   05   7.5231
2022   06   26.8890
2022   07   72.9691
2022   08   18.3296
2022   09   5.3467
2022   10   3.8152
2022   11   3.4153
2022   12   2.1942
2023   01   1.7217
2023   02   3.1961
2023   03   1.8091
2023   04   8.2694
2023   05   15.3911
2023   06   37.9878
2023   07   28.8107
2023   08   59.9857
2023   09   19.3883
2023   10   6.1677
2023   11   11.5692
2023   12   2.0635
2024   01   1.6940
2024   02   3.8602
2024   03   2.2064
2024   04   6.0995
2024   05   94.8597
2024   06   120.8143
2024   07   21.8884
2024   08   88.8939
2024   09   10.4619
2024   10   10.5476
2024   11   3.0829
2024   11   3.0829
2024   12   2.0848
2025   01   1.5921
2025   02   3.0410
2025   03   3.7767
2025   04   4.2409
2025   05   36.2180
2025   06   42.9440
