1981 1 36.4
1981 2 30.7
1981 3 57.8
1981 4 75.9
1981 5 604.3
1981 6 173.8
1981 7 202.7
1981 8 111.2
1981 9 274.5
1981 10 32.9
1981 11 76.0
1981 12 62.7
1982 1 113.6
1982 2 42.6
1982 3 72.1
1982 4 34.3
1982 5 258.2
1982 6 285.8
1982 7 198.1
1982 8 248.8
1982 9 145.4
1982 10 95.2
1982 11 54.9
1982 12 45.7
1983 1 62.2
1983 2 103.5
1983 3 67.2
1983 4 107.2
1983 5 112.3
1983 6 138.5
1983 7 302.3
1983 8 112.9
1983 9 94.1
1983 10 80.3
1983 11 73.1
1983 12 53.4
1984 1 149.6
1984 2 197.9
1984 3 73.2
1984 4 136.7
1984 5 243.2
1984 6 173.9
1984 7 107.2
1984 8 47.5
1984 9 66.5
1984 10 251.7
1984 11 59.3
1984 12 97.1
1985 1 92.7
1985 2 116.6
1985 3 130.8
1985 4 150.9
1985 5 457.5
1985 6 184.9
1985 7 63.7
1985 8 168.3
1985 9 196.1
1985 10 86.9
1985 11 153.1
1985 12 56.7
1986 1 84.7
1986 2 37.9
1986 3 157.2
1986 4 168.4
1986 5 189.8
1986 6 307.4
1986 7 273.8
1986 8 113.5
1986 9 170.2
1986 10 29.2
1986 11 137.2
1986 12 38.2
1987 1 17.4
1987 2 34.3
1987 3 111.0
1987 4 136.9
1987 5 154.0
1987 6 267.0
1987 7 283.2
1987 8 87.8
1987 9 90.1
1987 10 38.9
1987 11 63.1
1987 12 90.2
1988 1 66.7
1988 2 8.5
1988 3 179.5
1988 4 91.9
1988 5 94.7
1988 6 263.5
1988 7 72.5
1988 8 182.4
1988 9 35.5
1988 10 145.0
1988 11 77.8
1988 12 156.3
1989 1 57.9
1989 2 43.5
1989 3 41.9
1989 4 153.2
1989 5 31.0
1989 6 258.5
1989 7 110.4
1989 8 295.5
1989 9 129.7
1989 10 35.3
1989 11 27.5
1989 12 227.6
1990 1 50.2
1990 2 23.9
1990 3 152.0
1990 4 244.6
1990 5 244.2
1990 6 168.2
1990 7 163.8
1990 8 240.1
1990 9 209.5
1990 10 69.1
1990 11 77.4
1990 12 122.6
1991 1 52.2
1991 2 52.8
1991 3 84.1
1991 4 54.5
1991 5 206.1
1991 6 101.7
1991 7 260.3
1991 8 147.1
1991 9 257.7
1991 10 74.5
1991 11 56.5
1991 12 240.1
1992 1 9.5
1992 2 123.4
1992 3 115.2
1992 4 101.6
1992 5 204.4
1992 6 226.2
1992 7 93.7
1992 8 63.6
1992 9 186.7
1992 10 310.8
1992 11 63.7
1992 12 119.7
1993 1 77.7
1993 2 9.5
1993 3 219.8
1993 4 147.0
1993 5 195.7
1993 6 447.0
1993 7 223.7
1993 8 109.0
1993 9 44.1
1993 10 50.0
1993 11 81.1
1993 12 161.7
1994 1 53.0
1994 2 64.3
1994 3 51.5
1994 4 207.7
1994 5 411.1
1994 6 265.1
1994 7 220.4
1994 8 240.6
1994 9 299.6
1994 10 76.9
1994 11 147.6
1994 12 86.6
1995 1 105.1
1995 2 35.6
1995 3 81.0
1995 4 113.1
1995 5 230.8
1995 6 381.5
1995 7 321.7
1995 8 195.1
1995 9 84.3
1995 10 74.2
1995 11 25.9
1995 12 8.0
1996 1 39.8
1996 2 108.4
1996 3 181.1
1996 4 207.3
1996 5 152.9
1996 6 157.6
1996 7 117.1
1996 8 336.7
1996 9 48.0
1996 10 64.3
1996 11 140.0
1996 12 84.9
1997 1 180.6
1997 2 63.3
1997 3 16.6
1997 4 312.0
1997 5 70.6
1997 6 172.1
1997 7 350.5
1997 8 272.7
1997 9 46.5
1997 10 110.5
1997 11 126.8
1997 12 62.7
1998 1 64.0
1998 2 2.5
1998 3 80.7
1998 4 57.6
1998 5 105.4
1998 6 50.7
1998 7 250.8
1998 8 111.9
1998 9 30.2
1998 10 67.9
1998 11 28.5
1998 12 30.9
1999 1 58.4
1999 2 83.3
1999 3 38.7
1999 4 40.3
1999 5 109.0
1999 6 252.9
1999 7 291.2
1999 8 241.5
1999 9 111.0
1999 10 37.8
1999 11 42.0
1999 12 103.0
2000 1 52.0
2000 2 121.6
2000 3 67.5
2000 4 164.1
2000 5 66.2
2000 6 250.7
2000 7 220.1
2000 8 168.6
2000 9 72.8
2000 10 161.5
2000 11 49.9
2000 12 137.3
2001 1 218.7
2001 2 124.1
2001 3 308.0
2001 4 64.6
2001 5 315.0
2001 6 252.6
2001 7 381.5
2001 8 168.9
2001 9 59.9
2001 10 10.7
2001 11 68.6
2001 12 28.9
2002 1 90.0
2002 2 155.0
2002 3 225.2
2002 4 225.9
2002 5 195.7
2002 6 184.0
2002 7 119.1
2002 8 263.9
2002 9 193.9
2002 10 403.2
2002 11 265.2
2002 12 91.7
2003 1 183.5
2003 2 35.4
2003 3 22.6
2003 4 31.2
2003 5 122.6
2003 6 450.2
2003 7 144.0
2003 8 292.9
2003 9 127.4
2003 10 170.7
2003 11 104.6
2003 12 136.3
2004 1 33.4
2004 2 7.5
2004 3 72.1
2004 4 387.8
2004 5 33.4
2004 6 415.2
2004 7 147.6
2004 8 87.3
2004 9 158.4
2004 10 89.3
2004 11 124.5
2004 12 86.7
2005 1 85.3
2005 2 16.2
2005 3 154.5
2005 4 67.6
2005 5 492.1
2005 6 432.9
2005 7 153.0
2005 8 217.3
2005 9 41.5
2005 10 95.4
2005 11 290.9
2005 12 7.5
2006 1 253.4
2006 2 48.6
2006 3 156.4
2006 4 129.1
2006 5 101.7
2006 6 282.7
2006 7 375.2
2006 8 178.0
2006 9 54.6
2006 10 160.1
2006 11 139.0
2006 12 186.2
2007 1 36.0
2007 2 44.6
2007 3 95.9
2007 4 193.3
2007 5 74.4
2007 6 122.1
2007 7 177.1
2007 8 104.6
2007 9 146.3
2007 10 180.1
2007 11 17.0
2007 12 41.5
2008 1 48.0
2008 2 57.5
2008 3 43.2
2008 4 222.5
2008 5 178.1
2008 6 261.6
2008 7 308.5
2008 8 194.1
2008 9 29.8
2008 10 56.6
2008 11 161.1
2008 12 33.8
2009 1 10.2
2009 2 73.9
2009 3 98.3
2009 4 226.2
2009 5 223.7
2009 6 153.1
2009 7 81.8
2009 8 399.9
2009 9 43.3
2009 10 180.8
2009 11 168.4
2009 12 124.6
2010 1 73.2
2010 2 0.0
2010 3 89.4
2010 4 131.4
2010 5 105.0
2010 6 298.8
2010 7 132.6
2010 8 186.4
2010 9 58.3
2010 10 33.9
2010 11 82.9
2010 12 91.9
2011 1 7.7
2011 2 38.4
2011 3 0.0
2011 4 0.0
2011 5 0.0
2011 6 0.0
2011 7 0.0
2011 8 0.0
2011 9 1.8
2011 10 0.0
2011 11 74.5
2011 12 19.2
2012 1 153.0
2012 2 75.7
2012 3 41.8
2012 4 43.6
2012 5 193.2
2012 6 334.0
2012 7 181.6
2012 8 163.4
2012 9 64.5
2012 10 95.5
2012 11 54.0
2012 12 160.8
2013 1 53.2
2013 2 92.7
2013 3 82.6
2013 4 42.8
2013 5 239.3
2013 6 196.9
2013 7 246.4
2013 8 324.4
2013 9 188.8
2013 10 16.4
2013 11 70.4
2013 12 80.8
2014 1 85.4
2014 2 41.2
2014 3 86.2
2014 4 82.8
2014 5 266.6
2014 6 170.1
2014 7 89.2
2014 8 229.5
2014 9 125.6
2014 10 120.4
2014 11 119.3
2014 12 46.4
2015 1 8.6
2015 2 4.9
2015 3 72.8
2015 4 83.8
2015 5 367.2
2015 6 239.8
2015 7 338.5
2015 8 243.1
2015 9 47.5
2015 10 33.5
2015 11 52.5
2015 12 35.7
2016 1 7.4
2016 2 42.3
2016 3 21.6
2016 4 123.1
2016 5 13.2
2016 6 28.4
2016 7 98.1
2016 8 436.1
2016 9 60.7
2016 10 84.1
2016 11 152.2
2016 12 49.4
2017 1 133.3
2017 2 117.1
2017 3 64.1
2017 4 65.8
2017 5 142.0
2017 6 191.1
2017 7 91.5
2017 8 337.4
2017 9 35.2
2017 10 141.8
2017 11 12.8
2017 12 196.8
2018 1 69.8
2018 2 14.1
2018 3 148.9
2018 4 235.8
2018 5 121.3
2018 6 321.8
2018 7 46.4
2018 8 41.4
2018 9 121.1
2018 10 73.6
2018 11 76.4
2018 12 31.9
2019 1 31.0
2019 2 7.3
2019 3 31.0
2019 4 73.6
2019 5 49.1
2019 6 130.9
2019 7 95.2
2019 8 61.8
2019 9 30.2
2019 10 14.2
2019 11 0.0
2019 12 0.0
2020 1 6.1
2020 2 24.8
2020 3 31.3
2020 4 55.7
2020 5 162.6
2020 6 109.5
2020 7 84.1
2020 8 48.7
2020 9 47.5
2020 10 27.4
2020 11 24.7
2020 12 29.7
2021 1 28.8
2021 2 0.1
2021 3 32.8
2021 4 47.3
2021 5 74.5
2021 6 138.9
2021 7 168.7
2021 8 72.2
2021 9 18.4
2021 10 32.2
2021 11 17.0
2021 12 25.4
2022 1 54.2
2022 2 35.6
2022 3 83.1
2022 4 108.7
2022 5 96.8
2022 6 80.0
2022 7 100.3
2022 8 50.4
2022 9 12.6
2022 10 32.8
2022 11 16.1
2022 12 29.2
2023 1 10.5
2023 2 11.2
2023 3 59.0
2023 4 41.5
2023 5 78.1
2023 6 154.9
2023 7 175.1
2023 8 18.9
2023 9 70.9
2023 10 43.5
2023 11 52.9
2023 12 5.4
2024 1 4.7
2024 2 10.2
2024 3 31.1
2024 4 43.7
2024 5 33.0
2024 6 62.7
2024 7 17.7
2024 8 18.3
2024 9 109.0
2024 10 2.4
2024 11 73.2
2024 12 7.9
2025 1 6.5
2025 2 21.8
2025 3 31.6
2025 4 29.4
2025 5 64.1
2025 6 61.4
