1981 1 0.0
1981 2 0.0
1981 3 1.4
1981 4 3.0
1981 5 448.2
1981 6 69.1
1981 7 28.5
1981 8 94.6
1981 9 18.0
1981 10 4.4
1981 11 1.8
1981 12 0.0
1982 1 0.0
1982 2 0.0
1982 3 28.7
1982 4 0.3
1982 5 190.9
1982 6 529.6
1982 7 232.4
1982 8 93.3
1982 9 37.1
1982 10 53.6
1982 11 0.0
1982 12 0.0
1983 1 6.0
1983 2 0.0
1983 3 0.0
1983 4 0.1
1983 5 111.5
1983 6 152.3
1983 7 171.9
1983 8 149.1
1983 9 21.6
1983 10 4.2
1983 11 1.0
1983 12 3.4
1984 1 0.0
1984 2 0.0
1984 3 4.0
1984 4 5.7
1984 5 236.2
1984 6 76.9
1984 7 612.0
1984 8 110.3
1984 9 92.1
1984 10 20.2
1984 11 2.3
1984 12 1.0
1985 1 1.8
1985 2 0.2
1985 3 9.4
1985 4 2.9
1985 5 62.2
1985 6 62.3
1985 7 83.7
1985 8 0.0
1985 9 22.4
1985 10 13.6
1985 11 0.6
1985 12 0.4
1986 1 1.9
1986 2 0.1
1986 3 0.1
1986 4 132.3
1986 5 241.7
1986 6 131.2
1986 7 9.1
1986 8 153.7
1986 9 1.5
1986 10 2.7
1986 11 117.9
1986 12 0.2
1987 1 1.3
1987 2 0.0
1987 3 0.0
1987 4 3.5
1987 5 103.7
1987 6 31.8
1987 7 494.2
1987 8 310.0
1987 9 44.8
1987 10 78.2
1987 11 0.2
1987 12 0.0
1988 1 0.0
1988 2 0.0
1988 3 12.5
1988 4 1.7
1988 5 0.0
1988 6 37.6
1988 7 91.5
1988 8 163.4
1988 9 17.2
1988 10 0.1
1988 11 9.7
1988 12 1.0
1989 1 1.5
1989 2 0.4
1989 3 1.3
1989 4 3.7
1989 5 11.8
1989 6 44.4
1989 7 141.1
1989 8 135.8
1989 9 1.5
1989 10 2.2
1989 11 0.0
1989 12 0.8
1990 1 0.0
1990 2 0.0
1990 3 28.7
1990 4 0.0
1990 5 16.0
1990 6 2.4
1990 7 83.5
1990 8 26.3
1990 9 43.8
1990 10 23.9
1990 11 0.0
1990 12 0.0
1991 1 0.0
1991 2 0.0
1991 3 0.0
1991 4 29.9
1991 5 152.5
1991 6 307.8
1991 7 101.1
1991 8 14.3
1991 9 107.8
1991 10 17.5
1991 11 0.0
1991 12 34.8
1992 1 0.0
1992 2 12.0
1992 3 25.3
1992 4 31.6
1992 5 369.3
1992 6 321.4
1992 7 4.0
1992 8 229.1
1992 9 62.3
1992 10 0.7
1992 11 2.5
1992 12 0.0
1993 1 0.0
1993 2 0.0
1993 3 0.0
1993 4 116.5
1993 5 88.3
1993 6 123.7
1993 7 99.7
1993 8 43.9
1993 9 4.6
1993 10 8.6
1993 11 2.3
1993 12 2.7
1994 1 0.0
1994 2 0.0
1994 3 0.6
1994 4 45.4
1994 5 132.2
1994 6 71.0
1994 7 101.7
1994 8 68.2
1994 9 28.7
1994 10 13.3
1994 11 0.0
1994 12 3.9
1995 1 0.0
1995 2 0.0
1995 3 0.2
1995 4 65.9
1995 5 0.7
1995 6 134.1
1995 7 154.8
1995 8 77.0
1995 9 7.7
1995 10 21.1
1995 11 1.4
1995 12 1.6
1996 1 0.0
1996 2 0.0
1996 3 1.3
1996 4 17.8
1996 5 22.6
1996 6 71.3
1996 7 161.5
1996 8 112.0
1996 9 1.2
1996 10 3.4
1996 11 0.0
1996 12 10.2
1997 1 0.0
1997 2 0.0
1997 3 0.7
1997 4 8.8
1997 5 247.4
1997 6 444.9
1997 7 113.0
1997 8 202.6
1997 9 112.1
1997 10 46.2
1997 11 9.9
1997 12 0.0
1998 1 0.0
1998 2 0.0
1998 3 0.0
1998 4 28.3
1998 5 23.6
1998 6 53.8
1998 7 0.0
1998 8 0.0
1998 9 20.6
1998 10 0.4
1998 11 0.0
1998 12 0.0
1999 1 0.0
1999 2 0.4
1999 3 26.9
1999 4 5.0
1999 5 36.7
1999 6 112.9
1999 7 54.7
1999 8 62.9
1999 9 206.0
1999 10 0.0
1999 11 0.0
1999 12 0.0
2000 1 0.0
2000 2 2.4
2000 3 0.0
2000 4 10.2
2000 5 29.0
2000 6 619.6
2000 7 5.6
2000 8 8.6
2000 9 166.7
2000 10 4.7
2000 11 0.0
2000 12 0.6
2001 1 0.4
2001 2 2.8
2001 3 0.4
2001 4 20.2
2001 5 92.5
2001 6 2.1
2001 7 381.8
2001 8 127.3
2001 9 12.5
2001 10 0.4
2001 11 0.0
2001 12 0.0
2002 1 0.1
2002 2 0.2
2002 3 8.5
2002 4 2.4
2002 5 384.3
2002 6 311.9
2002 7 158.5
2002 8 235.8
2002 9 16.2
2002 10 15.5
2002 11 0.0
2002 12 0.0
2003 1 0.0
2003 2 0.0
2003 3 4.9
2003 4 1.4
2003 5 142.9
2003 6 43.8
2003 7 78.2
2003 8 22.0
2003 9 42.1
2003 10 4.5
2003 11 27.5
2003 12 0.0
2004 1 0.8
2004 2 0.5
2004 3 5.3
2004 4 43.5
2004 5 47.9
2004 6 127.4
2004 7 189.6
2004 8 94.3
2004 9 25.8
2004 10 0.6
2004 11 35.3
2004 12 0.0
2005 1 0.0
2005 2 0.4
2005 3 16.5
2005 4 0.8
2005 5 132.0
2005 6 110.6
2005 7 62.1
2005 8 141.5
2005 9 33.5
2005 10 8.5
2005 11 21.0
2005 12 0.9
2006 1 2.4
2006 2 0.5
2006 3 0.0
2006 4 4.3
2006 5 100.3
2006 6 216.3
2006 7 163.3
2006 8 55.9
2006 9 19.5
2006 10 60.4
2006 11 0.9
2006 12 0.0
2007 1 0.0
2007 2 4.1
2007 3 0.6
2007 4 0.0
2007 5 22.8
2007 6 57.4
2007 7 49.8
2007 8 59.6
2007 9 2.3
2007 10 0.7
2007 11 2.2
2007 12 0.0
2008 1 0.0
2008 2 0.4
2008 3 9.0
2008 4 20.6
2008 5 227.9
2008 6 107.1
2008 7 109.2
2008 8 201.3
2008 9 3.1
2008 10 0.0
2008 11 0.1
2008 12 0.0
2009 1 0.0
2009 2 0.1
2009 3 2.0
2009 4 2.7
2009 5 1.6
2009 6 228.3
2009 7 19.0
2009 8 179.1
2009 9 9.2
2009 10 0.7
2009 11 0.0
2009 12 0.0
2010 1 0.2
2010 2 0.3
2010 3 0.3
2010 4 0.2
2010 5 78.2
2010 6 151.6
2010 7 54.1
2010 8 2.9
2010 9 33.1
2010 10 17.3
2010 11 2.3
2010 12 2.0
2011 1 0.7
2011 2 1.0
2011 3 0.7
2011 4 16.4
2011 5 0.8
2011 6 120.5
2011 7 104.2
2011 8 94.3
2011 9 0.0
2011 10 0.0
2011 11 0.4
2011 12 1.0
2012 1 0.1
2012 2 0.4
2012 3 1.0
2012 4 0.7
2012 5 73.5
2012 6 187.1
2012 7 0.4
2012 8 102.7
2012 9 7.9
2012 10 60.9
2012 11 20.3
2012 12 30.3
2013 1 2.5
2013 2 0.2
2013 3 0.0
2013 4 0.7
2013 5 223.4
2013 6 90.8
2013 7 19.4
2013 8 29.8
2013 9 0.1
2013 10 2.1
2013 11 1.9
2013 12 1.9
2014 1 0.0
2014 2 0.2
2014 3 0.7
2014 4 0.5
2014 5 32.5
2014 6 165.0
2014 7 45.4
2014 8 78.8
2014 9 53.4
2014 10 0.7
2014 11 4.5
2014 12 0.6
2015 1 4.7
2015 2 1.1
2015 3 5.0
2015 4 1.0
2015 5 2.7
2015 6 1.0
2015 7 68.7
2015 8 226.2
2015 9 99.2
2015 10 100.7
2015 11 0.3
2015 12 0.1
2016 1 6.5
2016 2 0.0
2016 3 2.7
2016 4 123.4
2016 5 48.8
2016 6 45.8
2016 7 125.8
2016 8 0.2
2016 9 3.5
2016 10 18.3
2016 11 0.4
2016 12 16.9
2017 1 0.1
2017 2 0.3
2017 3 1.2
2017 4 5.5
2017 5 113.8
2017 6 212.0
2017 7 50.3
2017 8 132.7
2017 9 22.9
2017 10 48.4
2017 11 5.5
2017 12 3.7
2018 1 1.9
2018 2 0.2
2018 3 0.9
2018 4 1.2
2018 5 38.4
2018 6 88.2
2018 7 89.1
2018 8 13.3
2018 9 16.3
2018 10 8.0
2018 11 0.0
2018 12 0.0
2019 1 0.5
2019 2 3.1
2019 3 1.9
2019 4 2.8
2019 5 12.0
2019 6 85.6
2019 7 8.4
2019 8 0.4
2019 9 1.5
2019 10 0.3
2019 11 0.9
2019 12 0.0
2020 1 0.1
2020 2 1.2
2020 3 0.4
2020 4 2.9
2020 5 2.2
2020 6 228.0
2020 7 112.8
2020 8 41.3
2020 9 3.7
2020 10 2.7
2020 11 3.0
2020 12 0.3
2021 1 36.2
2021 2 1.0
2021 3 2.0
2021 4 17.7
2021 5 17.8
2021 6 26.2
2021 7 13.2
2021 8 50.1
2021 9 38.3
2021 10 1.2
2021 11 1.7
2021 12 4.3
2022 1 3.6
2022 2 0.1
2022 3 1.0
2022 4 31.1
2022 5 0.2
2022 6 91.3
2022 7 145.1
2022 8 19.1
2022 9 0.4
2022 10 2.0
2022 11 4.9
2022 12 1.6
2023 1 0.1
2023 2 0.0
2023 3 2.0
2023 4 58.4
2023 5 40.9
2023 6 98.9
2023 7 104.4
2023 8 125.5
2023 9 64.0
2023 10 35.6
2023 11 30.9
2023 12 5.8
2024 1 3.3
2024 2 1.8
2024 3 0.6
2024 4 14.0
2024 5 54.0
2024 6 196.4
2024 7 1.1
2024 8 51.9
2024 9 0.2
2024 10 8.4
2024 11 0.0
2024 12 0.0
2025 1 0.4
2025 2 0.6
2025 3 16.7
2025 4 0.0
2025 5 31.8
2025 6 9.2
