1991   01   63.9487
1991   02   50.2939
1991   03   133.9356
1991   04   127.2396
1991   05   243.8676
1991   06   109.9301
1991   07   274.4982
1991   08   229.9827
1991   09   211.2490
1991   10   123.0226
1991   11   151.3695
1991   12   137.7105
1992   01   26.1858
1992   02   90.4292
1992   03   148.1473
1992   04   133.4824
1992   05   309.1714
1992   06   146.6456
1992   07   85.7793
1992   08   191.5168
1992   09   124.7101
1992   10   265.8177
1992   11   88.4743
1992   12   211.8641
1993   01   59.8100
1993   02   104.0147
1993   03   503.0233
1993   04   259.7661
1993   05   406.4546
1993   06   349.8334
1993   07   185.2573
1993   08   186.3594
1993   09   70.7419
1993   10   149.8521
1993   11   141.1510
1993   12   100.9589
1994   01   44.1174
1994   02   63.3571
1994   03   82.6959
1994   04   246.3077
1994   05   573.7444
1994   06   419.1345
1994   07   190.2836
1994   08   337.7344
1994   09   358.3451
1994   10   152.6439
1994   11   151.8462
1994   12   176.4062
1995   01   48.2566
1995   02   62.0719
1995   03   139.4330
1995   04   163.2642
1995   05   263.6182
1995   06   279.9583
1995   07   299.9551
1995   08   254.4178
1995   09   144.2791
1995   10   65.0170
1995   11   61.0245
1995   12   64.7904
1996   01   30.9144
1996   02   92.3443
1996   03   214.2186
1996   04   256.2317
1996   05   205.7643
1996   06   147.4800
1996   07   87.0182
1996   08   407.0259
1996   09   29.1781
1996   10   69.5598
1996   11   109.1532
1996   12   121.7024
1997   01   136.1564
1997   02   90.3188
1997   03   77.6569
1997   04   295.7554
1997   05   136.6523
1997   06   297.9795
1997   07   411.7824
1997   08   373.6517
1997   09   73.6675
1997   10   168.6621
1997   11   208.9504
1997   12   99.7306
1998   01   37.4579
1998   02   42.3238
1998   03   115.7898
1998   04   160.7319
1998   05   293.5872
1998   06   100.8358
1998   07   307.8946
1998   08   235.7798
1998   09   72.0748
1998   10   39.9058
1998   11   68.4233
1998   12   100.7063
1999   01   46.8049
1999   02   111.1584
1999   03   190.5601
1999   04   63.7067
1999   05   166.4887
1999   06   246.9695
1999   07   398.3869
1999   08   361.5872
1999   09   170.0830
1999   10   48.7577
1999   11   108.7679
1999   12   146.9934
2000   01   80.2029
2000   02   109.3788
2000   03   158.5296
2000   04   194.7930
2000   05   120.7126
2000   06   329.4685
2000   07   339.1802
2000   08   181.5968
2000   09   110.0360
2000   10   220.5956
2000   11   113.7384
2000   12   274.9944
2001   01   353.1437
2001   02   78.9755
2001   03   223.9959
2001   04   73.2685
2001   05   471.8860
2001   06   298.4100
2001   07   334.7469
2001   08   265.5865
2001   09   73.6698
2001   10   73.1556
2001   11   68.4970
2001   12   75.4806
2002   01   137.1157
2002   02   139.5145
2002   03   359.9384
2002   04   227.2859
2002   05   472.8286
2002   06   129.2874
2002   07   157.6416
2002   08   270.5424
2002   09   230.6122
2002   10   368.0240
2002   11   229.1282
2002   12   160.2990
2003   01   121.1891
2003   02   39.6694
2003   03   116.8147
2003   04   91.4851
2003   05   114.2048
2003   06   304.7304
2003   07   124.7386
2003   08   355.9224
2003   09   184.2220
2003   10   233.9893
2003   11   104.4187
2003   12   194.0398
2004   01   58.7342
2004   02   51.3459
2004   03   234.8235
2004   04   358.3051
2004   05   87.8794
2004   06   441.6799
2004   07   175.8194
2004   08   156.2922
2004   09   162.4284
2004   10   127.1262
2004   11   179.4688
2004   12   274.6627
2005   01   48.8791
2005   02   123.6831
2005   03   384.1465
2005   04   239.2305
2005   05   734.8852
2005   06   327.4813
2005   07   234.9941
2005   08   293.9487
2005   09   45.5902
2005   10   125.4106
2005   11   194.4250
2005   12   95.5642
2006   01   261.2812
2006   02   140.5802
2006   03   281.7037
2006   04   261.6696
2006   05   197.7312
2006   06   238.6605
2006   07   376.5091
2006   08   266.2755
2006   09   113.3057
2006   10   174.1495
2006   11   62.0157
2006   12   585.0383
2007   01   50.2623
2007   02   77.0599
2007   03   147.7871
2007   04   217.0515
2007   05   86.7458
2007   06   181.3721
2007   07   132.5827
2007   08   193.7582
2007   09   173.1407
2007   10   222.8351
2007   11   65.6395
2007   12   70.5236
2008   01   82.1691
2008   02   60.6792
2008   03   58.5470
2008   04   313.5025
2008   05   391.6664
2008   06   198.5233
2008   07   307.5410
2008   08   349.8181
2008   09   17.7986
2008   10   77.9929
2008   11   137.9343
2008   12   100.7635
2009   01   66.7555
2009   02   92.9561
2009   03   173.9304
2009   04   239.7010
2009   05   498.1740
2009   06   152.6207
2009   07   98.4514
2009   08   504.0098
2009   09   69.1035
2009   10   172.6209
2009   11   195.7499
2009   12   338.8722
2010   01   112.4542
2010   02   108.7073
2010   03   143.6641
2010   04   125.9753
2010   05   145.0021
2010   06   351.1397
2010   07   227.6215
2010   08   378.1794
2010   09   95.2457
2010   10   63.9915
2010   11   103.2031
2010   12   187.6776
2011   01   125.2198
2011   02   52.3786
2011   03   398.8391
2011   04   218.0302
2011   05   165.4988
2011   06   167.5416
2011   07   410.8224
2011   08   226.1923
2011   09   195.8482
2011   10   49.1881
2011   11   109.7938
2011   12   59.3843
2012   01   152.2449
2012   02   206.6158
2012   03   58.3450
2012   04   66.9547
2012   05   442.7402
2012   06   297.1101
2012   07   172.3460
2012   08   336.0093
2012   09   72.0203
2012   10   69.2207
2012   11   102.2839
2012   12   400.6613
2013   01   68.6330
2013   02   180.5481
2013   03   124.3184
2013   04   138.6676
2013   05   353.9886
2013   06   258.1190
2013   07   255.4862
2013   08   592.6511
2013   09   187.9018
2013   10   46.0885
2013   11   45.6642
2013   12   86.9855
2014   01   80.5845
2014   02   41.9123
2014   03   83.3354
2014   04   136.3053
2014   05   361.3578
2014   06   204.6548
2014   07   205.3253
2014   08   269.8075
2014   09   92.5511
2014   10   137.8694
2014   11   118.7015
2014   12   72.5157
2015   01   15.7516
2015   02   33.8125
2015   03   88.2896
2015   04   139.2073
2015   05   421.2770
2015   06   246.6729
2015   07   316.7168
2015   08   305.0021
2015   09   68.6610
2015   10   66.4924
2015   11   59.7607
2015   12   62.3849
2016   01   24.8513
2016   02   63.4435
2016   03   111.8183
2016   04   118.1838
2016   05   91.9364
2016   06   23.4824
2016   07   179.7577
2016   08   420.0410
2016   09   110.2593
2016   10   129.5086
2016   11   234.7704
2016   12   143.4410
2017   01   104.3022
2017   02   142.2126
2017   03   236.5665
2017   04   103.2104
2017   05   245.5362
2017   06   235.2018
2017   07   275.7428
2017   08   392.4483
2017   09   61.9860
2017   10   158.6712
2017   11   68.4436
2017   12   139.3509
2018   01   56.2954
2018   02   60.6673
2018   03   233.7355
2018   04   211.7283
2018   05   153.7868
2018   06   183.2989
2018   07   105.6839
2018   08   247.4384
2018   09   209.7227
2018   10   106.1355
2018   11   230.8871
2018   12   49.9488
2019   01   23.6619
2019   02   46.7732
2019   03   110.8284
2019   04   131.7189
2019   05   153.4742
2019   06   280.4635
2019   07   209.0726
2019   08   176.6480
2019   09   34.6428
2019   10   95.5771
2019   11   245.5582
2019   12   124.5783
2020   01   35.3437
2020   02   90.3334
2020   03   100.2029
2020   04   150.0726
2020   05   375.9931
2020   06   315.1312
2020   07   276.5614
2020   08   218.3024
2020   09   75.9761
2020   10   44.8183
2020   11   117.7872
2020   12   85.6784
2021   01   57.7803
2021   02   23.3594
2021   03   78.6498
2021   04   182.6873
2021   05   136.5275
2021   06   212.6187
2021   07   159.0418
2021   08   333.9085
2021   09   76.4857
2021   10   84.8905
2021   11   121.1041
2021   12   46.9198
2022   01   69.7261
2022   02   99.7739
2022   03   182.4057
2022   04   237.2036
2022   05   189.3799
2022   06   153.8472
2022   07   395.5645
2022   08   204.9865
2022   09   160.4289
2022   10   89.7211
2022   11   71.0715
2022   12   149.4476
2023   01   44.2855
2023   02   43.3135
2023   03   314.6944
2023   04   140.3576
2023   05   186.9250
2023   06   264.5138
2023   07   416.5795
2023   08   342.2354
2023   09   146.1674
2023   10   93.4067
2023   11   106.2898
2023   12   59.9959
2024   01   32.9415
2024   02   38.1348
2024   03   408.3392
2024   04   223.3743
2024   05   140.7354
2024   06   225.1120
2024   07   91.8006
2024   08   198.1941
2024   09   258.6895
2024   10   24.4571
2024   11   173.3628
2024   11   173.3628
2024   12   68.1848
2025   01   22.6706
2025   02   50.1073
2025   03   207.6743
2025   04   120.3713
2025   05   375.5086
2025   06   123.9460
