1981 1 0.0
1981 2 0.0
1981 3 0.0
1981 4 0.0
1981 5 0.0
1981 6 0.0
1981 7 0.0
1981 8 0.0
1981 9 0.0
1981 10 0.0
1981 11 0.0
1981 12 0.0
1982 1 0.0
1982 2 0.0
1982 3 0.0
1982 4 0.0
1982 5 0.0
1982 6 0.0
1982 7 0.0
1982 8 0.0
1982 9 0.0
1982 10 0.0
1982 11 0.0
1982 12 0.0
1983 1 0.0
1983 2 0.0
1983 3 0.0
1983 4 0.0
1983 5 0.0
1983 6 0.0
1983 7 0.0
1983 8 0.0
1983 9 0.0
1983 10 0.0
1983 11 0.0
1983 12 0.0
1984 1 0.0
1984 2 0.0
1984 3 0.0
1984 4 0.0
1984 5 0.0
1984 6 0.0
1984 7 0.0
1984 8 0.0
1984 9 0.0
1984 10 0.0
1984 11 0.0
1984 12 0.0
1985 1 0.0
1985 2 0.0
1985 3 0.0
1985 4 0.0
1985 5 0.0
1985 6 0.0
1985 7 0.0
1985 8 0.0
1985 9 0.0
1985 10 0.0
1985 11 0.0
1985 12 0.0
1986 1 0.0
1986 2 0.0
1986 3 0.0
1986 4 0.0
1986 5 0.0
1986 6 0.0
1986 7 0.0
1986 8 0.0
1986 9 0.0
1986 10 0.0
1986 11 0.0
1986 12 0.0
1987 1 0.0
1987 2 0.0
1987 3 0.0
1987 4 0.0
1987 5 0.0
1987 6 0.0
1987 7 0.0
1987 8 0.0
1987 9 0.0
1987 10 0.0
1987 11 0.0
1987 12 0.0
1988 1 8.4
1988 2 0.0
1988 3 12.6
1988 4 50.9
1988 5 39.6
1988 6 186.6
1988 7 212.5
1988 8 223.9
1988 9 21.4
1988 10 21.5
1988 11 28.3
1988 12 25.1
1989 1 5.5
1989 2 1.0
1989 3 90.0
1989 4 154.0
1989 5 63.2
1989 6 289.5
1989 7 161.7
1989 8 125.3
1989 9 36.8
1989 10 32.7
1989 11 4.6
1989 12 82.4
1990 1 2.4
1990 2 23.9
1990 3 89.7
1990 4 55.0
1990 5 101.3
1990 6 95.0
1990 7 160.9
1990 8 263.4
1990 9 138.4
1990 10 53.6
1990 11 32.0
1990 12 2.5
1991 1 12.0
1991 2 5.2
1991 3 14.9
1991 4 149.1
1991 5 344.0
1991 6 123.3
1991 7 215.4
1991 8 86.0
1991 9 81.0
1991 10 53.3
1991 11 36.3
1991 12 67.8
1992 1 0.0
1992 2 0.0
1992 3 0.0
1992 4 0.0
1992 5 0.0
1992 6 0.0
1992 7 0.0
1992 8 0.0
1992 9 0.0
1992 10 0.0
1992 11 0.0
1992 12 0.0
1993 1 0.0
1993 2 0.0
1993 3 0.0
1993 4 0.0
1993 5 0.0
1993 6 0.0
1993 7 0.0
1993 8 0.0
1993 9 0.0
1993 10 0.0
1993 11 0.0
1993 12 0.0
1994 1 0.0
1994 2 0.0
1994 3 0.0
1994 4 0.0
1994 5 0.0
1994 6 0.0
1994 7 0.0
1994 8 0.0
1994 9 0.0
1994 10 0.0
1994 11 0.0
1994 12 0.0
1995 1 0.0
1995 2 0.0
1995 3 0.0
1995 4 0.0
1995 5 0.0
1995 6 0.0
1995 7 0.0
1995 8 0.0
1995 9 0.0
1995 10 0.0
1995 11 0.0
1995 12 0.0
1996 1 4.0
1996 2 13.3
1996 3 32.0
1996 4 64.2
1996 5 79.5
1996 6 162.8
1996 7 46.6
1996 8 207.7
1996 9 17.2
1996 10 7.4
1996 11 25.4
1996 12 22.9
1997 1 10.2
1997 2 38.4
1997 3 0.0
1997 4 240.3
1997 5 217.0
1997 6 327.1
1997 7 0.0
1997 8 55.6
1997 9 96.8
1997 10 130.0
1997 11 91.3
1997 12 7.4
1998 1 5.8
1998 2 26.1
1998 3 0.7
1998 4 26.5
1998 5 84.3
1998 6 70.2
1998 7 17.1
1998 8 87.2
1998 9 50.5
1998 10 0.0
1998 11 2.7
1998 12 0.0
1999 1 12.1
1999 2 8.9
1999 3 14.9
1999 4 21.5
1999 5 104.9
1999 6 394.2
1999 7 110.7
1999 8 251.6
1999 9 130.3
1999 10 13.0
1999 11 10.8
1999 12 28.3
2000 1 0.4
2000 2 95.0
2000 3 8.8
2000 4 42.2
2000 5 70.7
2000 6 512.7
2000 7 63.8
2000 8 154.4
2000 9 244.5
2000 10 40.6
2000 11 24.2
2000 12 42.2
2001 1 72.5
2001 2 5.3
2001 3 84.2
2001 4 39.8
2001 5 369.5
2001 6 193.4
2001 7 393.1
2001 8 149.4
2001 9 26.9
2001 10 48.6
2001 11 57.3
2001 12 0.0
2002 1 2.8
2002 2 63.0
2002 3 137.4
2002 4 74.3
2002 5 243.2
2002 6 104.6
2002 7 144.2
2002 8 316.1
2002 9 111.8
2002 10 140.3
2002 11 94.2
2002 12 13.2
2003 1 12.7
2003 2 0.1
2003 3 1.3
2003 4 15.9
2003 5 47.4
2003 6 289.6
2003 7 80.6
2003 8 52.5
2003 9 93.0
2003 10 51.6
2003 11 75.8
2003 12 13.1
2004 1 0.0
2004 2 18.4
2004 3 45.7
2004 4 133.3
2004 5 23.4
2004 6 207.4
2004 7 143.6
2004 8 64.3
2004 9 65.0
2004 10 88.6
2004 11 23.9
2004 12 13.9
2005 1 3.1
2005 2 0.0
2005 3 28.0
2005 4 19.8
2005 5 351.4
2005 6 372.2
2005 7 148.1
2005 8 178.7
2005 9 41.8
2005 10 18.0
2005 11 32.5
2005 12 48.2
2006 1 28.1
2006 2 9.4
2006 3 20.1
2006 4 151.5
2006 5 118.9
2006 6 304.0
2006 7 358.8
2006 8 215.9
2006 9 45.3
2006 10 76.6
2006 11 8.1
2006 12 66.1
2007 1 23.2
2007 2 34.8
2007 3 7.3
2007 4 106.8
2007 5 38.2
2007 6 112.6
2007 7 149.5
2007 8 143.7
2007 9 62.0
2007 10 15.0
2007 11 6.7
2007 12 17.9
2008 1 0.1
2008 2 0.1
2008 3 7.5
2008 4 68.6
2008 5 226.1
2008 6 144.7
2008 7 227.7
2008 8 189.9
2008 9 67.6
2008 10 0.0
2008 11 18.7
2008 12 8.0
2009 1 3.4
2009 2 3.9
2009 3 1.9
2009 4 16.2
2009 5 202.8
2009 6 285.6
2009 7 99.4
2009 8 222.4
2009 9 83.5
2009 10 117.6
2009 11 62.9
2009 12 2.4
2010 1 14.2
2010 2 79.1
2010 3 32.1
2010 4 11.2
2010 5 58.8
2010 6 222.5
2010 7 236.3
2010 8 160.8
2010 9 18.4
2010 10 24.3
2010 11 40.2
2010 12 34.3
2011 1 41.8
2011 2 5.9
2011 3 63.4
2011 4 99.7
2011 5 35.4
2011 6 196.5
2011 7 153.6
2011 8 247.7
2011 9 55.9
2011 10 0.0
2011 11 32.3
2011 12 0.2
2012 1 10.0
2012 2 111.8
2012 3 1.6
2012 4 2.1
2012 5 201.0
2012 6 225.7
2012 7 31.7
2012 8 106.2
2012 9 28.5
2012 10 50.0
2012 11 48.9
2012 12 92.8
2013 1 1.7
2013 2 13.5
2013 3 7.6
2013 4 35.4
2013 5 185.0
2013 6 94.4
2013 7 64.3
2013 8 117.3
2013 9 75.8
2013 10 41.0
2013 11 18.6
2013 12 0.0
2014 1 22.4
2014 2 9.3
2014 3 69.3
2014 4 75.9
2014 5 120.5
2014 6 374.4
2014 7 287.0
2014 8 92.7
2014 9 224.8
2014 10 12.5
2014 11 1.4
2014 12 7.2
2015 1 0.0
2015 2 0.0
2015 3 0.0
2015 4 20.4
2015 5 70.1
2015 6 160.6
2015 7 255.7
2015 8 206.2
2015 9 90.0
2015 10 74.3
2015 11 12.6
2015 12 3.7
2016 1 0.6
2016 2 0.0
2016 3 19.4
2016 4 89.4
2016 5 58.0
2016 6 5.2
2016 7 338.6
2016 8 73.0
2016 9 34.4
2016 10 72.8
2016 11 14.8
2016 12 55.3
2017 1 1.7
2017 2 15.9
2017 3 16.9
2017 4 45.0
2017 5 87.7
2017 6 188.5
2017 7 75.9
2017 8 319.2
2017 9 106.1
2017 10 108.3
2017 11 32.6
2017 12 4.2
2018 1 11.3
2018 2 18.3
2018 3 62.5
2018 4 130.9
2018 5 179.0
2018 6 116.5
2018 7 70.2
2018 8 91.2
2018 9 177.6
2018 10 66.7
2018 11 102.5
2018 12 22.3
2019 1 26.0
2019 2 0.2
2019 3 5.4
2019 4 8.8
2019 5 163.4
2019 6 311.0
2019 7 105.9
2019 8 58.6
2019 9 33.3
2019 10 36.0
2019 11 9.8
2019 12 0.3
2020 1 6.0
2020 2 7.6
2020 3 51.2
2020 4 49.1
2020 5 58.9
2020 6 284.5
2020 7 182.2
2020 8 66.3
2020 9 21.5
2020 10 26.2
2020 11 0.0
2020 12 1.2
2021 1 11.1
2021 2 0.2
2021 3 1.4
2021 4 10.6
2021 5 11.0
2021 6 14.9
2021 7 14.2
2021 8 75.2
2021 9 26.7
2021 10 0.2
2021 11 4.6
2021 12 0.0
2022 1 8.4
2022 2 0.0
2022 3 6.6
2022 4 113.8
2022 5 72.0
2022 6 217.6
2022 7 201.4
2022 8 16.4
2022 9 12.8
2022 10 21.1
2022 11 11.4
2022 12 7.0
2023 1 1.4
2023 2 0.0
2023 3 2.6
2023 4 74.0
2023 5 84.4
2023 6 143.7
2023 7 183.0
2023 8 100.3
2023 9 91.6
2023 10 52.4
2023 11 37.9
2023 12 2.2
2024 1 0.0
2024 2 0.0
2024 3 8.6
2024 4 34.8
2024 5 10.8
2024 6 147.2
2024 7 17.8
2024 8 65.0
2024 9 62.6
2024 10 12.1
2024 11 6.4
2024 12 1.2
2025 1 0.4
2025 2 0.0
2025 3 21.0
2025 4 16.1
2025 5 48.2
2025 6 101.4
