1991   01   48.3630
1991   02   38.4245
1991   03   154.5652
1991   04   224.3425
1991   05   402.5214
1991   06   169.5160
1991   07   405.8508
1991   08   252.7408
1991   09   229.5964
1991   10   136.6507
1991   11   125.5356
1991   12   292.8616
1992   01   43.2909
1992   02   33.4642
1992   03   246.0874
1992   04   246.1990
1992   05   335.4482
1992   06   393.1522
1992   07   85.5114
1992   08   163.9994
1992   09   251.4214
1992   10   252.9308
1992   11   128.2766
1992   12   170.1754
1993   01   62.0920
1993   02   37.4030
1993   03   449.6492
1993   04   364.3048
1993   05   547.7186
1993   06   521.1688
1993   07   434.0123
1993   08   226.3608
1993   09   123.7726
1993   10   147.9703
1993   11   244.9407
1993   12   149.6623
1994   01   56.8403
1994   02   27.4788
1994   03   87.5475
1994   04   221.6600
1994   05   436.2718
1994   06   370.9243
1994   07   460.9116
1994   08   195.4833
1994   09   295.4719
1994   10   182.4575
1994   11   196.3257
1994   12   180.0670
1995   01   80.2800
1995   02   32.6676
1995   03   66.0553
1995   04   264.3639
1995   05   178.1478
1995   06   466.0085
1995   07   420.0627
1995   08   345.5772
1995   09   137.4177
1995   10   104.2946
1995   11   105.7807
1995   12   64.8397
1996   01   57.1864
1996   02   63.7586
1996   03   163.1011
1996   04   184.8597
1996   05   306.5948
1996   06   195.7182
1996   07   112.8559
1996   08   308.0578
1996   09   108.3929
1996   10   105.5666
1996   11   141.3801
1996   12   117.1773
1997   01   113.2510
1997   02   52.5979
1997   03   63.8999
1997   04   470.2323
1997   05   251.1310
1997   06   398.2429
1997   07   545.4372
1997   08   269.5326
1997   09   202.5466
1997   10   140.1166
1997   11   397.1016
1997   12   111.3672
1998   01   39.4625
1998   02   41.4016
1998   03   129.7105
1998   04   211.5425
1998   05   218.8515
1998   06   106.2905
1998   07   178.3242
1998   08   277.9605
1998   09   182.3784
1998   10   44.9519
1998   11   108.5726
1998   12   78.8243
1999   01   53.7126
1999   02   39.4050
1999   03   139.6646
1999   04   107.6961
1999   05   226.1542
1999   06   387.2744
1999   07   225.5173
1999   08   384.0222
1999   09   284.7672
1999   10   111.7923
1999   11   163.1045
1999   12   92.2742
2000   01   46.2195
2000   02   145.3369
2000   03   126.2584
2000   04   174.8235
2000   05   139.4712
2000   06   605.4974
2000   07   548.8742
2000   08   187.6357
2000   09   292.9172
2000   10   190.4392
2000   11   203.9212
2000   12   134.6448
2001   01   167.0805
2001   02   36.6947
2001   03   156.9194
2001   04   89.0515
2001   05   572.5361
2001   06   396.8062
2001   07   603.3957
2001   08   182.6007
2001   09   119.6537
2001   10   67.3640
2001   11   152.7302
2001   12   50.6667
2002   01   54.9985
2002   02   74.3101
2002   03   259.5483
2002   04   191.0023
2002   05   437.5765
2002   06   239.6912
2002   07   197.7581
2002   08   355.8731
2002   09   314.1667
2002   10   356.8297
2002   11   368.4896
2002   12   160.1786
2003   01   46.8740
2003   02   35.2972
2003   03   135.2092
2003   04   110.7186
2003   05   127.4767
2003   06   529.3558
2003   07   231.2484
2003   08   209.6061
2003   09   336.4575
2003   10   115.5431
2003   11   252.4816
2003   12   140.5925
2004   01   34.2534
2004   02   49.1813
2004   03   134.4463
2004   04   396.6210
2004   05   104.7668
2004   06   541.7792
2004   07   333.5301
2004   08   327.4636
2004   09   276.7742
2004   10   126.3735
2004   11   231.3391
2004   12   139.7287
2005   01   53.3204
2005   02   36.7354
2005   03   210.3284
2005   04   143.7172
2005   05   705.7113
2005   06   365.5329
2005   07   240.9406
2005   08   368.3522
2005   09   109.6465
2005   10   91.5047
2005   11   329.0596
2005   12   123.3216
2006   01   179.8126
2006   02   41.0145
2006   03   142.7732
2006   04   226.6371
2006   05   193.0714
2006   06   378.1104
2006   07   571.2900
2006   08   249.3006
2006   09   257.5418
2006   10   139.8576
2006   11   89.9409
2006   12   216.9769
2007   01   55.9140
2007   02   66.2739
2007   03   86.6412
2007   04   216.0473
2007   05   92.7446
2007   06   275.7892
2007   07   271.5383
2007   08   228.1624
2007   09   288.1844
2007   10   156.1910
2007   11   115.3945
2007   12   88.5368
2008   01   66.6926
2008   02   33.4103
2008   03   74.2118
2008   04   94.1923
2008   05   482.9441
2008   06   125.4451
2008   07   490.6276
2008   08   518.9004
2008   09   84.6949
2008   10   71.7838
2008   11   158.5831
2008   12   80.4395
2009   01   38.4225
2009   02   51.2521
2009   03   73.0368
2009   04   184.5173
2009   05   508.2542
2009   06   236.3728
2009   07   113.7112
2009   08   556.0867
2009   09   154.8409
2009   10   306.0046
2009   11   208.3022
2009   12   118.0569
2010   01   77.0504
2010   02   101.9606
2010   03   135.0107
2010   04   75.0177
2010   05   152.6109
2010   06   251.5228
2010   07   230.1463
2010   08   390.1401
2010   09   126.3837
2010   10   67.4204
2010   11   129.0585
2010   12   153.9528
2011   01   125.6921
2011   02   32.0949
2011   03   153.9021
2011   04   251.3619
2011   05   187.6399
2011   06   314.1312
2011   07   351.8143
2011   08   348.4626
2011   09   346.9388
2011   10   80.7806
2011   11   101.5191
2011   12   65.4369
2012   01   95.0508
2012   02   135.6749
2012   03   117.2187
2012   04   72.9362
2012   05   344.4369
2012   06   357.1816
2012   07   178.5235
2012   08   273.9225
2012   09   171.7400
2012   10   79.4848
2012   11   110.7630
2012   12   339.5895
2013   01   43.2624
2013   02   64.6974
2013   03   86.5831
2013   04   166.6649
2013   05   349.4681
2013   06   144.6280
2013   07   179.1207
2013   08   326.9275
2013   09   285.0206
2013   10   69.8581
2013   11   98.0201
2013   12   58.3494
2014   01   75.0888
2014   02   35.5022
2014   03   125.0813
2014   04   171.9136
2014   05   220.9742
2014   06   328.4859
2014   07   376.8652
2014   08   226.2390
2014   09   237.5119
2014   10   162.2183
2014   11   132.0089
2014   12   54.5967
2015   01   22.0238
2015   02   32.3963
2015   03   54.7537
2015   04   169.4241
2015   05   312.9197
2015   06   271.0168
2015   07   518.9974
2015   08   357.9480
2015   09   119.1350
2015   10   55.7741
2015   11   75.9014
2015   12   100.4561
2016   01   48.3368
2016   02   35.9115
2016   03   70.2470
2016   04   196.3132
2016   05   166.4315
2016   06   35.1499
2016   07   273.7712
2016   08   326.4889
2016   09   126.6125
2016   10   145.5327
2016   11   165.3936
2016   12   116.7748
2017   01   68.3422
2017   02   77.1296
2017   03   149.3123
2017   04   139.3404
2017   05   188.8408
2017   06   274.6087
2017   07   153.6364
2017   08   382.4825
2017   09   169.7315
2017   10   233.9585
2017   11   90.8078
2017   12   124.3475
2018   01   74.9159
2018   02   56.5754
2018   03   354.4479
2018   04   248.1317
2018   05   163.7621
2018   06   213.7320
2018   07   141.1059
2018   08   258.3190
2018   09   322.4278
2018   10   137.0933
2018   11   193.7449
2018   12   76.7469
2019   01   30.2155
2019   02   22.9950
2019   03   75.7450
2019   04   69.3048
2019   05   253.5192
2019   06   242.4138
2019   07   430.7859
2019   08   169.0864
2019   09   68.9131
2019   10   108.6074
2019   11   202.7296
2019   12   73.9479
2020   01   48.2536
2020   02   33.9743
2020   03   64.6402
2020   04   126.6727
2020   05   258.5799
2020   06   282.9429
2020   07   502.0367
2020   08   158.3509
2020   09   106.1675
2020   10   49.8838
2020   11   132.6026
2020   12   87.3416
2021   01   46.0446
2021   02   13.7406
2021   03   75.2125
2021   04   143.7987
2021   05   178.0068
2021   06   199.5958
2021   07   94.4675
2021   08   281.8097
2021   09   117.0132
2021   10   53.6061
2021   11   121.2367
2021   12   59.7569
2022   01   111.2883
2022   02   66.9897
2022   03   188.0748
2022   04   272.3698
2022   05   139.9873
2022   06   267.0111
2022   07   383.4810
2022   08   205.8486
2022   09   174.4481
2022   10   118.6064
2022   11   107.4055
2022   12   72.1043
2023   01   29.9171
2023   02   27.0753
2023   03   174.2873
2023   04   127.8615
2023   05   189.1614
2023   06   303.4061
2023   07   398.3398
2023   08   305.5719
2023   09   291.0602
2023   10   104.1249
2023   11   156.8526
2023   12   40.2081
2024   01   16.5806
2024   02   23.4149
2024   03   262.8443
2024   04   262.8948
2024   05   237.5728
2024   06   303.7716
2024   07   112.0432
2024   08   114.7621
2024   09   308.3596
2024   10   30.0198
2024   11   197.1741
2024   11   197.1741
2024   12   39.6885
2025   01   29.0644
2025   02   21.3098
2025   03   102.4310
2025   04   141.5171
2025   05   200.1191
2025   06   101.5856
