1991   01   84.8803
1991   02   73.2542
1991   03   140.1280
1991   04   224.2619
1991   05   421.6653
1991   06   248.0399
1991   07   411.1609
1991   08   274.2914
1991   09   243.1185
1991   10   222.2753
1991   11   137.5331
1991   12   307.2244
1992   01   62.8808
1992   02   73.4525
1992   03   269.2108
1992   04   250.8807
1992   05   333.4580
1992   06   428.8752
1992   07   160.7784
1992   08   165.7477
1992   09   264.0127
1992   10   323.3423
1992   11   115.3401
1992   12   190.5645
1993   01   139.8556
1993   02   91.0630
1993   03   376.6958
1993   04   376.8577
1993   05   542.6042
1993   06   641.9567
1993   07   494.7051
1993   08   172.6736
1993   09   101.5754
1993   10   164.6330
1993   11   175.9116
1993   12   149.8706
1994   01   84.9743
1994   02   53.8952
1994   03   166.9548
1994   04   324.7749
1994   05   660.8337
1994   06   537.3931
1994   07   371.5762
1994   08   227.3755
1994   09   268.6746
1994   10   232.9024
1994   11   243.1726
1994   12   212.8947
1995   01   158.3696
1995   02   73.0289
1995   03   78.4191
1995   04   247.9776
1995   05   214.7114
1995   06   605.9610
1995   07   374.8189
1995   08   329.4132
1995   09   199.2748
1995   10   108.4139
1995   11   103.1448
1995   12   74.0565
1996   01   89.1342
1996   02   94.3121
1996   03   292.3713
1996   04   244.6800
1996   05   400.4744
1996   06   196.4279
1996   07   174.2395
1996   08   284.3642
1996   09   84.5585
1996   10   152.3692
1996   11   184.2155
1996   12   133.6142
1997   01   183.0795
1997   02   105.4557
1997   03   77.9705
1997   04   424.6908
1997   05   324.4167
1997   06   443.5963
1997   07   566.6821
1997   08   213.8250
1997   09   230.6013
1997   10   150.2130
1997   11   324.7990
1997   12   116.2011
1998   01   61.0418
1998   02   70.4992
1998   03   119.2680
1998   04   160.9804
1998   05   352.5266
1998   06   160.9141
1998   07   239.7589
1998   08   200.4373
1998   09   164.7038
1998   10   57.4410
1998   11   94.2729
1998   12   143.0223
1999   01   85.9716
1999   02   72.0081
1999   03   246.0180
1999   04   126.5293
1999   05   232.1671
1999   06   511.8676
1999   07   265.1546
1999   08   315.3662
1999   09   274.9757
1999   10   107.8314
1999   11   169.4121
1999   12   95.5089
2000   01   93.6538
2000   02   198.3623
2000   03   182.5068
2000   04   191.3803
2000   05   176.2429
2000   06   798.8251
2000   07   556.1926
2000   08   178.0814
2000   09   277.1541
2000   10   233.0508
2000   11   205.4519
2000   12   151.4198
2001   01   319.9952
2001   02   80.1245
2001   03   192.7110
2001   04   97.9614
2001   05   710.6304
2001   06   526.4838
2001   07   648.8203
2001   08   190.5905
2001   09   109.9416
2001   10   102.3388
2001   11   151.7238
2001   12   51.1439
2002   01   90.1445
2002   02   210.0195
2002   03   316.0192
2002   04   193.0880
2002   05   543.1749
2002   06   300.8820
2002   07   254.0571
2002   08   374.8441
2002   09   326.9849
2002   10   479.4991
2002   11   357.9298
2002   12   196.9360
2003   01   77.1906
2003   02   63.9741
2003   03   172.4709
2003   04   123.1825
2003   05   140.3030
2003   06   637.4570
2003   07   223.6832
2003   08   216.4554
2003   09   267.9131
2003   10   151.0936
2003   11   244.8022
2003   12   183.4524
2004   01   65.2082
2004   02   114.2100
2004   03   167.0919
2004   04   467.6398
2004   05   127.9319
2004   06   776.2161
2004   07   353.9197
2004   08   286.0111
2004   09   232.9717
2004   10   159.9491
2004   11   261.7526
2004   12   169.7162
2005   01   84.2352
2005   02   99.1054
2005   03   284.9677
2005   04   140.6036
2005   05   911.9230
2005   06   508.3778
2005   07   300.3221
2005   08   370.9872
2005   09   108.2077
2005   10   129.6307
2005   11   349.3259
2005   12   148.8214
2006   01   269.1609
2006   02   83.6342
2006   03   179.6339
2006   04   273.3804
2006   05   294.4176
2006   06   487.5584
2006   07   552.7250
2006   08   240.5536
2006   09   211.8784
2006   10   181.3079
2006   11   90.1486
2006   12   298.4142
2007   01   71.1127
2007   02   132.7608
2007   03   98.4432
2007   04   225.4653
2007   05   86.0777
2007   06   356.1470
2007   07   276.8879
2007   08   188.0502
2007   09   227.6327
2007   10   198.2573
2007   11   123.2008
2007   12   86.9185
2008   01   108.1143
2008   02   64.9753
2008   03   95.9071
2008   04   116.3529
2008   05   627.5679
2008   06   225.9553
2008   07   532.1925
2008   08   454.3845
2008   09   75.4638
2008   10   90.5370
2008   11   189.5599
2008   12   81.9285
2009   01   47.9641
2009   02   104.8945
2009   03   106.7399
2009   04   210.2494
2009   05   623.5779
2009   06   271.4488
2009   07   128.5217
2009   08   578.5199
2009   09   135.3043
2009   10   338.2160
2009   11   236.7581
2009   12   189.4615
2010   01   102.4162
2010   02   174.8499
2010   03   221.4051
2010   04   89.1822
2010   05   203.9454
2010   06   389.9371
2010   07   288.6744
2010   08   456.4623
2010   09   125.6909
2010   10   88.0192
2010   11   124.5142
2010   12   180.2616
2011   01   155.5799
2011   02   57.1353
2011   03   204.4273
2011   04   265.5632
2011   05   265.1888
2011   06   248.6879
2011   07   490.8368
2011   08   334.0539
2011   09   356.0736
2011   10   93.5130
2011   11   100.3419
2011   12   63.5126
2012   01   169.1690
2012   02   336.5351
2012   03   133.4361
2012   04   92.2098
2012   05   414.3595
2012   06   573.4705
2012   07   235.1940
2012   08   310.8613
2012   09   163.2305
2012   10   101.2039
2012   11   108.3004
2012   12   421.9821
2013   01   56.3581
2013   02   152.7242
2013   03   148.2033
2013   04   196.1241
2013   05   421.7790
2013   06   253.6985
2013   07   236.8933
2013   08   350.0154
2013   09   275.3512
2013   10   65.1744
2013   11   88.0222
2013   12   63.1440
2014   01   162.6565
2014   02   71.9331
2014   03   117.0559
2014   04   196.8363
2014   05   302.5777
2014   06   512.1691
2014   07   447.3833
2014   08   215.7106
2014   09   233.8404
2014   10   177.6060
2014   11   133.9524
2014   12   54.4340
2015   01   33.7844
2015   02   88.5041
2015   03   67.1241
2015   04   230.3426
2015   05   433.8799
2015   06   395.5521
2015   07   523.7243
2015   08   380.2860
2015   09   108.5524
2015   10   70.9443
2015   11   68.3041
2015   12   128.2578
2016   01   65.8949
2016   02   69.0802
2016   03   91.5115
2016   04   229.3053
2016   05   140.1616
2016   06   45.9304
2016   07   272.0724
2016   08   283.8251
2016   09   145.4581
2016   10   198.1048
2016   11   172.8761
2016   12   132.1221
2017   01   111.6323
2017   02   157.9959
2017   03   219.1081
2017   04   182.5213
2017   05   223.2016
2017   06   387.3755
2017   07   209.0814
2017   08   414.7379
2017   09   168.9387
2017   10   290.2642
2017   11   96.0683
2017   12   172.9756
2018   01   102.9775
2018   02   107.0125
2018   03   406.3794
2018   04   241.2495
2018   05   214.4215
2018   06   303.6288
2018   07   158.8667
2018   08   273.8116
2018   09   358.4414
2018   10   186.2716
2018   11   214.4509
2018   12   76.6416
2019   01   50.3949
2019   02   41.1979
2019   03   81.1147
2019   04   92.9393
2019   05   277.6689
2019   06   358.2070
2019   07   388.7549
2019   08   162.6447
2019   09   74.4064
2019   10   127.5760
2019   11   235.7693
2019   12   78.1702
2020   01   85.4062
2020   02   70.3137
2020   03   92.6074
2020   04   133.3130
2020   05   317.6418
2020   06   475.1690
2020   07   435.8144
2020   08   184.9503
2020   09   139.7504
2020   10   73.3202
2020   11   173.8317
2020   12   108.3999
2021   01   89.5275
2021   02   26.2536
2021   03   82.5478
2021   04   128.4015
2021   05   207.2078
2021   06   307.0629
2021   07   147.2940
2021   08   288.5151
2021   09   114.2510
2021   10   81.2927
2021   11   161.9553
2021   12   63.4490
2022   01   168.4920
2022   02   132.5812
2022   03   218.7562
2022   04   355.3662
2022   05   165.4001
2022   06   366.1168
2022   07   483.9805
2022   08   206.0790
2022   09   179.9133
2022   10   150.6892
2022   11   130.7858
2022   12   87.0081
2023   01   42.7925
2023   02   69.5239
2023   03   187.2450
2023   04   133.3120
2023   05   213.0302
2023   06   442.7656
2023   07   388.1189
2023   08   331.0453
2023   09   209.5640
2023   10   124.3144
2023   11   153.0034
2023   12   41.2286
2024   01   26.8027
2024   02   41.2815
2024   03   315.1220
2024   04   279.3733
2024   05   252.5226
2024   06   407.7741
2024   07   131.8135
2024   08   111.6756
2024   09   358.9990
2024   10   37.2645
2024   11   513.0880
2024   11   513.0880
2024   12   50.9054
2025   01   51.6735
2025   02   52.6434
2025   03   178.4845
2025   04   166.7777
2025   05   348.9436
2025   06   191.2230
