1991   01   2.1907
1991   02   3.7666
1991   03   1.7206
1991   04   11.1180
1991   05   102.0159
1991   06   139.8867
1991   07   109.6249
1991   08   47.3671
1991   09   22.4557
1991   10   10.8879
1991   11   2.7583
1991   12   3.3781
1992   01   2.1907
1992   02   3.9686
1992   03   6.6109
1992   04   38.0488
1992   05   202.3145
1992   06   116.8614
1992   07   16.7246
1992   08   75.4991
1992   09   15.2763
1992   10   5.0712
1992   11   6.2640
1992   12   2.6639
1993   01   2.3290
1993   02   7.4180
1993   03   1.9441
1993   04   24.3342
1993   05   89.4648
1993   06   55.3948
1993   07   45.4536
1993   08   40.5415
1993   09   7.2594
1993   10   7.7991
1993   11   3.7273
1993   12   2.8270
1994   01   2.5119
1994   02   5.8408
1994   03   2.1980
1994   04   15.5305
1994   05   71.3908
1994   06   93.2959
1994   07   52.0642
1994   08   26.4808
1994   09   20.2623
1994   10   7.7964
1994   11   3.6078
1994   12   4.2914
1995   01   2.6813
1995   02   7.5016
1995   03   2.2225
1995   04   14.3846
1995   05   33.7515
1995   06   53.4389
1995   07   54.3069
1995   08   39.6509
1995   09   25.4409
1995   10   9.6440
1995   11   4.0624
1995   12   2.9175
1996   01   2.5228
1996   02   5.7141
1996   03   2.2812
1996   04   24.7057
1996   05   37.4072
1996   06   70.6787
1996   07   62.8428
1996   08   29.1951
1996   09   11.7339
1996   10   7.2361
1996   11   3.0043
1996   12   3.1599
1997   01   2.5250
1997   02   5.6716
1997   03   2.7759
1997   04   8.7558
1997   05   130.2611
1997   06   353.0605
1997   07   92.4151
1997   08   112.1451
1997   09   17.0568
1997   10   13.3821
1997   11   4.5578
1997   12   3.3849
1998   01   2.5944
1998   02   5.7728
1998   03   3.0097
1998   04   24.7432
1998   05   69.8474
1998   06   72.5623
1998   07   22.2160
1998   08   19.2644
1998   09   21.1161
1998   10   7.3690
1998   11   3.7227
1998   12   2.9511
1999   01   2.6664
1999   02   8.4765
1999   03   2.5285
1999   04   14.1790
1999   05   22.7874
1999   06   19.7456
1999   07   31.9728
1999   08   120.3316
1999   09   42.8821
1999   10   18.5801
1999   11   3.5867
1999   12   2.8468
2000   01   2.3820
2000   02   5.0324
2000   03   1.6531
2000   04   25.1166
2000   05   45.0725
2000   06   295.3607
2000   07   29.7097
2000   08   20.4057
2000   09   60.7399
2000   10   8.1021
2000   11   3.9378
2000   12   2.4617
2001   01   2.5088
2001   02   4.9310
2001   03   1.7917
2001   04   14.8318
2001   05   71.7470
2001   06   69.1896
2001   07   201.5128
2001   08   87.9125
2001   09   22.5728
2001   10   5.6849
2001   11   4.8713
2001   12   2.3074
2002   01   2.3838
2002   02   4.6048
2002   03   2.4690
2002   04   17.9133
2002   05   252.0353
2002   06   162.4609
2002   07   63.3561
2002   08   119.6131
2002   09   29.2149
2002   10   8.7147
2002   11   2.9367
2002   12   2.6549
2003   01   2.1907
2003   02   4.5309
2003   03   1.6744
2003   04   6.6953
2003   05   113.3043
2003   06   101.3813
2003   07   36.7158
2003   08   36.4546
2003   09   21.2392
2003   10   4.9703
2003   11   9.7872
2003   12   2.2556
2004   01   2.3838
2004   02   4.3271
2004   03   2.3085
2004   04   18.6195
2004   05   39.0897
2004   06   113.2145
2004   07   99.1880
2004   08   50.6395
2004   09   13.9966
2004   10   5.1190
2004   11   17.8334
2004   12   2.1238
2005   01   2.3240
2005   02   5.2265
2005   03   5.6534
2005   04   5.1404
2005   05   126.2120
2005   06   177.8391
2005   07   56.7120
2005   08   149.5039
2005   09   15.6895
2005   10   9.5124
2005   11   6.6455
2005   12   2.3432
2006   01   2.5088
2006   02   4.7942
2006   03   1.6338
2006   04   7.9300
2006   05   51.6923
2006   06   129.8618
2006   07   123.2226
2006   08   73.6906
2006   09   15.3169
2006   10   19.3211
2006   11   2.6946
2006   12   2.3552
2007   01   2.5143
2007   02   5.0829
2007   03   4.7388
2007   04   11.0263
2007   05   48.2465
2007   06   65.8835
2007   07   42.0737
2007   08   49.3221
2007   09   8.7666
2007   10   6.2480
2007   11   2.7468
2007   12   2.5446
2008   01   2.3838
2008   02   4.5741
2008   03   1.5330
2008   04   10.0600
2008   05   174.1552
2008   06   74.2612
2008   07   40.5998
2008   08   120.8793
2008   09   14.3181
2008   10   6.0547
2008   11   2.5166
2008   12   2.3675
2009   01   2.3834
2009   02   4.5059
2009   03   1.6769
2009   04   3.7415
2009   05   40.4600
2009   06   111.6787
2009   07   38.0467
2009   08   82.8521
2009   09   22.8300
2009   10   10.7406
2009   11   2.7498
2009   12   2.3675
2010   01   2.3532
2010   02   4.4567
2010   03   1.6231
2010   04   4.5139
2010   05   39.1199
2010   06   29.0263
2010   07   20.1345
2010   08   22.8840
2010   09   10.2107
2010   10   8.4717
2010   11   4.0426
2010   12   2.3675
2011   01   2.4060
2011   02   5.0292
2011   03   1.6327
2011   04   7.1169
2011   05   10.9958
2011   06   74.3779
2011   07   27.1572
2011   08   94.8987
2011   09   7.1191
2011   10   5.2829
2011   11   2.8594
2011   12   2.3675
2012   01   2.3838
2012   02   4.6276
2012   03   1.6161
2012   04   11.2114
2012   05   117.7054
2012   06   105.1470
2012   07   12.4957
2012   08   70.2583
2012   09   12.7433
2012   10   20.6117
2012   11   3.4669
2012   12   2.6728
2013   01   2.6038
2013   02   5.6934
2013   03   4.3686
2013   04   4.5303
2013   05   157.2713
2013   06   49.1747
2013   07   25.5224
2013   08   48.3758
2013   09   21.3884
2013   10   8.6880
2013   11   2.5686
2013   12   2.5880
2014   01   2.4937
2014   02   6.4759
2014   03   2.2228
2014   04   6.2154
2014   05   21.9358
2014   06   100.7204
2014   07   51.4588
2014   08   44.8894
2014   09   33.2477
2014   10   6.9274
2014   11   5.3492
2014   12   2.6159
2015   01   2.4638
2015   02   5.0968
2015   03   6.1979
2015   04   5.6074
2015   05   28.4733
2015   06   18.9689
2015   07   63.7726
2015   08   159.7493
2015   09   21.5623
2015   10   23.0551
2015   11   5.2013
2015   12   2.7033
2016   01   2.2318
2016   02   5.0962
2016   03   2.0285
2016   04   77.2794
2016   05   82.9219
2016   06   54.8536
2016   07   79.6924
2016   08   21.2656
2016   09   5.2849
2016   10   13.1202
2016   11   3.5210
2016   12   4.7386
2017   01   2.4638
2017   02   4.9526
2017   03   1.9470
2017   04   10.1328
2017   05   104.7082
2017   06   95.3271
2017   07   29.3629
2017   08   69.6408
2017   09   13.9746
2017   10   20.8255
2017   11   4.7432
2017   12   2.6099
2018   01   2.4528
2018   02   5.0960
2018   03   2.1642
2018   04   10.1828
2018   05   63.0272
2018   06   51.8846
2018   07   23.1072
2018   08   25.0386
2018   09   16.6877
2018   10   10.1640
2018   11   2.5455
2018   12   2.4850
2019   01   2.4638
2019   02   5.1039
2019   03   4.2209
2019   04   11.3342
2019   05   44.9528
2019   06   24.8791
2019   07   24.9834
2019   08   18.1579
2019   09   14.8007
2019   10   10.1152
2019   11   1.8954
2019   12   2.1381
2020   01   2.4462
2020   02   4.8556
2020   03   1.9019
2020   04   7.5687
2020   05   12.6391
2020   06   167.4744
2020   07   44.2233
2020   08   15.6437
2020   09   6.6306
2020   10   4.7175
2020   11   3.0393
2020   12   2.5672
2021   01   6.8703
2021   02   4.9073
2021   03   2.6491
2021   04   5.3619
2021   05   33.3055
2021   06   23.6510
2021   07   3.5313
2021   08   23.5038
2021   09   10.6710
2021   10   8.8215
2021   11   2.2861
2021   12   2.3670
2022   01   2.8136
2022   02   8.9215
2022   03   1.7827
2022   04   20.6995
2022   05   13.6127
2022   06   54.6544
2022   07   65.4202
2022   08   21.7665
2022   09   6.6319
2022   10   4.2367
2022   11   2.8783
2022   12   2.4374
2023   01   2.5985
2023   02   4.7082
2023   03   1.7931
2023   04   6.0760
2023   05   27.4975
2023   06   66.3022
2023   07   30.8123
2023   08   108.7221
2023   09   28.0729
2023   10   8.0824
2023   11   6.3796
2023   12   2.2767
2024   01   2.4536
2024   02   5.6715
2024   03   1.9199
2024   04   6.0581
2024   05   120.0892
2024   06   238.6672
2024   07   27.6390
2024   08   129.7066
2024   09   12.3722
2024   10   9.6189
2024   11   1.8128
2024   11   1.8128
2024   12   2.2352
2025   01   2.2110
2025   02   4.3048
2025   03   4.0592
2025   04   4.2612
2025   05   63.5998
2025   06   57.8901
