1991   01   36.9279
1991   02   33.8567
1991   03   107.2229
1991   04   162.6866
1991   05   440.4102
1991   06   188.8593
1991   07   299.4956
1991   08   211.7000
1991   09   168.7980
1991   10   115.8585
1991   11   105.3877
1991   12   199.1109
1992   01   38.0293
1992   02   27.4244
1992   03   150.7876
1992   04   213.5292
1992   05   306.4813
1992   06   310.7846
1992   07   95.3468
1992   08   168.9042
1992   09   164.9535
1992   10   241.8810
1992   11   94.6476
1992   12   148.7198
1993   01   56.8880
1993   02   30.2247
1993   03   146.1306
1993   04   239.3861
1993   05   504.3116
1993   06   391.4256
1993   07   445.7705
1993   08   189.3522
1993   09   89.4226
1993   10   116.7888
1993   11   122.8183
1993   12   95.7641
1994   01   45.6860
1994   02   22.8371
1994   03   64.1140
1994   04   143.8229
1994   05   254.4841
1994   06   401.8684
1994   07   338.7223
1994   08   123.0384
1994   09   151.1083
1994   10   104.7654
1994   11   124.7753
1994   12   130.8077
1995   01   98.2953
1995   02   20.7683
1995   03   46.2698
1995   04   182.7724
1995   05   160.6691
1995   06   412.7394
1995   07   350.7591
1995   08   333.0769
1995   09   90.2652
1995   10   104.8069
1995   11   54.5810
1995   12   28.3564
1996   01   49.1976
1996   02   66.0164
1996   03   96.8526
1996   04   102.3869
1996   05   355.5496
1996   06   147.9328
1996   07   105.0970
1996   08   261.7640
1996   09   57.2672
1996   10   93.2359
1996   11   89.4163
1996   12   54.4112
1997   01   102.0965
1997   02   46.0889
1997   03   27.9939
1997   04   286.2933
1997   05   264.7341
1997   06   446.2914
1997   07   415.3666
1997   08   229.2161
1997   09   175.0115
1997   10   158.0517
1997   11   166.1887
1997   12   61.7830
1998   01   30.2990
1998   02   39.2825
1998   03   70.4010
1998   04   122.1104
1998   05   244.8756
1998   06   162.2509
1998   07   157.8480
1998   08   289.1132
1998   09   80.4243
1998   10   35.3010
1998   11   67.1883
1998   12   52.1000
1999   01   45.6636
1999   02   42.0362
1999   03   95.6448
1999   04   67.4652
1999   05   175.7798
1999   06   376.1738
1999   07   153.6926
1999   08   315.1980
1999   09   253.0894
1999   10   62.7036
1999   11   80.1653
1999   12   49.4277
2000   01   36.4307
2000   02   143.3815
2000   03   72.5078
2000   04   109.7786
2000   05   154.2210
2000   06   625.1209
2000   07   228.3995
2000   08   181.3049
2000   09   224.5164
2000   10   107.9331
2000   11   80.0719
2000   12   83.8738
2001   01   110.9971
2001   02   28.9530
2001   03   73.2784
2001   04   76.8850
2001   05   455.7823
2001   06   326.8101
2001   07   511.6465
2001   08   156.9361
2001   09   87.9395
2001   10   49.9389
2001   11   100.8561
2001   12   25.6575
2002   01   38.8162
2002   02   39.2125
2002   03   148.9109
2002   04   121.1548
2002   05   346.5522
2002   06   196.0540
2002   07   199.3739
2002   08   240.5803
2002   09   213.5822
2002   10   316.5990
2002   11   171.7790
2002   12   99.9218
2003   01   38.6485
2003   02   26.5954
2003   03   66.6460
2003   04   83.4798
2003   05   96.9793
2003   06   452.6603
2003   07   215.2923
2003   08   152.3757
2003   09   236.6121
2003   10   122.1874
2003   11   135.7615
2003   12   69.0601
2004   01   24.3579
2004   02   30.1085
2004   03   73.4568
2004   04   218.5160
2004   05   126.8345
2004   06   393.0315
2004   07   303.3875
2004   08   271.2437
2004   09   182.5577
2004   10   165.7232
2004   11   113.3675
2004   12   91.8682
2005   01   49.1268
2005   02   25.4867
2005   03   89.2178
2005   04   79.1484
2005   05   631.5773
2005   06   425.3443
2005   07   221.8688
2005   08   320.2112
2005   09   84.5058
2005   10   85.9041
2005   11   174.3563
2005   12   72.1786
2006   01   122.7314
2006   02   33.1014
2006   03   90.9843
2006   04   159.7594
2006   05   156.4510
2006   06   401.2029
2006   07   430.2988
2006   08   255.3237
2006   09   199.4001
2006   10   114.7963
2006   11   51.2121
2006   12   111.2531
2007   01   37.4851
2007   02   55.8558
2007   03   55.1244
2007   04   154.3994
2007   05   104.7053
2007   06   239.1130
2007   07   294.0242
2007   08   171.1326
2007   09   165.3693
2007   10   107.3288
2007   11   65.9599
2007   12   53.3080
2008   01   37.0030
2008   02   27.1281
2008   03   57.6567
2008   04   87.2752
2008   05   343.8050
2008   06   150.6300
2008   07   401.2614
2008   08   389.8896
2008   09   59.7694
2008   10   63.1174
2008   11   101.8120
2008   12   49.5311
2009   01   28.1971
2009   02   43.0935
2009   03   39.0457
2009   04   100.2278
2009   05   382.4324
2009   06   241.3068
2009   07   126.0443
2009   08   396.9567
2009   09   102.0489
2009   10   160.9671
2009   11   111.6891
2009   12   100.4084
2010   01   57.9997
2010   02   76.3891
2010   03   57.0048
2010   04   41.6263
2010   05   120.5653
2010   06   239.4673
2010   07   196.0748
2010   08   231.9553
2010   09   59.8815
2010   10   64.1567
2010   11   76.3277
2010   12   82.9854
2011   01   68.4732
2011   02   33.8883
2011   03   82.7699
2011   04   176.5743
2011   05   178.1783
2011   06   258.7129
2011   07   173.2309
2011   08   243.2535
2011   09   249.9801
2011   10   66.9451
2011   11   98.0637
2011   12   33.3629
2012   01   54.3937
2012   02   85.8458
2012   03   63.1280
2012   04   49.6753
2012   05   345.3971
2012   06   273.1048
2012   07   95.3648
2012   08   228.9454
2012   09   110.9770
2012   10   80.3499
2012   11   56.6164
2012   12   223.9781
2013   01   29.2007
2013   02   59.7779
2013   03   49.9543
2013   04   123.3243
2013   05   319.7260
2013   06   123.5941
2013   07   116.5361
2013   08   262.3545
2013   09   162.6293
2013   10   60.4169
2013   11   63.6279
2013   12   30.2543
2014   01   71.0689
2014   02   30.7598
2014   03   99.0543
2014   04   82.2534
2014   05   295.7129
2014   06   279.5018
2014   07   335.4384
2014   08   210.7794
2014   09   194.7267
2014   10   116.0737
2014   11   61.0162
2014   12   34.4824
2015   01   15.2983
2015   02   20.2367
2015   03   36.2818
2015   04   109.3438
2015   05   271.4830
2015   06   267.0102
2015   07   464.7851
2015   08   337.0046
2015   09   122.8287
2015   10   87.9367
2015   11   48.7606
2015   12   77.1156
2016   01   37.3260
2016   02   26.7364
2016   03   35.0819
2016   04   147.7203
2016   05   134.2974
2016   06   41.4328
2016   07   273.1935
2016   08   265.5918
2016   09   78.6077
2016   10   124.6330
2016   11   71.7169
2016   12   92.6966
2017   01   39.2276
2017   02   63.4475
2017   03   72.4225
2017   04   112.7936
2017   05   178.8440
2017   06   267.9322
2017   07   156.3488
2017   08   335.7958
2017   09   109.2768
2017   10   159.0125
2017   11   46.7654
2017   12   66.5893
2018   01   46.1746
2018   02   36.8618
2018   03   136.1529
2018   04   220.8557
2018   05   153.6441
2018   06   174.7438
2018   07   116.4895
2018   08   223.0883
2018   09   197.8861
2018   10   129.9569
2018   11   101.2917
2018   12   54.3432
2019   01   26.1363
2019   02   17.1521
2019   03   45.4272
2019   04   48.3893
2019   05   222.7680
2019   06   249.3473
2019   07   285.6798
2019   08   141.8391
2019   09   57.7287
2019   10   79.0056
2019   11   87.0384
2019   12   34.1329
2020   01   28.0661
2020   02   31.3559
2020   03   59.1497
2020   04   88.2352
2020   05   190.0120
2020   06   322.3983
2020   07   391.1219
2020   08   162.8478
2020   09   85.8587
2020   10   63.0767
2020   11   61.6940
2020   12   56.9049
2021   01   48.6688
2021   02   12.8351
2021   03   32.2800
2021   04   82.5896
2021   05   185.1869
2021   06   226.1009
2021   07   90.4523
2021   08   219.7340
2021   09   106.2369
2021   10   54.2385
2021   11   66.0046
2021   12   38.6353
2022   01   79.3900
2022   02   43.8402
2022   03   116.5137
2022   04   243.2368
2022   05   137.2500
2022   06   265.4008
2022   07   286.2798
2022   08   143.1730
2022   09   88.6088
2022   10   110.9491
2022   11   58.2979
2022   12   41.0620
2023   01   18.6413
2023   02   19.9800
2023   03   105.3224
2023   04   110.2890
2023   05   157.9986
2023   06   202.2307
2023   07   236.3447
2023   08   216.8682
2023   09   162.6043
2023   10   54.8157
2023   11   82.4576
2023   12   30.5374
2024   01   9.8727
2024   02   22.1253
2024   03   102.6909
2024   04   137.7181
2024   05   152.9645
2024   06   323.9466
2024   07   83.2594
2024   08   115.4357
2024   09   235.5206
2024   10   35.5630
2024   11   93.9138
2024   11   93.9138
2024   12   25.8491
2025   01   28.8349
2025   02   22.2794
2025   03   79.1388
2025   04   145.0981
2025   05   175.4299
2025   06   104.1478
