1991   01   2.2483
1991   02   4.0704
1991   03   3.9320
1991   04   14.8738
1991   05   110.2617
1991   06   98.7903
1991   07   117.7629
1991   08   29.1022
1991   09   42.9242
1991   10   12.2821
1991   11   4.7757
1991   12   3.6558
1992   01   2.0501
1992   02   4.3755
1992   03   11.4363
1992   04   40.5670
1992   05   195.3960
1992   06   315.6632
1992   07   14.5688
1992   08   63.8393
1992   09   12.0764
1992   10   7.7181
1992   11   5.4318
1992   12   2.1517
1993   01   2.0918
1993   02   8.7121
1993   03   4.3176
1993   04   31.3889
1993   05   64.8458
1993   06   44.7355
1993   07   52.7342
1993   08   30.1390
1993   09   6.1167
1993   10   6.8872
1993   11   4.5881
1993   12   2.2487
1994   01   2.1164
1994   02   5.3139
1994   03   4.3748
1994   04   16.6124
1994   05   48.7919
1994   06   68.6336
1994   07   64.1279
1994   08   16.8108
1994   09   18.1485
1994   10   13.7403
1994   11   3.7830
1994   12   3.2258
1995   01   2.7194
1995   02   9.1734
1995   03   4.3133
1995   04   36.1515
1995   05   32.8687
1995   06   88.6171
1995   07   53.1175
1995   08   35.2910
1995   09   12.7305
1995   10   10.3477
1995   11   3.3799
1995   12   2.1667
1996   01   2.0061
1996   02   4.9401
1996   03   4.0563
1996   04   29.7593
1996   05   36.0437
1996   06   69.8337
1996   07   69.4085
1996   08   60.3625
1996   09   10.5622
1996   10   8.1730
1996   11   3.6355
1996   12   2.4332
1997   01   2.2224
1997   02   5.2064
1997   03   4.1629
1997   04   15.5333
1997   05   118.9895
1997   06   335.4387
1997   07   131.5869
1997   08   81.9709
1997   09   29.6685
1997   10   24.9209
1997   11   8.8760
1997   12   2.3304
1998   01   2.0451
1998   02   5.0336
1998   03   5.0878
1998   04   26.6161
1998   05   41.2641
1998   06   26.1057
1998   07   16.1990
1998   08   16.1506
1998   09   20.6121
1998   10   6.8440
1998   11   5.0871
1998   12   3.1307
1999   01   2.0946
1999   02   6.4565
1999   03   5.5930
1999   04   16.7009
1999   05   11.8058
1999   06   23.2300
1999   07   39.7198
1999   08   96.1314
1999   09   50.6627
1999   10   12.2313
1999   11   3.7934
1999   12   2.1749
2000   01   1.8939
2000   02   4.7078
2000   03   3.1836
2000   04   26.5903
2000   05   49.8899
2000   06   306.9952
2000   07   22.5846
2000   08   18.5577
2000   09   67.5725
2000   10   9.8985
2000   11   6.7120
2000   12   2.7530
2001   01   2.1287
2001   02   4.3585
2001   03   3.5056
2001   04   25.2624
2001   05   95.4987
2001   06   40.4461
2001   07   241.8999
2001   08   91.1322
2001   09   16.3164
2001   10   7.9055
2001   11   2.9593
2001   12   2.0454
2002   01   1.8974
2002   02   4.2249
2002   03   6.3436
2002   04   16.8896
2002   05   216.0930
2002   06   214.5675
2002   07   83.6618
2002   08   144.7954
2002   09   31.7053
2002   10   13.7925
2002   11   3.4696
2002   12   2.8198
2003   01   1.8249
2003   02   3.7665
2003   03   3.2863
2003   04   12.7568
2003   05   131.0122
2003   06   107.1239
2003   07   79.6296
2003   08   33.4093
2003   09   25.6593
2003   10   9.6003
2003   11   10.3073
2003   12   2.2264
2004   01   1.8853
2004   02   3.6380
2004   03   5.2081
2004   04   36.0030
2004   05   32.1358
2004   06   85.8979
2004   07   113.5162
2004   08   85.2539
2004   09   16.8563
2004   10   7.9447
2004   11   25.0500
2004   12   2.5203
2005   01   1.8534
2005   02   3.8387
2005   03   13.5456
2005   04   9.5314
2005   05   108.1565
2005   06   210.8799
2005   07   67.1157
2005   08   143.7556
2005   09   16.6388
2005   10   10.3059
2005   11   7.4599
2005   12   2.0492
2006   01   2.0685
2006   02   4.2125
2006   03   3.1938
2006   04   11.5262
2006   05   46.8573
2006   06   105.3564
2006   07   185.2454
2006   08   69.6853
2006   09   17.3159
2006   10   26.4970
2006   11   3.1725
2006   12   1.8916
2007   01   2.5043
2007   02   4.6283
2007   03   8.7829
2007   04   10.8242
2007   05   49.7007
2007   06   86.8083
2007   07   46.4444
2007   08   51.2495
2007   09   7.8010
2007   10   9.1115
2007   11   3.2232
2007   12   2.1452
2008   01   1.9511
2008   02   3.8921
2008   03   3.5143
2008   04   12.8587
2008   05   167.0074
2008   06   72.7878
2008   07   61.1886
2008   08   93.3363
2008   09   12.8240
2008   10   6.5285
2008   11   3.0883
2008   12   1.8908
2009   01   1.9160
2009   02   3.7039
2009   03   3.3371
2009   04   7.0280
2009   05   39.2046
2009   06   120.1437
2009   07   37.5635
2009   08   73.0073
2009   09   30.1987
2009   10   11.0565
2009   11   4.4452
2009   12   1.8814
2010   01   2.5951
2010   02   3.6567
2010   03   3.1376
2010   04   7.3926
2010   05   71.7958
2010   06   65.3421
2010   07   33.5349
2010   08   19.4059
2010   09   9.3119
2010   10   12.6416
2010   11   7.2578
2010   12   1.9683
2011   01   2.0155
2011   02   4.2659
2011   03   3.9428
2011   04   13.1995
2011   05   9.4181
2011   06   61.3937
2011   07   41.1227
2011   08   78.1975
2011   09   6.0831
2011   10   5.8843
2011   11   3.5511
2011   12   1.8423
2012   01   1.8896
2012   02   3.9318
2012   03   3.1157
2012   04   12.7169
2012   05   104.3868
2012   06   86.8307
2012   07   15.1907
2012   08   68.7672
2012   09   4.4164
2012   10   23.1270
2012   11   4.1887
2012   12   2.8397
2013   01   2.2226
2013   02   5.0255
2013   03   4.2350
2013   04   7.7901
2013   05   166.5217
2013   06   43.6857
2013   07   42.6409
2013   08   39.4856
2013   09   21.1052
2013   10   8.5683
2013   11   3.4742
2013   12   1.8940
2014   01   1.9668
2014   02   6.6101
2014   03   4.5720
2014   04   5.8553
2014   05   51.9100
2014   06   92.2981
2014   07   63.9528
2014   08   46.5211
2014   09   36.3688
2014   10   8.0287
2014   11   6.1753
2014   12   1.9343
2015   01   1.9468
2015   02   5.6745
2015   03   9.3730
2015   04   5.9094
2015   05   26.7953
2015   06   15.2740
2015   07   103.6425
2015   08   124.3839
2015   09   26.5382
2015   10   31.7538
2015   11   5.0069
2015   12   1.8133
2016   01   2.3245
2016   02   4.6168
2016   03   4.8324
2016   04   58.3008
2016   05   85.8154
2016   06   61.5660
2016   07   125.9845
2016   08   12.4910
2016   09   3.7434
2016   10   16.1607
2016   11   3.1454
2016   12   5.7374
2017   01   1.9708
2017   02   7.3013
2017   03   3.5588
2017   04   10.2948
2017   05   102.4268
2017   06   109.9045
2017   07   45.5294
2017   08   68.5027
2017   09   13.0743
2017   10   24.6933
2017   11   5.0830
2017   12   2.0439
2018   01   2.1462
2018   02   4.5382
2018   03   4.4943
2018   04   6.9144
2018   05   58.5753
2018   06   47.8840
2018   07   38.1529
2018   08   24.6269
2018   09   23.2920
2018   10   12.3801
2018   11   2.9915
2018   12   1.7609
2019   01   1.9665
2019   02   4.5619
2019   03   5.6012
2019   04   12.6007
2019   05   45.0859
2019   06   53.8568
2019   07   41.6933
2019   08   17.4443
2019   09   14.5596
2019   10   10.6540
2019   11   2.1985
2019   12   1.9309
2020   01   1.9155
2020   02   4.1031
2020   03   3.3081
2020   04   7.4308
2020   05   10.8034
2020   06   167.1144
2020   07   60.5160
2020   08   16.2629
2020   09   5.5103
2020   10   4.4848
2020   11   2.8370
2020   12   1.8315
2021   01   5.3019
2021   02   4.3172
2021   03   3.1812
2021   04   5.6306
2021   05   24.5049
2021   06   35.0816
2021   07   5.7840
2021   08   37.7552
2021   09   11.1009
2021   10   8.0561
2021   11   2.7541
2021   12   1.6913
2022   01   2.1962
2022   02   7.3414
2022   03   3.1185
2022   04   27.7355
2022   05   15.4930
2022   06   53.8274
2022   07   98.7852
2022   08   21.9407
2022   09   7.8181
2022   10   4.3032
2022   11   2.8994
2022   12   2.1693
2023   01   2.1795
2023   02   3.9530
2023   03   3.0748
2023   04   7.8485
2023   05   37.3860
2023   06   61.8254
2023   07   42.5077
2023   08   83.3787
2023   09   34.0260
2023   10   8.7209
2023   11   11.4563
2023   12   2.3920
2024   01   1.9409
2024   02   5.2735
2024   03   3.0581
2024   04   7.5003
2024   05   60.7967
2024   06   174.5540
2024   07   38.4903
2024   08   103.1066
2024   09   11.7655
2024   10   8.7780
2024   11   2.0859
2024   11   2.0859
2024   12   1.5580
2025   01   1.6662
2025   02   3.4709
2025   03   7.1108
2025   04   4.2418
2025   05   65.0287
2025   06   72.7894
