1991   01   38.3422
1991   02   41.6056
1991   03   97.8509
1991   04   151.4081
1991   05   513.4529
1991   06   179.5341
1991   07   355.4317
1991   08   268.7934
1991   09   182.3257
1991   10   210.6231
1991   11   73.6903
1991   12   204.2915
1992   01   41.8799
1992   02   38.6189
1992   03   155.3282
1992   04   160.1535
1992   05   437.0361
1992   06   291.1406
1992   07   107.7302
1992   08   179.5143
1992   09   229.5388
1992   10   148.3795
1992   11   106.8016
1992   12   126.3676
1993   01   45.8524
1993   02   30.5861
1993   03   109.8329
1993   04   234.6599
1993   05   525.0574
1993   06   443.0982
1993   07   405.9633
1993   08   198.1752
1993   09   114.8018
1993   10   187.7031
1993   11   145.5385
1993   12   113.4818
1994   01   49.2686
1994   02   41.1562
1994   03   61.0920
1994   04   223.1629
1994   05   169.9943
1994   06   339.4922
1994   07   396.2776
1994   08   116.0553
1994   09   226.2588
1994   10   201.8791
1994   11   153.8075
1994   12   116.8104
1995   01   78.1623
1995   02   31.9510
1995   03   79.2427
1995   04   222.0280
1995   05   171.0954
1995   06   504.0097
1995   07   378.0242
1995   08   308.8129
1995   09   154.5838
1995   10   154.8256
1995   11   77.4054
1995   12   33.2361
1996   01   52.4718
1996   02   69.8574
1996   03   105.5728
1996   04   161.5303
1996   05   295.6643
1996   06   201.4748
1996   07   133.2781
1996   08   275.6189
1996   09   80.6021
1996   10   154.4534
1996   11   126.2408
1996   12   65.4788
1997   01   69.1124
1997   02   63.9167
1997   03   36.2737
1997   04   307.8629
1997   05   271.4667
1997   06   469.5486
1997   07   373.1776
1997   08   250.5652
1997   09   164.0236
1997   10   214.3281
1997   11   200.0534
1997   12   75.2218
1998   01   32.8961
1998   02   74.5083
1998   03   79.3615
1998   04   121.0034
1998   05   250.4585
1998   06   100.5122
1998   07   146.5310
1998   08   291.3403
1998   09   141.1312
1998   10   65.3366
1998   11   90.2029
1998   12   60.3534
1999   01   44.4054
1999   02   54.1539
1999   03   92.8125
1999   04   84.5901
1999   05   310.5688
1999   06   426.0812
1999   07   135.1558
1999   08   392.8118
1999   09   241.2785
1999   10   116.6399
1999   11   85.9934
1999   12   55.1574
2000   01   41.8831
2000   02   157.1288
2000   03   80.6012
2000   04   153.0397
2000   05   201.7356
2000   06   716.7907
2000   07   333.6552
2000   08   231.8804
2000   09   263.9554
2000   10   149.4014
2000   11   104.5078
2000   12   74.5334
2001   01   80.8678
2001   02   34.0654
2001   03   98.0157
2001   04   79.7845
2001   05   516.9927
2001   06   396.0515
2001   07   614.5565
2001   08   173.9367
2001   09   95.2961
2001   10   111.7145
2001   11   133.6164
2001   12   33.8642
2002   01   41.1202
2002   02   54.1985
2002   03   192.8782
2002   04   139.1529
2002   05   301.3744
2002   06   178.9574
2002   07   196.0448
2002   08   304.9247
2002   09   193.7511
2002   10   401.5143
2002   11   165.9221
2002   12   113.3629
2003   01   39.2082
2003   02   30.5056
2003   03   66.9763
2003   04   102.3695
2003   05   146.3301
2003   06   570.1729
2003   07   211.3189
2003   08   182.4651
2003   09   253.5210
2003   10   160.4379
2003   11   149.0566
2003   12   69.9701
2004   01   26.6860
2004   02   37.3573
2004   03   89.2241
2004   04   281.5490
2004   05   109.2935
2004   06   444.5635
2004   07   317.0771
2004   08   259.1553
2004   09   153.0369
2004   10   202.0992
2004   11   132.7240
2004   12   82.9297
2005   01   50.7470
2005   02   28.2075
2005   03   98.7028
2005   04   82.5140
2005   05   625.6409
2005   06   356.8671
2005   07   217.2740
2005   08   356.8109
2005   09   95.0198
2005   10   137.8181
2005   11   250.7793
2005   12   74.4309
2006   01   96.1922
2006   02   48.9210
2006   03   105.6206
2006   04   184.2042
2006   05   169.1064
2006   06   462.6144
2006   07   439.4240
2006   08   304.9716
2006   09   219.9993
2006   10   177.2502
2006   11   72.4028
2006   12   117.4838
2007   01   37.0796
2007   02   80.3375
2007   03   60.8486
2007   04   182.1177
2007   05   120.2919
2007   06   287.5238
2007   07   270.4469
2007   08   182.1147
2007   09   168.3155
2007   10   131.6915
2007   11   84.0346
2007   12   68.3475
2008   01   37.2812
2008   02   30.8455
2008   03   63.0166
2008   04   111.5120
2008   05   322.4021
2008   06   182.4937
2008   07   328.6551
2008   08   402.9009
2008   09   100.5238
2008   10   91.5971
2008   11   119.3643
2008   12   37.9113
2009   01   27.2003
2009   02   51.6628
2009   03   45.6862
2009   04   115.8108
2009   05   371.0974
2009   06   253.3233
2009   07   127.2119
2009   08   488.0826
2009   09   94.2480
2009   10   299.4844
2009   11   137.0594
2009   12   87.0655
2010   01   50.0758
2010   02   129.5840
2010   03   76.1392
2010   04   84.1316
2010   05   129.7516
2010   06   266.3489
2010   07   174.6346
2010   08   331.6906
2010   09   70.1435
2010   10   108.1332
2010   11   96.9553
2010   12   93.8521
2011   01   68.8105
2011   02   54.3078
2011   03   104.2698
2011   04   181.3477
2011   05   206.9423
2011   06   257.6960
2011   07   172.7274
2011   08   298.5107
2011   09   175.6841
2011   10   109.5536
2011   11   120.7451
2011   12   41.6810
2012   01   60.3538
2012   02   148.2556
2012   03   72.6202
2012   04   62.0159
2012   05   352.3578
2012   06   320.1509
2012   07   93.0518
2012   08   200.5982
2012   09   119.8827
2012   10   131.8776
2012   11   65.7284
2012   12   163.9325
2013   01   27.2628
2013   02   59.0143
2013   03   50.2272
2013   04   102.6814
2013   05   200.2514
2013   06   122.1217
2013   07   124.3648
2013   08   283.1678
2013   09   165.1723
2013   10   97.1597
2013   11   89.7319
2013   12   29.9559
2014   01   71.8950
2014   02   33.0686
2014   03   118.5470
2014   04   68.5194
2014   05   270.9803
2014   06   300.1652
2014   07   299.3540
2014   08   230.5833
2014   09   249.9446
2014   10   118.6467
2014   11   55.0988
2014   12   33.0246
2015   01   14.8013
2015   02   26.6473
2015   03   30.8576
2015   04   104.4410
2015   05   279.6251
2015   06   297.0277
2015   07   402.1766
2015   08   387.1694
2015   09   146.2601
2015   10   125.9012
2015   11   56.1846
2015   12   61.1153
2016   01   23.8271
2016   02   29.8830
2016   03   32.3069
2016   04   132.4519
2016   05   131.6026
2016   06   40.8487
2016   07   306.6801
2016   08   257.1393
2016   09   84.0893
2016   10   178.8063
2016   11   82.9074
2016   12   84.4079
2017   01   32.3978
2017   02   70.4810
2017   03   78.2806
2017   04   104.7436
2017   05   135.4606
2017   06   293.1757
2017   07   153.9778
2017   08   384.0250
2017   09   138.7617
2017   10   203.7485
2017   11   56.2870
2017   12   68.4098
2018   01   32.8168
2018   02   43.7200
2018   03   130.3802
2018   04   172.3067
2018   05   153.7253
2018   06   225.3022
2018   07   122.2570
2018   08   195.7178
2018   09   212.3700
2018   10   205.2572
2018   11   120.8958
2018   12   43.5608
2019   01   21.7369
2019   02   18.0772
2019   03   44.1973
2019   04   52.3819
2019   05   217.1924
2019   06   302.0374
2019   07   307.1292
2019   08   158.7945
2019   09   78.2415
2019   10   132.4040
2019   11   92.8966
2019   12   26.4298
2020   01   24.9065
2020   02   32.9439
2020   03   47.8995
2020   04   98.8358
2020   05   153.8597
2020   06   308.6185
2020   07   396.6559
2020   08   148.2427
2020   09   103.1714
2020   10   104.9585
2020   11   55.8907
2020   12   60.2632
2021   01   54.4886
2021   02   13.4326
2021   03   38.0469
2021   04   90.3956
2021   05   194.4690
2021   06   204.7217
2021   07   111.9964
2021   08   206.1924
2021   09   111.2137
2021   10   95.9939
2021   11   67.8458
2021   12   27.5877
2022   01   58.4066
2022   02   49.7276
2022   03   109.9864
2022   04   249.1025
2022   05   122.2383
2022   06   319.1899
2022   07   312.6032
2022   08   203.9431
2022   09   97.1651
2022   10   136.2989
2022   11   70.2005
2022   12   40.6361
2023   01   16.6921
2023   02   18.2806
2023   03   99.6356
2023   04   76.3131
2023   05   152.2887
2023   06   290.1716
2023   07   269.3708
2023   08   240.0959
2023   09   244.8757
2023   10   83.3931
2023   11   81.4383
2023   12   27.8129
2024   01   9.1523
2024   02   31.0196
2024   03   134.9915
2024   04   181.9904
2024   05   246.5281
2024   06   404.7680
2024   07   70.4757
2024   08   140.7550
2024   09   327.8472
2024   10   48.8134
2024   11   98.5846
2024   11   98.5846
2024   12   23.1257
2025   01   27.9583
2025   02   22.0018
2025   03   92.3382
2025   04   183.0613
2025   05   171.2296
2025   06   108.4916
