1991   01   1.6687
1991   02   6.2962
1991   03   5.7626
1991   04   6.3988
1991   05   138.7930
1991   06   211.3256
1991   07   212.7591
1991   08   172.9483
1991   09   55.1495
1991   10   43.9412
1991   11   8.4267
1991   12   7.5634
1992   01   1.7491
1992   02   6.0693
1992   03   14.4140
1992   04   12.9324
1992   05   200.5732
1992   06   206.9393
1992   07   75.9875
1992   08   195.7865
1992   09   41.5369
1992   10   25.3562
1992   11   25.1015
1992   12   7.2940
1993   01   1.6498
1993   02   16.8836
1993   03   7.6502
1993   04   16.8955
1993   05   165.3704
1993   06   154.8402
1993   07   124.6289
1993   08   131.4365
1993   09   35.3424
1993   10   30.0939
1993   11   11.0886
1993   12   5.5093
1994   01   1.6806
1994   02   8.7325
1994   03   5.5352
1994   04   9.5244
1994   05   103.8510
1994   06   138.4940
1994   07   162.8353
1994   08   119.5096
1994   09   50.3540
1994   10   43.4556
1994   11   13.7226
1994   12   7.0801
1995   01   1.8912
1995   02   7.4688
1995   03   7.5264
1995   04   14.2227
1995   05   52.5836
1995   06   108.6593
1995   07   112.7184
1995   08   143.0451
1995   09   63.7232
1995   10   32.8472
1995   11   9.7173
1995   12   8.1375
1996   01   1.7478
1996   02   7.2884
1996   03   7.2146
1996   04   12.7052
1996   05   67.5897
1996   06   100.2153
1996   07   80.8103
1996   08   132.6248
1996   09   32.2552
1996   10   29.0221
1996   11   9.5028
1996   12   6.3274
1997   01   1.8927
1997   02   6.7774
1997   03   15.9977
1997   04   5.2693
1997   05   123.5490
1997   06   407.6375
1997   07   121.1822
1997   08   249.1487
1997   09   48.3627
1997   10   75.2163
1997   11   12.1689
1997   12   6.3183
1998   01   1.6226
1998   02   8.1424
1998   03   12.5829
1998   04   18.9252
1998   05   90.4918
1998   06   106.7597
1998   07   60.1707
1998   08   86.7131
1998   09   70.0603
1998   10   26.3461
1998   11   13.2282
1998   12   5.8477
1999   01   1.7297
1999   02   8.7379
1999   03   10.7052
1999   04   14.6893
1999   05   55.0145
1999   06   117.6887
1999   07   100.4446
1999   08   316.8422
1999   09   105.3078
1999   10   54.1200
1999   11   12.3224
1999   12   5.9591
2000   01   1.7935
2000   02   5.9744
2000   03   8.1739
2000   04   20.2913
2000   05   68.6645
2000   06   372.4927
2000   07   97.8741
2000   08   78.1987
2000   09   83.3511
2000   10   28.3313
2000   11   23.6632
2000   12   6.6688
2001   01   1.0788
2001   02   5.9029
2001   03   8.5195
2001   04   10.8434
2001   05   107.6498
2001   06   123.9611
2001   07   297.3987
2001   08   175.5219
2001   09   53.9403
2001   10   42.0755
2001   11   11.3186
2001   12   6.2268
2002   01   1.1477
2002   02   5.1246
2002   03   8.2195
2002   04   13.1848
2002   05   287.7484
2002   06   326.6436
2002   07   124.5842
2002   08   188.9647
2002   09   72.3377
2002   10   46.7354
2002   11   11.1091
2002   12   7.0300
2003   01   1.1958
2003   02   5.3097
2003   03   7.3452
2003   04   8.1039
2003   05   113.6962
2003   06   136.2974
2003   07   98.5278
2003   08   97.3074
2003   09   41.0226
2003   10   26.6502
2003   11   22.7745
2003   12   5.9937
2004   01   1.4349
2004   02   9.0916
2004   03   8.3446
2004   04   11.4463
2004   05   48.8403
2004   06   116.4424
2004   07   175.7423
2004   08   211.3094
2004   09   33.0499
2004   10   36.2290
2004   11   43.9024
2004   12   7.6251
2005   01   1.1448
2005   02   7.6322
2005   03   14.3731
2005   04   8.2022
2005   05   122.1621
2005   06   222.1901
2005   07   108.4610
2005   08   335.0780
2005   09   53.6066
2005   10   32.4786
2005   11   16.0053
2005   12   5.5824
2006   01   1.2406
2006   02   9.4875
2006   03   7.0688
2006   04   5.8330
2006   05   79.8043
2006   06   164.8304
2006   07   230.4515
2006   08   247.2129
2006   09   49.6240
2006   10   86.6244
2006   11   12.6501
2006   12   5.9415
2007   01   1.1836
2007   02   5.7984
2007   03   13.9735
2007   04   12.2155
2007   05   83.2660
2007   06   221.8814
2007   07   150.0013
2007   08   139.3573
2007   09   26.7449
2007   10   33.8092
2007   11   11.6975
2007   12   5.8353
2008   01   1.1557
2008   02   5.0294
2008   03   9.8518
2008   04   12.7473
2008   05   192.9711
2008   06   111.0879
2008   07   114.5237
2008   08   333.1787
2008   09   57.9972
2008   10   35.8533
2008   11   10.3419
2008   12   6.6151
2009   01   1.3185
2009   02   5.5408
2009   03   7.0005
2009   04   4.7878
2009   05   50.0898
2009   06   143.8301
2009   07   90.0783
2009   08   221.8542
2009   09   56.2092
2009   10   44.9980
2009   11   9.9276
2009   12   6.8277
2010   01   1.9008
2010   02   4.3737
2010   03   6.4575
2010   04   6.3600
2010   05   133.5092
2010   06   146.6446
2010   07   117.8509
2010   08   100.9877
2010   09   34.0452
2010   10   41.6601
2010   11   15.4291
2010   12   6.3536
2011   01   1.1108
2011   02   5.7293
2011   03   6.7415
2011   04   9.0111
2011   05   33.8236
2011   06   116.5189
2011   07   121.1408
2011   08   211.6867
2011   09   21.8764
2011   10   26.6708
2011   11   14.0207
2011   12   6.6802
2012   01   1.4517
2012   02   4.9351
2012   03   7.2717
2012   04   14.2635
2012   05   97.7594
2012   06   132.2365
2012   07   59.2097
2012   08   153.5926
2012   09   45.0642
2012   10   75.2000
2012   11   11.5248
2012   12   8.7824
2013   01   2.4141
2013   02   10.6483
2013   03   12.1453
2013   04   5.3170
2013   05   137.4664
2013   06   95.4678
2013   07   69.7991
2013   08   128.9787
2013   09   40.8245
2013   10   39.4727
2013   11   13.1138
2013   12   6.6218
2014   01   2.3311
2014   02   17.0405
2014   03   7.6040
2014   04   6.1021
2014   05   59.4175
2014   06   152.6446
2014   07   87.5728
2014   08   169.3751
2014   09   66.6092
2014   10   59.5504
2014   11   12.2494
2014   12   8.3398
2015   01   2.2787
2015   02   11.5079
2015   03   18.1585
2015   04   5.6762
2015   05   42.6652
2015   06   56.2402
2015   07   94.2482
2015   08   334.4137
2015   09   61.5100
2015   10   94.8468
2015   11   21.4541
2015   12   7.7871
2016   01   3.2025
2016   02   11.2315
2016   03   10.9835
2016   04   34.2276
2016   05   171.7368
2016   06   146.3924
2016   07   107.0259
2016   08   94.7578
2016   09   21.5347
2016   10   63.6256
2016   11   10.4464
2016   12   13.2319
2017   01   2.2863
2017   02   14.5838
2017   03   7.5943
2017   04   19.3138
2017   05   116.7188
2017   06   120.9423
2017   07   101.8749
2017   08   157.6633
2017   09   36.7039
2017   10   80.5479
2017   11   15.2386
2017   12   7.7393
2018   01   2.7395
2018   02   10.2052
2018   03   7.3332
2018   04   7.3037
2018   05   101.5618
2018   06   108.1503
2018   07   85.2984
2018   08   88.4780
2018   09   48.5491
2018   10   44.4556
2018   11   10.9587
2018   12   9.5843
2019   01   2.4426
2019   02   10.1832
2019   03   8.7527
2019   04   11.0703
2019   05   85.3486
2019   06   92.5674
2019   07   64.3275
2019   08   79.0193
2019   09   35.9390
2019   10   38.7248
2019   11   8.7587
2019   12   5.3492
2020   01   2.5782
2020   02   13.1358
2020   03   7.1643
2020   04   6.9889
2020   05   41.5733
2020   06   187.9503
2020   07   129.9334
2020   08   62.9918
2020   09   20.6717
2020   10   24.1085
2020   11   11.8272
2020   12   6.3133
2021   01   6.0542
2021   02   13.1279
2021   03   9.8702
2021   04   4.2027
2021   05   70.9893
2021   06   85.5779
2021   07   32.9935
2021   08   110.6234
2021   09   40.2180
2021   10   42.4086
2021   11   10.8913
2021   12   6.3102
2022   01   2.6536
2022   02   17.8982
2022   03   6.8604
2022   04   16.3189
2022   05   37.0565
2022   06   69.8851
2022   07   190.7410
2022   08   86.7365
2022   09   27.7343
2022   10   24.6814
2022   11   8.5640
2022   12   8.4734
2023   01   2.8009
2023   02   11.0574
2023   03   7.1775
2023   04   7.2458
2023   05   43.9843
2023   06   105.4905
2023   07   64.6476
2023   08   237.1112
2023   09   37.1531
2023   10   27.1727
2023   11   21.2031
2023   12   6.1658
2024   01   2.4730
2024   02   11.8224
2024   03   7.1198
2024   04   5.7805
2024   05   228.5247
2024   06   232.5612
2024   07   50.1384
2024   08   294.2550
2024   09   29.9414
2024   10   65.0760
2024   11   7.8562
2024   11   7.8562
2024   12   6.2756
2025   01   2.2334
2025   02   7.9894
2025   03   9.6385
2025   04   3.6069
2025   05   145.5562
2025   06   151.3003
