1991   01   3.7503
1991   02   2.4975
1991   03   2.4249
1991   04   14.1543
1991   05   79.9178
1991   06   117.6926
1991   07   108.2053
1991   08   44.2984
1991   09   29.7494
1991   10   17.6259
1991   11   5.1332
1991   12   3.0350
1992   01   3.7496
1992   02   2.6094
1992   03   5.8328
1992   04   26.0325
1992   05   168.7857
1992   06   236.8848
1992   07   14.2487
1992   08   65.3639
1992   09   22.6108
1992   10   9.2987
1992   11   11.4765
1992   12   2.4773
1993   01   3.9247
1993   02   2.8147
1993   03   2.6518
1993   04   30.4009
1993   05   75.8832
1993   06   93.6155
1993   07   43.4524
1993   08   33.0425
1993   09   11.8328
1993   10   10.1276
1993   11   6.6527
1993   12   2.7278
1994   01   4.1601
1994   02   3.6349
1994   03   2.9872
1994   04   17.0451
1994   05   61.0420
1994   06   89.1554
1994   07   69.6439
1994   08   33.4265
1994   09   24.8269
1994   10   12.6933
1994   11   6.2588
1994   12   3.8563
1995   01   4.1751
1995   02   5.3466
1995   03   2.9695
1995   04   29.0011
1995   05   30.1384
1995   06   66.5546
1995   07   43.4214
1995   08   38.6657
1995   09   32.5275
1995   10   12.4599
1995   11   6.6470
1995   12   2.8301
1996   01   4.1871
1996   02   3.5703
1996   03   3.1012
1996   04   23.5304
1996   05   21.5033
1996   06   80.4554
1996   07   51.2530
1996   08   27.9028
1996   09   16.3584
1996   10   12.2478
1996   11   6.5596
1996   12   3.0350
1997   01   4.1871
1997   02   3.5842
1997   03   3.2432
1997   04   12.2286
1997   05   98.0437
1997   06   349.6903
1997   07   74.9771
1997   08   81.6054
1997   09   24.6024
1997   10   20.0305
1997   11   10.6787
1997   12   3.0350
1998   01   4.1414
1998   02   3.6053
1998   03   3.4955
1998   04   28.6566
1998   05   55.8759
1998   06   52.3289
1998   07   19.0300
1998   08   20.5420
1998   09   23.7658
1998   10   10.5640
1998   11   6.2937
1998   12   2.8740
1999   01   4.1950
1999   02   3.5823
1999   03   3.3078
1999   04   18.0606
1999   05   9.3806
1999   06   44.4781
1999   07   39.8284
1999   08   91.6478
1999   09   42.3757
1999   10   16.6444
1999   11   6.1794
1999   12   2.8015
2000   01   3.9277
2000   02   3.5082
2000   03   2.2937
2000   04   26.0292
2000   05   29.9184
2000   06   282.1873
2000   07   33.2449
2000   08   17.5769
2000   09   69.4836
2000   10   11.4505
2000   11   5.7736
2000   12   2.8099
2001   01   4.1637
2001   02   3.3073
2001   03   2.5068
2001   04   19.0803
2001   05   51.3353
2001   06   57.3950
2001   07   217.9002
2001   08   87.3024
2001   09   23.6842
2001   10   7.3570
2001   11   5.4488
2001   12   2.5902
2002   01   3.9315
2002   02   3.0909
2002   03   3.3908
2002   04   19.2505
2002   05   158.5080
2002   06   179.5366
2002   07   71.0232
2002   08   98.6618
2002   09   29.1136
2002   10   9.8565
2002   11   4.4000
2002   12   2.8516
2003   01   3.6882
2003   02   3.4220
2003   03   2.3573
2003   04   10.9903
2003   05   72.2378
2003   06   94.0379
2003   07   55.2956
2003   08   31.3345
2003   09   18.8438
2003   10   7.0733
2003   11   14.3063
2003   12   2.5332
2004   01   3.9272
2004   02   2.8887
2004   03   3.3631
2004   04   26.4849
2004   05   31.9646
2004   06   113.7825
2004   07   122.8950
2004   08   61.7588
2004   09   14.1536
2004   10   7.9547
2004   11   27.5380
2004   12   2.8656
2005   01   3.8850
2005   02   3.0216
2005   03   6.8044
2005   04   6.6039
2005   05   87.0094
2005   06   177.0930
2005   07   72.7528
2005   08   136.0590
2005   09   17.4775
2005   10   10.8094
2005   11   8.3607
2005   12   2.8949
2006   01   4.1603
2006   02   3.2156
2006   03   2.2959
2006   04   9.7812
2006   05   36.6959
2006   06   105.3605
2006   07   153.0994
2006   08   67.7409
2006   09   15.0480
2006   10   22.8656
2006   11   4.5847
2006   12   2.6326
2007   01   4.1730
2007   02   3.8812
2007   03   4.8084
2007   04   13.2278
2007   05   25.7251
2007   06   63.4402
2007   07   45.0159
2007   08   41.6403
2007   09   11.8498
2007   10   8.3316
2007   11   4.6985
2007   12   2.8763
2008   01   3.9603
2008   02   3.0434
2008   03   2.1462
2008   04   8.7077
2008   05   104.3434
2008   06   72.5887
2008   07   58.3770
2008   08   103.1889
2008   09   16.5155
2008   10   8.4391
2008   11   4.4248
2008   12   2.6479
2009   01   3.9383
2009   02   2.9946
2009   03   2.3681
2009   04   4.8978
2009   05   28.4317
2009   06   120.7207
2009   07   43.8765
2009   08   80.1431
2009   09   29.3156
2009   10   10.9146
2009   11   4.9673
2009   12   2.6451
2010   01   3.8719
2010   02   2.9544
2010   03   2.2787
2010   04   5.8048
2010   05   41.4270
2010   06   43.9795
2010   07   23.6564
2010   08   21.8088
2010   09   14.3953
2010   10   11.6916
2010   11   6.9817
2010   12   2.6675
2011   01   3.9968
2011   02   3.2756
2011   03   2.3196
2011   04   9.2506
2011   05   9.8347
2011   06   69.6589
2011   07   31.1671
2011   08   91.2501
2011   09   9.6853
2011   10   6.7742
2011   11   4.9082
2011   12   2.6278
2012   01   3.9264
2012   02   3.0807
2012   03   2.2695
2012   04   11.8768
2012   05   87.8878
2012   06   84.6765
2012   07   10.8622
2012   08   59.8800
2012   09   15.7888
2012   10   23.2581
2012   11   5.9897
2012   12   2.9910
2013   01   4.2063
2013   02   3.7019
2013   03   3.9926
2013   04   6.3730
2013   05   118.6053
2013   06   54.3077
2013   07   30.0196
2013   08   41.4052
2013   09   20.5356
2013   10   13.3411
2013   11   4.7301
2013   12   2.7048
2014   01   3.9737
2014   02   3.8981
2014   03   3.0227
2014   04   6.3297
2014   05   20.0993
2014   06   96.3335
2014   07   59.0857
2014   08   48.4911
2014   09   43.3092
2014   10   10.6387
2014   11   9.1860
2014   12   2.7186
2015   01   3.9395
2015   02   3.3261
2015   03   6.3420
2015   04   9.0114
2015   05   23.7610
2015   06   18.6533
2015   07   78.1965
2015   08   153.9102
2015   09   28.0772
2015   10   35.6753
2015   11   7.4280
2015   12   2.9353
2016   01   3.7156
2016   02   3.3202
2016   03   2.6445
2016   04   74.3777
2016   05   61.8945
2016   06   56.8316
2016   07   88.5457
2016   08   17.5451
2016   09   8.6824
2016   10   18.8472
2016   11   6.3977
2016   12   4.9425
2017   01   3.9471
2017   02   3.2615
2017   03   2.5758
2017   04   10.0088
2017   05   80.1004
2017   06   106.3567
2017   07   46.5068
2017   08   59.1884
2017   09   18.0365
2017   10   28.5126
2017   11   7.4839
2017   12   2.7886
2018   01   3.9319
2018   02   3.3166
2018   03   2.9168
2018   04   10.2019
2018   05   51.3138
2018   06   48.4864
2018   07   28.9819
2018   08   26.6283
2018   09   22.1588
2018   10   14.1137
2018   11   4.8365
2018   12   2.5895
2019   01   3.9575
2019   02   3.3245
2019   03   4.1272
2019   04   12.8897
2019   05   37.6113
2019   06   23.0847
2019   07   37.2061
2019   08   15.4721
2019   09   14.8089
2019   10   14.2636
2019   11   3.7646
2019   12   2.3022
2020   01   3.9255
2020   02   3.1647
2020   03   2.5145
2020   04   8.8557
2020   05   9.9902
2020   06   161.7966
2020   07   39.1713
2020   08   14.9558
2020   09   8.0099
2020   10   8.1653
2020   11   4.7482
2020   12   2.6715
2021   01   6.7470
2021   02   3.2309
2021   03   2.8659
2021   04   7.7758
2021   05   23.4080
2021   06   24.5717
2021   07   4.2557
2021   08   28.0564
2021   09   17.1272
2021   10   16.4148
2021   11   3.8014
2021   12   2.5212
2022   01   4.2974
2022   02   5.1378
2022   03   2.3825
2022   04   24.6824
2022   05   11.2931
2022   06   53.6328
2022   07   60.5166
2022   08   21.8672
2022   09   14.9829
2022   10   7.1366
2022   11   5.4253
2022   12   2.5946
2023   01   4.1876
2023   02   3.1110
2023   03   2.3800
2023   04   7.3751
2023   05   20.6576
2023   06   66.2229
2023   07   37.4761
2023   08   87.2931
2023   09   29.8130
2023   10   10.7116
2023   11   13.5313
2023   12   2.4345
2024   01   3.9318
2024   02   3.6360
2024   03   2.3395
2024   04   7.5619
2024   05   54.6574
2024   06   189.4181
2024   07   33.8158
2024   08   97.2542
2024   09   17.3242
2024   10   11.0490
2024   11   3.5657
2024   11   3.5657
2024   12   2.3054
2025   01   3.3922
2025   02   2.7573
2025   03   4.0162
2025   04   4.0591
2025   05   42.9724
2025   06   43.6699
