1991   01   0.3357
1991   02   4.6554
1991   03   4.6789
1991   04   5.4074
1991   05   171.8199
1991   06   165.7898
1991   07   160.6444
1991   08   94.1807
1991   09   106.1675
1991   10   19.8822
1991   11   5.4644
1991   12   2.4495
1992   01   0.3392
1992   02   4.7880
1992   03   12.5765
1992   04   11.1395
1992   05   179.2610
1992   06   180.3734
1992   07   67.0325
1992   08   111.9925
1992   09   87.0196
1992   10   13.7959
1992   11   12.0155
1992   12   2.3276
1993   01   0.3341
1993   02   12.1664
1993   03   5.6325
1993   04   10.0661
1993   05   195.3942
1993   06   149.0793
1993   07   97.2395
1993   08   82.2428
1993   09   57.6768
1993   10   12.2542
1993   11   6.4390
1993   12   2.2039
1994   01   0.3560
1994   02   6.4438
1994   03   5.9992
1994   04   9.9045
1994   05   115.7134
1994   06   112.6573
1994   07   124.1691
1994   08   72.1784
1994   09   77.5801
1994   10   23.5768
1994   11   6.8646
1994   12   2.6057
1995   01   0.3627
1995   02   5.5712
1995   03   5.8795
1995   04   11.2228
1995   05   79.1935
1995   06   87.9214
1995   07   84.7178
1995   08   78.9992
1995   09   131.7296
1995   10   16.9753
1995   11   6.0285
1995   12   2.9539
1996   01   0.3582
1996   02   5.5016
1996   03   5.6787
1996   04   9.4217
1996   05   95.4670
1996   06   93.1136
1996   07   81.0326
1996   08   81.6333
1996   09   69.9020
1996   10   14.2564
1996   11   5.0496
1996   12   2.3970
1997   01   0.3647
1997   02   5.1498
1997   03   13.0654
1997   04   5.3522
1997   05   166.2973
1997   06   335.5564
1997   07   108.6901
1997   08   128.4578
1997   09   70.5059
1997   10   28.6096
1997   11   7.8787
1997   12   3.3940
1998   01   0.3521
1998   02   6.1105
1998   03   11.1138
1998   04   11.6524
1998   05   126.0571
1998   06   92.3694
1998   07   54.4802
1998   08   53.0096
1998   09   111.4683
1998   10   13.5348
1998   11   7.8232
1998   12   2.3351
1999   01   0.3600
1999   02   6.7650
1999   03   6.3592
1999   04   11.6322
1999   05   91.6686
1999   06   84.4403
1999   07   82.6476
1999   08   180.3828
1999   09   137.1775
1999   10   24.7416
1999   11   7.8302
1999   12   2.3450
2000   01   0.3622
2000   02   4.8236
2000   03   6.4605
2000   04   12.0604
2000   05   95.9827
2000   06   278.2106
2000   07   86.7779
2000   08   51.4194
2000   09   146.5922
2000   10   11.9009
2000   11   12.0055
2000   12   2.3803
2001   01   0.3423
2001   02   6.0511
2001   03   7.0325
2001   04   9.4657
2001   05   145.0301
2001   06   101.7652
2001   07   213.1560
2001   08   94.4711
2001   09   99.5263
2001   10   16.5062
2001   11   6.4446
2001   12   2.3134
2002   01   0.3480
2002   02   6.0425
2002   03   5.6745
2002   04   10.1520
2002   05   348.2310
2002   06   282.5092
2002   07   108.5981
2002   08   104.7533
2002   09   108.7800
2002   10   19.7792
2002   11   6.6778
2002   12   2.4820
2003   01   0.3504
2003   02   5.3666
2003   03   6.9495
2003   04   7.1491
2003   05   150.4858
2003   06   112.3657
2003   07   83.8228
2003   08   55.4835
2003   09   68.4945
2003   10   13.9872
2003   11   12.1315
2003   12   2.4372
2004   01   0.3436
2004   02   9.3414
2004   03   6.8312
2004   04   9.4399
2004   05   66.7961
2004   06   90.3782
2004   07   136.0811
2004   08   125.1522
2004   09   61.9665
2004   10   18.7152
2004   11   22.1499
2004   12   3.0587
2005   01   0.3472
2005   02   7.0248
2005   03   9.0809
2005   04   6.3375
2005   05   145.5662
2005   06   164.4524
2005   07   86.6020
2005   08   177.3156
2005   09   97.8802
2005   10   16.5098
2005   11   8.9952
2005   12   2.4435
2006   01   0.3537
2006   02   7.9952
2006   03   5.4115
2006   04   4.7761
2006   05   105.9251
2006   06   119.0638
2006   07   174.4519
2006   08   126.4074
2006   09   83.8101
2006   10   36.2439
2006   11   7.4228
2006   12   2.2899
2007   01   0.3501
2007   02   5.7381
2007   03   8.8597
2007   04   11.5363
2007   05   109.3949
2007   06   157.7694
2007   07   106.0277
2007   08   82.0439
2007   09   54.8083
2007   10   17.0514
2007   11   7.2089
2007   12   2.3852
2008   01   0.3482
2008   02   6.1999
2008   03   8.4770
2008   04   9.8630
2008   05   230.8371
2008   06   96.1780
2008   07   95.2761
2008   08   161.5986
2008   09   88.7220
2008   10   15.2699
2008   11   6.3813
2008   12   2.4809
2009   01   0.3450
2009   02   5.8536
2009   03   5.4417
2009   04   4.6912
2009   05   69.2207
2009   06   112.1893
2009   07   68.4016
2009   08   110.2988
2009   09   88.7400
2009   10   25.1371
2009   11   5.6831
2009   12   2.8962
2010   01   0.5009
2010   02   5.2161
2010   03   4.8503
2010   04   5.3346
2010   05   150.3290
2010   06   136.5416
2010   07   104.4671
2010   08   56.1574
2010   09   70.7499
2010   10   17.7550
2010   11   8.6714
2010   12   2.3863
2011   01   0.3451
2011   02   6.6234
2011   03   5.3296
2011   04   7.3849
2011   05   52.5391
2011   06   96.3725
2011   07   107.8505
2011   08   109.7197
2011   09   47.3536
2011   10   12.4047
2011   11   8.2358
2011   12   2.3607
2012   01   0.3525
2012   02   5.7993
2012   03   4.7260
2012   04   13.3165
2012   05   131.2472
2012   06   109.9614
2012   07   51.6551
2012   08   83.9075
2012   09   81.1480
2012   10   29.5492
2012   11   6.1890
2012   12   2.5689
2013   01   0.4103
2013   02   6.1991
2013   03   9.1701
2013   04   4.8328
2013   05   198.9888
2013   06   85.9983
2013   07   66.6695
2013   08   77.1093
2013   09   72.8267
2013   10   21.7354
2013   11   6.8019
2013   12   2.4271
2014   01   0.4038
2014   02   9.7779
2014   03   5.9467
2014   04   6.0814
2014   05   75.9043
2014   06   136.5920
2014   07   81.0334
2014   08   100.1664
2014   09   120.9877
2014   10   19.4795
2014   11   6.9493
2014   12   2.8824
2015   01   0.4027
2015   02   6.4512
2015   03   13.5050
2015   04   5.1206
2015   05   62.2159
2015   06   53.3745
2015   07   80.7906
2015   08   182.7103
2015   09   110.5469
2015   10   46.0127
2015   11   11.8821
2015   12   3.1384
2016   01   0.4629
2016   02   6.2357
2016   03   9.7001
2016   04   21.0896
2016   05   185.5937
2016   06   139.5427
2016   07   97.8283
2016   08   62.0890
2016   09   44.5285
2016   10   29.0618
2016   11   6.0385
2016   12   4.1716
2017   01   0.4005
2017   02   9.8314
2017   03   5.7606
2017   04   8.6074
2017   05   180.4056
2017   06   109.8973
2017   07   90.1362
2017   08   98.7374
2017   09   68.9612
2017   10   39.8240
2017   11   8.6848
2017   12   2.7238
2018   01   0.4042
2018   02   5.9471
2018   03   5.4709
2018   04   6.7887
2018   05   126.4184
2018   06   95.0655
2018   07   79.2296
2018   08   59.1600
2018   09   91.8520
2018   10   22.4345
2018   11   5.8975
2018   12   2.7666
2019   01   0.4037
2019   02   5.8709
2019   03   6.5971
2019   04   8.4771
2019   05   117.6235
2019   06   85.2864
2019   07   61.7333
2019   08   54.0152
2019   09   59.2322
2019   10   19.5758
2019   11   5.0359
2019   12   2.2656
2020   01   0.6138
2020   02   7.2284
2020   03   5.4178
2020   04   5.7929
2020   05   60.8302
2020   06   160.5590
2020   07   108.2574
2020   08   41.8265
2020   09   41.4215
2020   10   12.9297
2020   11   6.1761
2020   12   2.3737
2021   01   0.6974
2021   02   7.0133
2021   03   7.5036
2021   04   3.9258
2021   05   98.2478
2021   06   78.2719
2021   07   34.4098
2021   08   69.2624
2021   09   80.3595
2021   10   19.7519
2021   11   6.4592
2021   12   2.3444
2022   01   0.4246
2022   02   9.6040
2022   03   4.7667
2022   04   13.3529
2022   05   58.9449
2022   06   64.4563
2022   07   174.5380
2022   08   56.5417
2022   09   55.9748
2022   10   13.5200
2022   11   4.7123
2022   12   3.0141
2023   01   0.4052
2023   02   7.2946
2023   03   5.4515
2023   04   6.7751
2023   05   61.9569
2023   06   92.8165
2023   07   61.2386
2023   08   133.2302
2023   09   54.9278
2023   10   15.3618
2023   11   11.1566
2023   12   2.2212
2024   01   0.4318
2024   02   6.4176
2024   03   5.4313
2024   04   5.9277
2024   05   307.3427
2024   06   228.5916
2024   07   47.7020
2024   08   176.5164
2024   09   63.1061
2024   10   34.3007
2024   11   4.3330
2024   11   4.3330
2024   12   2.6350
2025   01   0.3937
2025   02   4.7021
2025   03   7.2395
2025   04   3.5604
2025   05   173.3339
2025   06   133.1429
