1991   01   15.5800
1991   02   10.6708
1991   03   19.7964
1991   04   168.9941
1991   05   227.8401
1991   06   215.0592
1991   07   217.8846
1991   08   81.5861
1991   09   86.1472
1991   10   48.7020
1991   11   35.6282
1991   12   58.8302
1992   01   8.4291
1992   02   23.6629
1992   03   38.6843
1992   04   69.7852
1992   05   337.3629
1992   06   394.0773
1992   07   130.8260
1992   08   172.9546
1992   09   109.4836
1992   10   77.3035
1992   11   35.5335
1992   12   54.5649
1993   01   13.0200
1993   02   20.8324
1993   03   36.3308
1993   04   99.9323
1993   05   309.5587
1993   06   315.6650
1993   07   272.1126
1993   08   115.2108
1993   09   36.1153
1993   10   96.3715
1993   11   27.2106
1993   12   19.4333
1994   01   10.3307
1994   02   11.1695
1994   03   25.2437
1994   04   149.1279
1994   05   116.8196
1994   06   293.6114
1994   07   229.2920
1994   08   60.2632
1994   09   94.7617
1994   10   93.3930
1994   11   28.8812
1994   12   41.1206
1995   01   12.5275
1995   02   8.2904
1995   03   18.6539
1995   04   151.1047
1995   05   92.4370
1995   06   258.9366
1995   07   238.9565
1995   08   211.1896
1995   09   46.6505
1995   10   22.7061
1995   11   15.4688
1995   12   8.2282
1996   01   9.8483
1996   02   19.5398
1996   03   22.4671
1996   04   37.3919
1996   05   109.7854
1996   06   116.2727
1996   07   61.7958
1996   08   245.0520
1996   09   42.4639
1996   10   34.6643
1996   11   24.4877
1996   12   14.4042
1997   01   11.8499
1997   02   32.8810
1997   03   9.3657
1997   04   180.1477
1997   05   226.7225
1997   06   402.3203
1997   07   274.9659
1997   08   150.8202
1997   09   100.4979
1997   10   98.4611
1997   11   38.2588
1997   12   16.7274
1998   01   9.9175
1998   02   26.6864
1998   03   16.2599
1998   04   62.7233
1998   05   142.1225
1998   06   181.6707
1998   07   113.9398
1998   08   140.4398
1998   09   49.3507
1998   10   7.5169
1998   11   23.9722
1998   12   11.5445
1999   01   14.9464
1999   02   25.8935
1999   03   24.1311
1999   04   24.0555
1999   05   306.5678
1999   06   370.3151
1999   07   108.6546
1999   08   225.5446
1999   09   162.2285
1999   10   27.6091
1999   11   24.1962
1999   12   20.4385
2000   01   9.3811
2000   02   29.0305
2000   03   21.3790
2000   04   69.5362
2000   05   82.3136
2000   06   532.8079
2000   07   116.1840
2000   08   159.0989
2000   09   139.7469
2000   10   35.0331
2000   11   39.5991
2000   12   16.8574
2001   01   32.8954
2001   02   28.0206
2001   03   31.1881
2001   04   51.6193
2001   05   286.9340
2001   06   192.6007
2001   07   461.3783
2001   08   156.6756
2001   09   52.1466
2001   10   35.8877
2001   11   38.1780
2001   12   8.0989
2002   01   10.6958
2002   02   34.4150
2002   03   78.4240
2002   04   97.4583
2002   05   191.0773
2002   06   113.4802
2002   07   102.0709
2002   08   239.2991
2002   09   107.5059
2002   10   187.6835
2002   11   48.4990
2002   12   31.4540
2003   01   13.3380
2003   02   8.9887
2003   03   21.8814
2003   04   50.5477
2003   05   94.4822
2003   06   424.9362
2003   07   174.5647
2003   08   124.7335
2003   09   111.1397
2003   10   61.1724
2003   11   72.2602
2003   12   20.9722
2004   01   9.2346
2004   02   19.6570
2004   03   48.3532
2004   04   129.9886
2004   05   56.6124
2004   06   297.4181
2004   07   244.1492
2004   08   185.7261
2004   09   83.9680
2004   10   102.9885
2004   11   58.8941
2004   12   30.3687
2005   01   11.0057
2005   02   10.0802
2005   03   49.5767
2005   04   34.9919
2005   05   343.7146
2005   06   388.3600
2005   07   150.8544
2005   08   287.0246
2005   09   96.6012
2005   10   44.1117
2005   11   74.6841
2005   12   29.7212
2006   01   27.1757
2006   02   12.6170
2006   03   21.3909
2006   04   108.9370
2006   05   88.3825
2006   06   371.2933
2006   07   306.2500
2006   08   209.8507
2006   09   87.6950
2006   10   76.4862
2006   11   16.5729
2006   12   60.5551
2007   01   19.9072
2007   02   34.9586
2007   03   27.1644
2007   04   96.6762
2007   05   53.5929
2007   06   90.1407
2007   07   171.0974
2007   08   136.7081
2007   09   67.8293
2007   10   71.1292
2007   11   20.3649
2007   12   22.0139
2008   01   10.8508
2008   02   9.8471
2008   03   16.3016
2008   04   59.1621
2008   05   193.3233
2008   06   75.3278
2008   07   251.3546
2008   08   181.8896
2008   09   65.9109
2008   10   21.4597
2008   11   22.3609
2008   12   16.6595
2009   01   13.1590
2009   02   20.4238
2009   03   13.3389
2009   04   30.9763
2009   05   175.3455
2009   06   215.9749
2009   07   138.3235
2009   08   280.8522
2009   09   63.7053
2009   10   76.6388
2009   11   51.2101
2009   12   18.8460
2010   01   16.7704
2010   02   36.7615
2010   03   17.5453
2010   04   17.6165
2010   05   58.8307
2010   06   228.6630
2010   07   176.4050
2010   08   153.2970
2010   09   20.5085
2010   10   38.2255
2010   11   26.7977
2010   12   18.0919
2011   01   21.0476
2011   02   14.1034
2011   03   42.2925
2011   04   110.8055
2011   05   106.5918
2011   06   168.1496
2011   07   75.5249
2011   08   184.7078
2011   09   98.2568
2011   10   27.3499
2011   11   35.2771
2011   12   9.5076
2012   01   15.8782
2012   02   32.1741
2012   03   19.0382
2012   04   28.3547
2012   05   178.2446
2012   06   241.9473
2012   07   68.9993
2012   08   122.4430
2012   09   33.6978
2012   10   89.1536
2012   11   44.1797
2012   12   51.4399
2013   01   11.5802
2013   02   23.3971
2013   03   13.0331
2013   04   41.5763
2013   05   138.4984
2013   06   89.3698
2013   07   57.6241
2013   08   169.9586
2013   09   91.7377
2013   10   52.2200
2013   11   46.0487
2013   12   8.7241
2014   01   18.7663
2014   02   14.6333
2014   03   55.4117
2014   04   53.4607
2014   05   126.0135
2014   06   290.6500
2014   07   215.8336
2014   08   112.1270
2014   09   79.9371
2014   10   21.2395
2014   11   18.2577
2014   12   19.4182
2015   01   9.7793
2015   02   17.3541
2015   03   11.6109
2015   04   55.0184
2015   05   135.2793
2015   06   206.1703
2015   07   271.6860
2015   08   242.1174
2015   09   76.9290
2015   10   49.6620
2015   11   21.1196
2015   12   20.6152
2016   01   10.3555
2016   02   10.1295
2016   03   22.0101
2016   04   64.9513
2016   05   142.9331
2016   06   24.2234
2016   07   222.1488
2016   08   75.4639
2016   09   44.1207
2016   10   93.7043
2016   11   16.9531
2016   12   28.9109
2017   01   14.2101
2017   02   18.3476
2017   03   28.2082
2017   04   68.6923
2017   05   102.2539
2017   06   211.6001
2017   07   62.9374
2017   08   224.8129
2017   09   80.5567
2017   10   71.4371
2017   11   26.0416
2017   12   18.0412
2018   01   15.3812
2018   02   14.3298
2018   03   41.3838
2018   04   88.2181
2018   05   89.9743
2018   06   105.6945
2018   07   91.9422
2018   08   98.1821
2018   09   110.9991
2018   10   89.1769
2018   11   36.5057
2018   12   12.7142
2019   01   14.5020
2019   02   13.0114
2019   03   23.9876
2019   04   38.6688
2019   05   119.4656
2019   06   305.1512
2019   07   121.0136
2019   08   69.7066
2019   09   67.9748
2019   10   62.5399
2019   11   10.9924
2019   12   14.6423
2020   01   17.2301
2020   02   11.1576
2020   03   32.8956
2020   04   79.2259
2020   05   47.5625
2020   06   274.9936
2020   07   145.2754
2020   08   102.2419
2020   09   45.7257
2020   10   19.7576
2020   11   6.7552
2020   12   14.3788
2021   01   29.6731
2021   02   7.2855
2021   03   12.4408
2021   04   70.1686
2021   05   125.9612
2021   06   151.0249
2021   07   83.7468
2021   08   104.7871
2021   09   55.6477
2021   10   17.2099
2021   11   8.2441
2021   12   5.8704
2022   01   15.6395
2022   02   9.3155
2022   03   21.3251
2022   04   142.6234
2022   05   80.0160
2022   06   217.9899
2022   07   196.2275
2022   08   75.8675
2022   09   18.6391
2022   10   32.7606
2022   11   16.7904
2022   12   10.2254
2023   01   9.0901
2023   02   7.0021
2023   03   18.4285
2023   04   107.5162
2023   05   58.4706
2023   06   186.8194
2023   07   184.8370
2023   08   245.0164
2023   09   55.9493
2023   10   24.2686
2023   11   33.4548
2023   12   8.9818
2024   01   6.3426
2024   02   6.3297
2024   03   34.4640
2024   04   96.2644
2024   05   58.9066
2024   06   403.5066
2024   07   52.9052
2024   08   129.5639
2024   09   91.3339
2024   10   23.3726
2024   11   31.9843
2024   11   31.9843
2024   12   11.4033
2025   01   7.9160
2025   02   7.3031
2025   03   49.8721
2025   04   91.9090
2025   05   48.1788
2025   06   208.2422
