1991   01   82.5102
1991   02   65.6212
1991   03   172.4428
1991   04   118.2949
1991   05   171.9040
1991   06   110.6395
1991   07   273.3518
1991   08   214.2016
1991   09   214.0410
1991   10   96.8746
1991   11   129.8393
1991   12   120.3600
1992   01   48.1738
1992   02   72.1086
1992   03   90.4846
1992   04   251.1544
1992   05   293.7095
1992   06   96.4687
1992   07   58.3794
1992   08   75.0534
1992   09   81.6850
1992   10   223.2307
1992   11   130.3634
1992   12   156.8510
1993   01   73.4570
1993   02   61.2563
1993   03   154.8289
1993   04   140.0425
1993   05   232.2644
1993   06   281.3620
1993   07   220.8215
1993   08   184.5276
1993   09   72.7292
1993   10   99.4228
1993   11   117.9237
1993   12   119.9611
1994   01   103.0155
1994   02   82.2429
1994   03   37.5442
1994   04   257.0547
1994   05   384.6642
1994   06   169.3199
1994   07   244.8487
1994   08   157.6956
1994   09   151.8824
1994   10   100.1623
1994   11   123.3158
1994   12   98.0581
1995   01   71.1318
1995   02   61.9746
1995   03   107.3438
1995   04   111.9158
1995   05   237.0352
1995   06   289.0186
1995   07   280.9155
1995   08   132.9400
1995   09   57.1928
1995   10   80.3530
1995   11   102.5987
1995   12   107.8186
1996   01   56.7688
1996   02   120.9649
1996   03   77.4009
1996   04   185.5041
1996   05   183.7599
1996   06   110.5570
1996   07   103.5783
1996   08   264.4582
1996   09   55.2938
1996   10   95.2151
1996   11   105.9242
1996   12   138.0464
1997   01   106.4284
1997   02   64.3668
1997   03   53.6168
1997   04   303.3645
1997   05   126.1105
1997   06   204.8079
1997   07   323.2354
1997   08   276.8315
1997   09   101.6259
1997   10   140.4547
1997   11   92.8761
1997   12   76.8894
1998   01   76.2103
1998   02   47.4002
1998   03   120.8161
1998   04   141.7743
1998   05   210.4993
1998   06   94.7829
1998   07   444.1485
1998   08   135.4569
1998   09   56.7008
1998   10   70.1118
1998   11   141.8620
1998   12   74.2147
1999   01   65.2709
1999   02   80.4205
1999   03   113.4512
1999   04   99.3952
1999   05   126.1533
1999   06   207.0813
1999   07   317.6994
1999   08   263.0037
1999   09   175.4744
1999   10   77.1666
1999   11   110.3485
1999   12   94.2194
2000   01   54.4135
2000   02   80.5947
2000   03   132.0535
2000   04   190.3341
2000   05   117.1334
2000   06   242.5097
2000   07   234.9461
2000   08   104.4298
2000   09   126.3413
2000   10   158.8857
2000   11   104.4351
2000   12   207.8874
2001   01   258.4505
2001   02   100.8624
2001   03   200.7226
2001   04   99.9025
2001   05   201.2013
2001   06   250.3543
2001   07   223.1891
2001   08   165.4261
2001   09   78.8259
2001   10   88.5036
2001   11   74.3927
2001   12   78.5437
2002   01   101.6279
2002   02   119.9109
2002   03   110.6620
2002   04   170.5935
2002   05   325.0980
2002   06   120.0609
2002   07   112.8079
2002   08   201.4782
2002   09   150.6441
2002   10   181.0915
2002   11   187.0058
2002   12   159.1157
2003   01   122.3190
2003   02   42.0990
2003   03   104.9663
2003   04   115.8266
2003   05   166.9688
2003   06   365.2794
2003   07   159.1919
2003   08   304.3286
2003   09   90.3280
2003   10   208.4489
2003   11   139.9473
2003   12   102.9880
2004   01   73.0501
2004   02   58.7534
2004   03   65.2660
2004   04   369.9824
2004   05   115.6211
2004   06   347.4521
2004   07   238.9374
2004   08   71.7986
2004   09   118.0571
2004   10   108.2342
2004   11   145.0332
2004   12   181.3224
2005   01   64.0099
2005   02   96.8937
2005   03   153.8200
2005   04   208.1442
2005   05   449.0898
2005   06   367.1830
2005   07   213.0676
2005   08   234.0099
2005   09   56.4881
2005   10   139.3894
2005   11   152.4287
2005   12   89.2572
2006   01   174.6070
2006   02   105.7342
2006   03   179.4069
2006   04   215.4052
2006   05   176.4346
2006   06   266.2097
2006   07   541.2101
2006   08   165.4210
2006   09   80.0015
2006   10   136.9622
2006   11   116.2938
2006   12   201.9189
2007   01   80.7734
2007   02   55.5121
2007   03   144.0232
2007   04   196.3388
2007   05   83.8588
2007   06   212.0718
2007   07   132.3709
2007   08   114.8029
2007   09   116.1452
2007   10   145.6976
2007   11   83.5260
2007   12   85.1922
2008   01   64.0100
2008   02   61.2413
2008   03   43.7823
2008   04   247.7920
2008   05   287.3397
2008   06   187.6145
2008   07   235.5619
2008   08   171.7623
2008   09   53.6556
2008   10   87.5576
2008   11   134.6069
2008   12   78.5486
2009   01   80.9432
2009   02   117.6545
2009   03   161.4551
2009   04   167.4402
2009   05   260.6948
2009   06   157.6761
2009   07   123.0589
2009   08   312.7938
2009   09   73.5668
2009   10   141.2170
2009   11   162.6407
2009   12   176.4109
2010   01   131.9950
2010   02   108.3097
2010   03   86.9780
2010   04   163.5113
2010   05   133.3802
2010   06   228.1474
2010   07   241.0202
2010   08   161.1469
2010   09   70.6622
2010   10   89.2072
2010   11   122.8165
2010   12   119.0028
2011   01   77.4677
2011   02   64.9759
2011   03   156.4098
2011   04   213.7781
2011   05   96.5381
2011   06   131.0957
2011   07   199.1983
2011   08   132.2888
2011   09   109.9277
2011   10   105.6541
2011   11   96.3922
2011   12   78.5288
2012   01   93.4729
2012   02   120.5854
2012   03   70.6768
2012   04   70.5349
2012   05   276.2700
2012   06   235.4178
2012   07   137.0818
2012   08   253.6427
2012   09   79.2699
2012   10   86.4992
2012   11   98.4755
2012   12   253.4133
2013   01   75.9504
2013   02   131.6585
2013   03   103.0063
2013   04   73.6577
2013   05   218.9774
2013   06   205.2158
2013   07   275.1196
2013   08   245.2091
2013   09   122.2823
2013   10   61.6708
2013   11   83.5668
2013   12   114.7462
2014   01   74.2183
2014   02   42.7120
2014   03   68.4314
2014   04   162.1510
2014   05   180.2705
2014   06   167.3341
2014   07   142.5978
2014   08   142.3992
2014   09   60.3851
2014   10   95.6470
2014   11   100.9922
2014   12   84.1427
2015   01   35.3685
2015   02   55.1510
2015   03   43.9575
2015   04   130.5061
2015   05   297.4874
2015   06   192.6551
2015   07   229.0288
2015   08   233.8353
2015   09   65.8066
2015   10   54.4495
2015   11   73.3068
2015   12   77.2814
2016   01   39.0292
2016   02   69.6997
2016   03   109.9062
2016   04   149.0605
2016   05   112.0158
2016   06   41.6606
2016   07   289.9562
2016   08   207.5439
2016   09   90.8319
2016   10   130.7541
2016   11   118.8857
2016   12   127.0780
2017   01   114.5971
2017   02   127.9554
2017   03   340.1662
2017   04   104.8994
2017   05   96.1566
2017   06   129.9658
2017   07   179.9704
2017   08   155.5895
2017   09   48.8399
2017   10   73.1049
2017   11   72.5340
2017   12   132.7020
2018   01   55.3927
2018   02   68.8678
2018   03   72.8157
2018   04   197.0078
2018   05   130.9717
2018   06   213.2032
2018   07   108.6806
2018   08   121.4989
2018   09   107.0137
2018   10   88.2011
2018   11   145.1864
2018   12   68.0992
2019   01   44.0696
2019   02   38.9665
2019   03   71.1009
2019   04   174.0501
2019   05   98.8445
2019   06   197.2050
2019   07   215.5474
2019   08   94.5749
2019   09   56.8655
2019   10   71.0614
2019   11   131.9341
2019   12   82.9398
2020   01   54.4827
2020   02   103.8182
2020   03   73.9915
2020   04   106.3037
2020   05   201.7204
2020   06   200.6379
2020   07   235.4619
2020   08   89.0535
2020   09   54.8941
2020   10   61.9335
2020   11   71.9036
2020   12   69.5408
2021   01   60.8674
2021   02   28.7488
2021   03   82.7762
2021   04   166.8641
2021   05   108.3816
2021   06   167.1415
2021   07   106.5381
2021   08   189.2801
2021   09   47.2909
2021   10   87.4851
2021   11   110.1386
2021   12   57.0365
2022   01   79.4621
2022   02   106.7975
2022   03   125.2376
2022   04   243.4388
2022   05   145.0701
2022   06   120.5613
2022   07   352.3835
2022   08   80.2883
2022   09   125.3927
2022   10   80.6366
2022   11   67.6396
2022   12   119.8337
2023   01   79.5761
2023   02   48.2824
2023   03   148.6163
2023   04   126.2381
2023   05   165.6591
2023   06   213.7181
2023   07   427.9476
2023   08   206.3257
2023   09   109.5852
2023   10   113.4545
2023   11   70.9998
2023   12   47.8531
2024   01   38.8623
2024   02   49.7010
2024   03   177.1055
2024   04   144.2982
2024   05   77.9581
2024   06   237.0704
2024   07   101.1384
2024   08   104.9311
2024   09   145.7715
2024   10   36.8462
2024   11   125.4867
2024   11   125.4867
2024   12   77.4283
2025   01   36.1452
2025   02   104.0201
2025   03   142.7656
2025   04   122.4577
2025   05   153.6171
2025   06   79.1763
