1991   01   0.1631
1991   02   2.7069
1991   03   1.8216
1991   04   5.5022
1991   05   33.1767
1991   06   50.2420
1991   07   39.4132
1991   08   13.3388
1991   09   5.9195
1991   10   4.3959
1991   11   1.9531
1991   12   1.5238
1992   01   0.1631
1992   02   2.7071
1992   03   2.5693
1992   04   7.9818
1992   05   24.2014
1992   06   43.1325
1992   07   10.2215
1992   08   20.2396
1992   09   5.4449
1992   10   4.3598
1992   11   3.0585
1992   12   1.3926
1993   01   0.1706
1993   02   3.2736
1993   03   1.7409
1993   04   9.5238
1993   05   27.7763
1993   06   27.2581
1993   07   7.9041
1993   08   18.8281
1993   09   4.8294
1993   10   3.7036
1993   11   1.9739
1993   12   1.5062
1994   01   0.1706
1994   02   2.7089
1994   03   1.8874
1994   04   6.2397
1994   05   41.1058
1994   06   28.9464
1994   07   25.4246
1994   08   16.2061
1994   09   6.3010
1994   10   4.5520
1994   11   1.9776
1994   12   1.4120
1995   01   0.1636
1995   02   2.7089
1995   03   2.1623
1995   04   6.1186
1995   05   25.1035
1995   06   22.0183
1995   07   16.2498
1995   08   10.7140
1995   09   6.6769
1995   10   4.2653
1995   11   1.9545
1995   12   1.6699
1996   01   0.1631
1996   02   2.7089
1996   03   1.7556
1996   04   5.6627
1996   05   9.3182
1996   06   17.9230
1996   07   21.0156
1996   08   12.8792
1996   09   4.8369
1996   10   5.3007
1996   11   1.9545
1996   12   1.4121
1997   01   0.1631
1997   02   2.7089
1997   03   1.7559
1997   04   5.5044
1997   05   37.9399
1997   06   126.3838
1997   07   17.2534
1997   08   63.2725
1997   09   5.8920
1997   10   4.3392
1997   11   2.7559
1997   12   1.5534
1998   01   0.1631
1998   02   2.7089
1998   03   1.7182
1998   04   6.4357
1998   05   40.8797
1998   06   35.0054
1998   07   5.6530
1998   08   14.1173
1998   09   5.6778
1998   10   4.6231
1998   11   1.9545
1998   12   1.4120
1999   01   0.1631
1999   02   2.7089
1999   03   2.1330
1999   04   6.6302
1999   05   9.6637
1999   06   15.2749
1999   07   17.9636
1999   08   36.6700
1999   09   10.6546
1999   10   5.2116
1999   11   1.9547
1999   12   1.4120
2000   01   0.1631
2000   02   2.7089
2000   03   1.6150
2000   04   5.0636
2000   05   10.8579
2000   06   61.8612
2000   07   12.5021
2000   08   10.4621
2000   09   13.8450
2000   10   3.8844
2000   11   2.5093
2000   12   1.4133
2001   01   0.1631
2001   02   2.7089
2001   03   1.6150
2001   04   4.4292
2001   05   27.6924
2001   06   17.5500
2001   07   60.0994
2001   08   42.5840
2001   09   9.9476
2001   10   3.6583
2001   11   2.2593
2001   12   1.4133
2002   01   0.1631
2002   02   2.7089
2002   03   1.6150
2002   04   4.9499
2002   05   125.0737
2002   06   49.2411
2002   07   12.0085
2002   08   44.8948
2002   09   5.9303
2002   10   3.3385
2002   11   2.2578
2002   12   1.4133
2003   01   0.1631
2003   02   2.7089
2003   03   1.8610
2003   04   4.3983
2003   05   60.4658
2003   06   22.4452
2003   07   20.9511
2003   08   11.2866
2003   09   5.4132
2003   10   3.1385
2003   11   1.9776
2003   12   1.4133
2004   01   0.1631
2004   02   2.7089
2004   03   1.6150
2004   04   4.3150
2004   05   18.2765
2004   06   21.9930
2004   07   55.4251
2004   08   20.5157
2004   09   4.5201
2004   10   3.8967
2004   11   3.2907
2004   12   1.4552
2005   01   0.1631
2005   02   2.7078
2005   03   1.8316
2005   04   4.1358
2005   05   43.7881
2005   06   35.3236
2005   07   12.1454
2005   08   48.2030
2005   09   5.8294
2005   10   3.6684
2005   11   2.6755
2005   12   1.4133
2006   01   0.1631
2006   02   2.7089
2006   03   1.6150
2006   04   4.4226
2006   05   45.0297
2006   06   36.5909
2006   07   44.4086
2006   08   31.8131
2006   09   4.2146
2006   10   4.0494
2006   11   1.9545
2006   12   1.4133
2007   01   0.1631
2007   02   2.7089
2007   03   1.6150
2007   04   5.6818
2007   05   23.1842
2007   06   34.9114
2007   07   10.6466
2007   08   16.6676
2007   09   4.2139
2007   10   3.4293
2007   11   1.9545
2007   12   1.5076
2008   01   0.1631
2008   02   2.7089
2008   03   1.6150
2008   04   4.3581
2008   05   62.0215
2008   06   49.3718
2008   07   22.4698
2008   08   36.7978
2008   09   5.0444
2008   10   3.1561
2008   11   1.9546
2008   12   1.4133
2009   01   0.1631
2009   02   2.7089
2009   03   1.6150
2009   04   4.0280
2009   05   16.1286
2009   06   37.3802
2009   07   8.6397
2009   08   33.6839
2009   09   4.3432
2009   10   3.6077
2009   11   1.9545
2009   12   1.4133
2010   01   0.1780
2010   02   2.7089
2010   03   1.6150
2010   04   4.0168
2010   05   54.9616
2010   06   21.5940
2010   07   5.4696
2010   08   14.6201
2010   09   4.8270
2010   10   3.2412
2010   11   1.9545
2010   12   1.4133
2011   01   0.1631
2011   02   2.7089
2011   03   1.6150
2011   04   4.0706
2011   05   9.5873
2011   06   26.1464
2011   07   43.9114
2011   08   22.8511
2011   09   4.2683
2011   10   3.5963
2011   11   1.9546
2011   12   1.4416
2012   01   0.1631
2012   02   2.7089
2012   03   1.6150
2012   04   6.0335
2012   05   33.9916
2012   06   25.4356
2012   07   3.8771
2012   08   27.7014
2012   09   9.8988
2012   10   3.5196
2012   11   2.2685
2012   12   1.4133
2013   01   0.1643
2013   02   2.7473
2013   03   2.1236
2013   04   5.0506
2013   05   50.7758
2013   06   18.2711
2013   07   22.3715
2013   08   13.7269
2013   09   6.6130
2013   10   3.7268
2013   11   1.9906
2013   12   1.4238
2014   01   0.1643
2014   02   2.7473
2014   03   2.0024
2014   04   4.4802
2014   05   18.4146
2014   06   31.2488
2014   07   20.9670
2014   08   13.8998
2014   09   10.1626
2014   10   3.6970
2014   11   2.2091
2014   12   1.5187
2015   01   0.1643
2015   02   2.7473
2015   03   4.5027
2015   04   4.3291
2015   05   16.7004
2015   06   15.8781
2015   07   27.7711
2015   08   41.5644
2015   09   11.5811
2015   10   4.2683
2015   11   2.4051
2015   12   1.4237
2016   01   0.1964
2016   02   2.7473
2016   03   1.9040
2016   04   7.9021
2016   05   66.9902
2016   06   40.5062
2016   07   40.1573
2016   08   13.4172
2016   09   4.9085
2016   10   4.8539
2016   11   1.9659
2016   12   1.4238
2017   01   0.1643
2017   02   2.7473
2017   03   2.0492
2017   04   6.1018
2017   05   64.0843
2017   06   61.9923
2017   07   22.7575
2017   08   18.1461
2017   09   4.7811
2017   10   3.7666
2017   11   2.8007
2017   12   1.4523
2018   01   0.1643
2018   02   2.7473
2018   03   1.8619
2018   04   5.7103
2018   05   23.2806
2018   06   48.9530
2018   07   12.5811
2018   08   12.8684
2018   09   5.7463
2018   10   4.4362
2018   11   1.9663
2018   12   1.4238
2019   01   0.1643
2019   02   2.7473
2019   03   1.8619
2019   04   5.2444
2019   05   37.7758
2019   06   18.8954
2019   07   23.1886
2019   08   12.0250
2019   09   5.4424
2019   10   3.6501
2019   11   1.9421
2019   12   1.2858
2020   01   0.1564
2020   02   2.7309
2020   03   1.8556
2020   04   5.1738
2020   05   6.0064
2020   06   56.8209
2020   07   7.3092
2020   08   9.7990
2020   09   3.6346
2020   10   3.4214
2020   11   2.2033
2020   12   1.4238
2021   01   0.1643
2021   02   2.7309
2021   03   1.8556
2021   04   4.1731
2021   05   8.6587
2021   06   29.3305
2021   07   6.1373
2021   08   9.1720
2021   09   3.3109
2021   10   3.7057
2021   11   1.9745
2021   12   1.2858
2022   01   0.1547
2022   02   3.1661
2022   03   1.8556
2022   04   5.0554
2022   05   14.6154
2022   06   18.8840
2022   07   43.9729
2022   08   9.0975
2022   09   3.7319
2022   10   3.3876
2022   11   2.6717
2022   12   1.3195
2023   01   0.1548
2023   02   2.7311
2023   03   1.8869
2023   04   6.2620
2023   05   7.9501
2023   06   17.4078
2023   07   14.9431
2023   08   15.5325
2023   09   4.2893
2023   10   3.2911
2023   11   1.9423
2023   12   1.4578
2024   01   0.1565
2024   02   3.0880
2024   03   1.9500
2024   04   6.8907
2024   05   42.6099
2024   06   64.1044
2024   07   16.5110
2024   08   39.5771
2024   09   3.3286
2024   10   5.1065
2024   11   2.0364
2024   11   2.0364
2024   12   1.4109
2025   01   0.1563
2025   02   2.7307
2025   03   1.9196
2025   04   4.6118
2025   05   8.8438
2025   06   44.5798
