1991   01   7.3753
1991   02   4.2437
1991   03   5.7422
1991   04   41.4931
1991   05   160.4975
1991   06   160.8333
1991   07   123.7724
1991   08   42.4680
1991   09   77.6343
1991   10   35.6595
1991   11   16.2811
1991   12   9.7192
1992   01   6.3703
1992   02   7.3706
1992   03   7.1668
1992   04   36.1913
1992   05   301.9262
1992   06   455.5696
1992   07   44.1667
1992   08   109.2846
1992   09   14.3063
1992   10   10.9379
1992   11   17.5319
1992   12   6.3103
1993   01   6.1953
1993   02   6.8758
1993   03   4.9561
1993   04   48.9365
1993   05   151.1782
1993   06   136.4873
1993   07   66.7269
1993   08   47.7334
1993   09   8.7985
1993   10   11.7725
1993   11   10.0247
1993   12   6.8254
1994   01   6.0742
1994   02   3.1959
1994   03   4.1636
1994   04   43.5505
1994   05   51.7299
1994   06   175.2510
1994   07   109.2909
1994   08   22.1572
1994   09   43.3758
1994   10   17.4245
1994   11   9.4281
1994   12   6.7822
1995   01   6.3348
1995   02   3.3105
1995   03   4.4526
1995   04   63.5909
1995   05   25.0419
1995   06   207.6067
1995   07   147.3635
1995   08   45.1092
1995   09   21.8217
1995   10   28.1122
1995   11   5.4926
1995   12   5.2225
1996   01   5.1598
1996   02   3.6023
1996   03   5.4847
1996   04   34.6487
1996   05   53.7293
1996   06   120.7932
1996   07   63.0457
1996   08   111.3054
1996   09   11.5065
1996   10   12.2243
1996   11   8.2921
1996   12   6.7195
1997   01   6.4609
1997   02   4.5678
1997   03   4.0437
1997   04   35.3867
1997   05   122.0874
1997   06   386.9451
1997   07   114.5738
1997   08   137.5680
1997   09   50.5370
1997   10   47.5662
1997   11   42.6099
1997   12   7.2585
1998   01   7.3061
1998   02   4.5551
1998   03   4.2830
1998   04   30.8135
1998   05   67.6176
1998   06   62.6553
1998   07   27.4955
1998   08   39.1065
1998   09   27.9435
1998   10   7.7563
1998   11   7.9322
1998   12   7.8534
1999   01   5.8075
1999   02   3.8292
1999   03   8.2558
1999   04   15.0179
1999   05   34.2663
1999   06   104.6686
1999   07   61.7547
1999   08   113.1795
1999   09   89.5964
1999   10   21.4453
1999   11   9.5522
1999   12   4.9686
2000   01   5.6633
2000   02   5.5764
2000   03   3.8244
2000   04   25.5300
2000   05   37.5793
2000   06   400.5207
2000   07   21.9569
2000   08   22.2504
2000   09   123.3035
2000   10   14.7997
2000   11   17.9029
2000   12   4.5978
2001   01   6.5372
2001   02   2.7026
2001   03   6.3548
2001   04   36.3453
2001   05   156.4147
2001   06   61.4460
2001   07   273.6043
2001   08   130.2506
2001   09   22.2170
2001   10   14.8340
2001   11   11.1258
2001   12   4.7686
2002   01   4.4371
2002   02   3.4848
2002   03   12.4177
2002   04   22.2948
2002   05   249.3748
2002   06   272.9091
2002   07   155.4998
2002   08   252.8409
2002   09   44.5552
2002   10   36.4307
2002   11   7.5535
2002   12   8.6289
2003   01   5.3747
2003   02   2.3337
2003   03   4.6271
2003   04   13.8301
2003   05   148.6097
2003   06   162.6405
2003   07   115.8746
2003   08   48.2896
2003   09   41.9034
2003   10   20.9794
2003   11   29.6160
2003   12   6.1856
2004   01   7.0321
2004   02   2.4671
2004   03   6.5072
2004   04   43.9887
2004   05   43.2832
2004   06   175.6539
2004   07   103.1460
2004   08   146.5803
2004   09   37.3235
2004   10   24.2669
2004   11   51.0931
2004   12   8.9312
2005   01   4.4070
2005   02   4.3049
2005   03   10.9500
2005   04   12.8963
2005   05   175.4300
2005   06   312.6408
2005   07   75.8793
2005   08   236.9452
2005   09   18.0378
2005   10   14.7974
2005   11   15.6449
2005   12   6.5212
2006   01   6.8264
2006   02   2.5080
2006   03   3.2864
2006   04   18.0061
2006   05   62.7364
2006   06   245.4244
2006   07   255.7662
2006   08   106.8626
2006   09   24.0262
2006   10   70.7524
2006   11   8.2498
2006   12   7.0026
2007   01   5.0424
2007   02   6.6302
2007   03   8.3843
2007   04   17.4480
2007   05   70.9267
2007   06   118.6389
2007   07   84.3621
2007   08   83.4489
2007   09   13.1053
2007   10   16.6711
2007   11   6.5635
2007   12   5.7357
2008   01   4.6263
2008   02   2.3401
2008   03   4.6820
2008   04   16.6652
2008   05   173.6948
2008   06   106.5268
2008   07   48.0258
2008   08   127.5641
2008   09   13.3504
2008   10   8.8172
2008   11   6.5898
2008   12   4.7806
2009   01   4.7552
2009   02   2.3061
2009   03   3.3889
2009   04   8.9617
2009   05   55.3983
2009   06   188.4508
2009   07   62.8937
2009   08   160.2645
2009   09   56.0651
2009   10   24.8289
2009   11   14.3468
2009   12   4.7608
2010   01   6.8607
2010   02   2.8033
2010   03   3.2944
2010   04   9.9967
2010   05   75.2058
2010   06   165.5433
2010   07   63.1884
2010   08   22.3311
2010   09   12.4276
2010   10   25.8943
2010   11   12.7187
2010   12   7.9419
2011   01   6.7520
2011   02   2.4334
2011   03   6.9081
2011   04   20.2719
2011   05   28.7189
2011   06   105.3060
2011   07   35.2923
2011   08   127.5494
2011   09   14.2607
2011   10   8.2101
2011   11   7.7234
2011   12   4.7725
2012   01   4.8090
2012   02   4.7917
2012   03   3.3519
2012   04   15.7220
2012   05   228.7812
2012   06   185.4758
2012   07   12.7363
2012   08   127.7302
2012   09   5.9069
2012   10   48.8564
2012   11   9.6165
2012   12   7.1535
2013   01   5.8989
2013   02   5.8448
2013   03   4.6553
2013   04   10.5010
2013   05   152.7970
2013   06   90.8585
2013   07   56.9893
2013   08   57.6747
2013   09   34.1756
2013   10   22.2045
2013   11   6.6966
2013   12   4.9776
2014   01   5.9326
2014   02   3.4249
2014   03   10.4696
2014   04   13.3538
2014   05   78.5801
2014   06   201.2386
2014   07   62.3491
2014   08   79.9387
2014   09   39.1703
2014   10   8.0221
2014   11   13.6571
2014   12   9.2637
2015   01   5.4616
2015   02   3.2446
2015   03   6.4031
2015   04   18.1431
2015   05   56.3683
2015   06   34.8773
2015   07   171.3611
2015   08   203.8136
2015   09   44.6866
2015   10   43.3942
2015   11   7.6744
2015   12   5.4231
2016   01   9.7049
2016   02   3.3017
2016   03   6.7946
2016   04   96.6588
2016   05   110.6697
2016   06   39.6029
2016   07   134.1034
2016   08   23.8694
2016   09   6.3931
2016   10   36.4252
2016   11   7.2718
2016   12   7.4688
2017   01   6.1994
2017   02   8.7679
2017   03   6.0446
2017   04   16.2465
2017   05   129.7290
2017   06   180.2289
2017   07   61.2884
2017   08   94.5309
2017   09   16.7905
2017   10   33.2402
2017   11   15.8083
2017   12   4.8982
2018   01   6.3999
2018   02   5.3277
2018   03   11.6822
2018   04   13.1371
2018   05   82.0322
2018   06   84.6620
2018   07   73.5421
2018   08   50.4758
2018   09   44.0255
2018   10   28.5612
2018   11   9.0816
2018   12   6.0487
2019   01   6.7635
2019   02   3.3496
2019   03   8.7712
2019   04   12.2389
2019   05   65.1004
2019   06   73.7932
2019   07   49.4943
2019   08   24.1522
2019   09   16.6704
2019   10   22.2288
2019   11   4.0098
2019   12   4.6456
2020   01   4.9007
2020   02   2.6078
2020   03   4.1165
2020   04   14.2974
2020   05   27.9431
2020   06   192.6307
2020   07   73.9737
2020   08   20.2986
2020   09   9.6221
2020   10   5.0797
2020   11   4.0103
2020   12   6.0185
2021   01   21.4121
2021   02   2.4062
2021   03   3.7983
2021   04   11.9590
2021   05   45.8491
2021   06   60.7126
2021   07   21.4789
2021   08   67.3636
2021   09   15.6949
2021   10   9.2887
2021   11   3.4001
2021   12   3.4287
2022   01   4.9623
2022   02   5.4018
2022   03   4.2819
2022   04   42.8015
2022   05   28.7767
2022   06   71.2851
2022   07   103.5095
2022   08   18.4102
2022   09   14.0681
2022   10   5.9676
2022   11   6.6774
2022   12   3.5955
2023   01   5.9325
2023   02   2.5764
2023   03   3.4768
2023   04   26.1580
2023   05   25.1545
2023   06   112.5459
2023   07   54.0421
2023   08   169.1512
2023   09   30.0205
2023   10   20.4246
2023   11   23.2020
2023   12   4.1592
2024   01   4.6342
2024   02   4.0401
2024   03   4.6161
2024   04   22.8214
2024   05   48.3661
2024   06   242.5621
2024   07   45.8479
2024   08   96.1355
2024   09   18.5191
2024   10   11.2931
2024   11   4.5175
2024   11   4.5175
2024   12   3.6423
2025   01   5.0978
2025   02   2.4664
2025   03   6.9309
2025   04   15.8264
2025   05   67.0900
2025   06   111.4400
