1991   01   62.1155
1991   02   28.7102
1991   03   97.0060
1991   04   80.1684
1991   05   220.2750
1991   06   171.6880
1991   07   203.3326
1991   08   117.3814
1991   09   122.1544
1991   10   178.5167
1991   11   69.6544
1991   12   178.6040
1992   01   33.3359
1992   02   30.7489
1992   03   93.5798
1992   04   125.5340
1992   05   317.8254
1992   06   203.4716
1992   07   122.5742
1992   08   125.1344
1992   09   151.7982
1992   10   163.5157
1992   11   63.7820
1992   12   67.6451
1993   01   66.6792
1993   02   34.4638
1993   03   232.2601
1993   04   195.6348
1993   05   376.0854
1993   06   370.1547
1993   07   287.7408
1993   08   97.0021
1993   09   44.0565
1993   10   124.8557
1993   11   146.5650
1993   12   51.9937
1994   01   81.3120
1994   02   20.6937
1994   03   37.9382
1994   04   153.0024
1994   05   206.8069
1994   06   271.6116
1994   07   192.5484
1994   08   226.0124
1994   09   156.8163
1994   10   180.1104
1994   11   102.4318
1994   12   120.9361
1995   01   126.8290
1995   02   32.2921
1995   03   41.4697
1995   04   161.0047
1995   05   170.8555
1995   06   274.1189
1995   07   192.7372
1995   08   218.3129
1995   09   80.4874
1995   10   102.5734
1995   11   60.0081
1995   12   14.9595
1996   01   49.7347
1996   02   73.1429
1996   03   121.4770
1996   04   111.1090
1996   05   182.6005
1996   06   126.5794
1996   07   88.9078
1996   08   148.9969
1996   09   58.2343
1996   10   70.5233
1996   11   98.9147
1996   12   39.8699
1997   01   55.3206
1997   02   61.2353
1997   03   33.4337
1997   04   195.5666
1997   05   181.1540
1997   06   368.5984
1997   07   316.4307
1997   08   183.8658
1997   09   90.1788
1997   10   102.7990
1997   11   118.4308
1997   12   41.1582
1998   01   33.1481
1998   02   17.0952
1998   03   82.5754
1998   04   103.4028
1998   05   215.7408
1998   06   210.6146
1998   07   102.4986
1998   08   89.8420
1998   09   78.6618
1998   10   21.4215
1998   11   49.0754
1998   12   83.1517
1999   01   35.9555
1999   02   28.6109
1999   03   64.9151
1999   04   30.2565
1999   05   181.2893
1999   06   219.0835
1999   07   140.8257
1999   08   247.4393
1999   09   119.6191
1999   10   20.3871
1999   11   74.5400
1999   12   33.9858
2000   01   74.7060
2000   02   165.2971
2000   03   82.1021
2000   04   173.6130
2000   05   119.8715
2000   06   407.2111
2000   07   254.8050
2000   08   78.9879
2000   09   118.6116
2000   10   189.8475
2000   11   88.4565
2000   12   43.5196
2001   01   211.2808
2001   02   31.0087
2001   03   150.1588
2001   04   87.5229
2001   05   300.5706
2001   06   213.6592
2001   07   305.5805
2001   08   126.7057
2001   09   78.9586
2001   10   74.9633
2001   11   89.6158
2001   12   24.9779
2002   01   43.0327
2002   02   95.1499
2002   03   93.0691
2002   04   165.4794
2002   05   305.2162
2002   06   125.7153
2002   07   129.9631
2002   08   205.7026
2002   09   178.6848
2002   10   316.7113
2002   11   194.2344
2002   12   159.4776
2003   01   59.7614
2003   02   32.4963
2003   03   80.3695
2003   04   69.6751
2003   05   64.9525
2003   06   285.6100
2003   07   148.7549
2003   08   149.7264
2003   09   186.0034
2003   10   108.9849
2003   11   137.8474
2003   12   107.3874
2004   01   49.5684
2004   02   40.4528
2004   03   70.4840
2004   04   297.3656
2004   05   64.5321
2004   06   372.6947
2004   07   193.6100
2004   08   227.5860
2004   09   77.0544
2004   10   150.1915
2004   11   140.4921
2004   12   106.2098
2005   01   47.2551
2005   02   57.7104
2005   03   163.3461
2005   04   105.2428
2005   05   427.2987
2005   06   284.0597
2005   07   225.5795
2005   08   230.4968
2005   09   76.8153
2005   10   79.6707
2005   11   102.6662
2005   12   49.7474
2006   01   157.8956
2006   02   40.2523
2006   03   110.6793
2006   04   161.4961
2006   05   172.1738
2006   06   320.6859
2006   07   213.1448
2006   08   165.0211
2006   09   119.8708
2006   10   174.0913
2006   11   49.5199
2006   12   161.3688
2007   01   49.0232
2007   02   50.1892
2007   03   63.8690
2007   04   173.5250
2007   05   37.8522
2007   06   158.7633
2007   07   146.8930
2007   08   142.4012
2007   09   106.1658
2007   10   109.9684
2007   11   78.4687
2007   12   31.9529
2008   01   52.4967
2008   02   25.9476
2008   03   51.3161
2008   04   131.8062
2008   05   318.2953
2008   06   146.5443
2008   07   279.6990
2008   08   223.8428
2008   09   33.4198
2008   10   28.9359
2008   11   75.7997
2008   12   55.6461
2009   01   40.7470
2009   02   64.2041
2009   03   69.7794
2009   04   112.6831
2009   05   328.2237
2009   06   170.5938
2009   07   87.9941
2009   08   294.8188
2009   09   52.6758
2009   10   139.3375
2009   11   116.3949
2009   12   106.3047
2010   01   60.8462
2010   02   75.7708
2010   03   140.9467
2010   04   39.7717
2010   05   117.3732
2010   06   266.5897
2010   07   145.8074
2010   08   173.5858
2010   09   54.7892
2010   10   72.4416
2010   11   65.7625
2010   12   58.8833
2011   01   95.2352
2011   02   22.4899
2011   03   123.1840
2011   04   147.3115
2011   05   154.9244
2011   06   158.3518
2011   07   178.1051
2011   08   185.4380
2011   09   203.4366
2011   10   55.8458
2011   11   55.2015
2011   12   24.2059
2012   01   93.7932
2012   02   140.1946
2012   03   56.8281
2012   04   56.3453
2012   05   300.0771
2012   06   240.5320
2012   07   146.5513
2012   08   204.8879
2012   09   77.3337
2012   10   57.8827
2012   11   67.9321
2012   12   205.1753
2013   01   26.7346
2013   02   55.2299
2013   03   77.4699
2013   04   161.3563
2013   05   210.7744
2013   06   216.3603
2013   07   127.8169
2013   08   163.4286
2013   09   121.4962
2013   10   61.5437
2013   11   53.3816
2013   12   21.6393
2014   01   56.0423
2014   02   26.1967
2014   03   64.3475
2014   04   105.8302
2014   05   142.9424
2014   06   278.5948
2014   07   234.0733
2014   08   161.1039
2014   09   121.1284
2014   10   99.1667
2014   11   62.4207
2014   12   24.6820
2015   01   13.9803
2015   02   17.2723
2015   03   49.9698
2015   04   116.4745
2015   05   320.4517
2015   06   170.0979
2015   07   277.7980
2015   08   228.6560
2015   09   95.9405
2015   10   55.2076
2015   11   48.7774
2015   12   47.9004
2016   01   41.4252
2016   02   30.4034
2016   03   59.3177
2016   04   97.5071
2016   05   100.8215
2016   06   32.5473
2016   07   151.8234
2016   08   208.7945
2016   09   66.9215
2016   10   75.7208
2016   11   105.5835
2016   12   51.5126
2017   01   47.1378
2017   02   75.4015
2017   03   79.7297
2017   04   115.7279
2017   05   226.1911
2017   06   224.4774
2017   07   149.9811
2017   08   333.9081
2017   09   81.0261
2017   10   215.3766
2017   11   50.3111
2017   12   43.4699
2018   01   54.2834
2018   02   41.5589
2018   03   160.5311
2018   04   159.3843
2018   05   139.5674
2018   06   212.8435
2018   07   107.2256
2018   08   195.7604
2018   09   144.1535
2018   10   73.0230
2018   11   127.1714
2018   12   55.9525
2019   01   22.7294
2019   02   18.9436
2019   03   36.7856
2019   04   64.5475
2019   05   151.4547
2019   06   154.4417
2019   07   206.3941
2019   08   133.8643
2019   09   44.3287
2019   10   83.3641
2019   11   168.1237
2019   12   27.6898
2020   01   37.7033
2020   02   33.2485
2020   03   89.8243
2020   04   146.5049
2020   05   215.2814
2020   06   277.8005
2020   07   215.8120
2020   08   113.6527
2020   09   54.0330
2020   10   44.5240
2020   11   96.4156
2020   12   42.2051
2021   01   37.3713
2021   02   10.4903
2021   03   33.3766
2021   04   160.7863
2021   05   108.7202
2021   06   193.5146
2021   07   96.1895
2021   08   112.9407
2021   09   56.0588
2021   10   46.3703
2021   11   87.8983
2021   12   39.4546
2022   01   86.5850
2022   02   44.0522
2022   03   92.8373
2022   04   153.2075
2022   05   108.1018
2022   06   183.4792
2022   07   264.2654
2022   08   80.3338
2022   09   66.7594
2022   10   53.2805
2022   11   73.6385
2022   12   48.2701
2023   01   34.2950
2023   02   24.4944
2023   03   96.3768
2023   04   111.4510
2023   05   123.8234
2023   06   217.0942
2023   07   234.4786
2023   08   179.5206
2023   09   85.4507
2023   10   62.0087
2023   11   83.8506
2023   12   33.1656
2024   01   21.5269
2024   02   29.1709
2024   03   161.2800
2024   04   128.7035
2024   05   95.6801
2024   06   178.8956
2024   07   74.6083
2024   08   79.8867
2024   09   155.8384
2024   10   15.4371
2024   11   219.1753
2024   11   219.1753
2024   12   23.1834
2025   01   66.1278
2025   02   27.1525
2025   03   79.7157
2025   04   119.1503
2025   05   193.4643
2025   06   126.8485
