1981 1 116.8
1981 2 55.0
1981 3 106.1
1981 4 117.4
1981 5 378.1
1981 6 323.0
1981 7 196.9
1981 8 167.6
1981 9 193.4
1981 10 84.6
1981 11 71.0
1981 12 94.3
1982 1 88.7
1982 2 92.5
1982 3 69.7
1982 4 66.2
1982 5 386.2
1982 6 222.6
1982 7 200.2
1982 8 291.4
1982 9 120.7
1982 10 141.6
1982 11 105.0
1982 12 38.2
1983 1 73.5
1983 2 60.7
1983 3 67.5
1983 4 145.8
1983 5 178.5
1983 6 175.0
1983 7 169.4
1983 8 149.4
1983 9 145.6
1983 10 110.6
1983 11 49.5
1983 12 28.6
1984 1 124.4
1984 2 151.3
1984 3 51.3
1984 4 121.3
1984 5 207.7
1984 6 187.0
1984 7 178.7
1984 8 73.2
1984 9 151.8
1984 10 179.0
1984 11 61.5
1984 12 79.5
1985 1 92.8
1985 2 113.3
1985 3 75.7
1985 4 177.9
1985 5 313.7
1985 6 236.7
1985 7 218.2
1985 8 130.1
1985 9 113.4
1985 10 95.4
1985 11 107.9
1985 12 67.0
1986 1 105.4
1986 2 157.1
1986 3 138.8
1986 4 203.5
1986 5 201.6
1986 6 245.8
1986 7 106.6
1986 8 142.2
1986 9 109.7
1986 10 97.7
1986 11 146.5
1986 12 46.3
1987 1 43.9
1987 2 68.8
1987 3 86.6
1987 4 154.2
1987 5 130.6
1987 6 145.5
1987 7 241.4
1987 8 135.0
1987 9 158.7
1987 10 126.1
1987 11 49.0
1987 12 86.1
1988 1 83.9
1988 2 19.7
1988 3 99.9
1988 4 100.7
1988 5 110.6
1988 6 194.7
1988 7 79.5
1988 8 194.5
1988 9 99.0
1988 10 118.7
1988 11 50.9
1988 12 122.7
1989 1 81.7
1989 2 69.6
1989 3 121.5
1989 4 122.9
1989 5 49.4
1989 6 147.2
1989 7 166.1
1989 8 278.9
1989 9 104.8
1989 10 77.6
1989 11 104.0
1989 12 168.9
1990 1 50.5
1990 2 70.7
1990 3 98.6
1990 4 210.4
1990 5 220.7
1990 6 242.7
1990 7 155.3
1990 8 155.4
1990 9 184.1
1990 10 138.9
1990 11 81.8
1990 12 99.4
1991 1 96.1
1991 2 47.9
1991 3 84.4
1991 4 123.8
1991 5 233.4
1991 6 133.1
1991 7 176.2
1991 8 139.0
1991 9 200.3
1991 10 107.5
1991 11 92.4
1991 12 310.7
1992 1 13.2
1992 2 204.7
1992 3 129.8
1992 4 248.0
1992 5 246.0
1992 6 218.1
1992 7 108.8
1992 8 110.4
1992 9 202.8
1992 10 288.2
1992 11 100.0
1992 12 125.4
1993 1 72.4
1993 2 39.7
1993 3 176.0
1993 4 226.0
1993 5 259.0
1993 6 263.4
1993 7 232.7
1993 8 96.9
1993 9 50.4
1993 10 124.9
1993 11 180.5
1993 12 90.0
1994 1 80.2
1994 2 41.6
1994 3 58.8
1994 4 152.0
1994 5 247.8
1994 6 313.4
1994 7 214.8
1994 8 198.0
1994 9 194.8
1994 10 174.7
1994 11 158.2
1994 12 158.6
1995 1 125.9
1995 2 27.0
1995 3 60.8
1995 4 136.6
1995 5 208.8
1995 6 264.9
1995 7 172.6
1995 8 163.4
1995 9 85.8
1995 10 109.7
1995 11 49.6
1995 12 8.9
1996 1 57.3
1996 2 68.5
1996 3 147.0
1996 4 117.4
1996 5 134.2
1996 6 68.6
1996 7 81.8
1996 8 151.6
1996 9 98.2
1996 10 115.4
1996 11 152.2
1996 12 94.8
1997 1 248.6
1997 2 57.4
1997 3 40.8
1997 4 276.7
1997 5 111.9
1997 6 356.5
1997 7 280.4
1997 8 129.0
1997 9 135.5
1997 10 177.2
1997 11 108.8
1997 12 101.0
1998 1 39.2
1998 2 11.2
1998 3 86.4
1998 4 74.8
1998 5 111.2
1998 6 100.0
1998 7 130.8
1998 8 208.9
1998 9 92.6
1998 10 55.4
1998 11 76.4
1998 12 63.2
1999 1 64.8
1999 2 45.2
1999 3 116.8
1999 4 65.0
1999 5 125.2
1999 6 247.4
1999 7 136.4
1999 8 207.8
1999 9 138.0
1999 10 50.4
1999 11 67.4
1999 12 79.6
2000 1 87.4
2000 2 151.4
2000 3 88.0
2000 4 107.2
2000 5 63.0
2000 6 363.4
2000 7 215.8
2000 8 102.0
2000 9 88.2
2000 10 156.0
2000 11 124.8
2000 12 68.0
2001 1 235.2
2001 2 53.0
2001 3 148.8
2001 4 86.3
2001 5 199.5
2001 6 175.8
2001 7 257.0
2001 8 176.9
2001 9 80.2
2001 10 110.6
2001 11 105.6
2001 12 23.8
2002 1 70.0
2002 2 113.8
2002 3 115.5
2002 4 151.6
2002 5 345.2
2002 6 209.8
2002 7 130.8
2002 8 196.8
2002 9 178.4
2002 10 259.4
2002 11 170.2
2002 12 92.8
2003 1 97.0
2003 2 56.4
2003 3 67.6
2003 4 106.2
2003 5 70.0
2003 6 214.4
2003 7 127.8
2003 8 182.6
2003 9 142.2
2003 10 94.8
2003 11 130.4
2003 12 122.0
2004 1 67.8
2004 2 44.2
2004 3 116.4
2004 4 265.6
2004 5 49.6
2004 6 326.0
2004 7 133.8
2004 8 131.5
2004 9 103.8
2004 10 170.6
2004 11 80.8
2004 12 84.6
2005 1 68.0
2005 2 14.8
2005 3 192.0
2005 4 126.6
2005 5 388.1
2005 6 226.2
2005 7 212.8
2005 8 201.4
2005 9 71.4
2005 10 44.8
2005 11 169.7
2005 12 52.0
2006 1 137.6
2006 2 70.7
2006 3 149.0
2006 4 163.2
2006 5 156.6
2006 6 292.2
2006 7 280.4
2006 8 126.0
2006 9 138.8
2006 10 176.2
2006 11 63.9
2006 12 175.2
2007 1 21.6
2007 2 44.8
2007 3 77.4
2007 4 141.2
2007 5 82.9
2007 6 138.4
2007 7 179.2
2007 8 148.2
2007 9 162.0
2007 10 144.8
2007 11 51.4
2007 12 61.0
2008 1 38.7
2008 2 43.8
2008 3 62.4
2008 4 160.6
2008 5 354.6
2008 6 169.2
2008 7 268.4
2008 8 233.2
2008 9 42.9
2008 10 59.4
2008 11 119.8
2008 12 29.8
2009 1 31.6
2009 2 115.6
2009 3 66.6
2009 4 141.0
2009 5 215.8
2009 6 187.6
2009 7 82.8
2009 8 263.0
2009 9 70.8
2009 10 137.1
2009 11 162.6
2009 12 118.6
2010 1 94.2
2010 2 76.0
2010 3 114.8
2010 4 69.0
2010 5 111.6
2010 6 197.2
2010 7 123.0
2010 8 155.8
2010 9 84.8
2010 10 93.8
2010 11 94.6
2010 12 78.6
2011 1 115.6
2011 2 38.0
2011 3 190.8
2011 4 122.0
2011 5 136.2
2011 6 188.0
2011 7 264.4
2011 8 200.8
2011 9 173.0
2011 10 61.6
2011 11 136.7
2011 12 33.5
2012 1 70.2
2012 2 147.0
2012 3 36.4
2012 4 88.0
2012 5 226.4
2012 6 233.2
2012 7 165.2
2012 8 164.5
2012 9 83.4
2012 10 50.9
2012 11 24.6
2012 12 227.8
2013 1 37.8
2013 2 117.4
2013 3 103.0
2013 4 137.0
2013 5 231.8
2013 6 225.0
2013 7 175.2
2013 8 229.0
2013 9 135.4
2013 10 32.9
2013 11 75.0
2013 12 47.6
2014 1 95.4
2014 2 60.8
2014 3 105.8
2014 4 154.8
2014 5 190.0
2014 6 238.4
2014 7 213.8
2014 8 123.6
2014 9 138.6
2014 10 102.2
2014 11 52.0
2014 12 44.8
2015 1 9.6
2015 2 25.6
2015 3 55.6
2015 4 99.0
2015 5 224.4
2015 6 164.8
2015 7 270.9
2015 8 264.6
2015 9 80.8
2015 10 64.0
2015 11 101.0
2015 12 66.2
2016 1 18.6
2016 2 39.2
2016 3 37.8
2016 4 127.6
2016 5 29.8
2016 6 45.0
2016 7 129.0
2016 8 185.6
2016 9 81.6
2016 10 88.4
2016 11 80.2
2016 12 101.0
2017 1 73.0
2017 2 137.4
2017 3 71.4
2017 4 110.2
2017 5 220.6
2017 6 275.6
2017 7 122.2
2017 8 314.4
2017 9 112.2
2017 10 203.0
2017 11 53.0
2017 12 91.0
2018 1 44.6
2018 2 31.8
2018 3 157.8
2018 4 134.2
2018 5 131.6
2018 6 171.0
2018 7 86.8
2018 8 183.6
2018 9 163.2
2018 10 147.6
2018 11 122.8
2018 12 66.6
2019 1 33.2
2019 2 21.2
2019 3 55.0
2019 4 120.0
2019 5 148.6
2019 6 179.2
2019 7 183.2
2019 8 87.4
2019 9 59.2
2019 10 86.6
2019 11 92.6
2019 12 61.0
2020 1 76.0
2020 2 49.4
2020 3 60.4
2020 4 133.6
2020 5 183.6
2020 6 204.2
2020 7 173.4
2020 8 166.6
2020 9 77.2
2020 10 74.8
2020 11 57.0
2020 12 95.8
2021 1 44.6
2021 2 9.8
2021 3 33.8
2021 4 116.8
2021 5 50.0
2021 6 96.2
2021 7 96.2
2021 8 152.9
2021 9 77.2
2021 10 40.2
2021 11 44.4
2021 12 40.0
2022 1 65.4
2022 2 67.4
2022 3 104.2
2022 4 98.8
2022 5 96.6
2022 6 173.0
2022 7 203.0
2022 8 36.8
2022 9 21.0
2022 10 56.2
2022 11 53.6
2022 12 31.0
2023 1 32.4
2023 2 26.1
2023 3 74.2
2023 4 110.8
2023 5 120.8
2023 6 159.8
2023 7 169.8
2023 8 145.7
2023 9 175.6
2023 10 72.0
2023 11 109.0
2023 12 34.2
2024 1 37.0
2024 2 27.2
2024 3 62.4
2024 4 72.0
2024 5 84.6
2024 6 89.4
2024 7 68.8
2024 8 48.2
2024 9 99.4
2024 10 26.6
2024 11 116.6
2024 12 18.4
2025 1 14.8
2025 2 34.4
2025 3 50.8
2025 4 64.0
2025 5 97.2
2025 6 130.4
