1991   01   23.0753
1991   02   14.5266
1991   03   9.9379
1991   04   12.7532
1991   05   4.6693
1991   06   7.2988
1991   07   2.4105
1991   08   2.3746
1991   09   3.7421
1991   10   8.3563
1991   11   14.1618
1991   12   27.6064
1992   01   23.0464
1992   02   14.5919
1992   03   15.1441
1992   04   11.6344
1992   05   4.4752
1992   06   6.6766
1992   07   2.3814
1992   08   2.4297
1992   09   3.9911
1992   10   10.5937
1992   11   14.7453
1992   12   29.4877
1993   01   29.7911
1993   02   16.3289
1993   03   12.9239
1993   04   10.4466
1993   05   4.1189
1993   06   6.6737
1993   07   2.1160
1993   08   2.3795
1993   09   3.7329
1993   10   8.2490
1993   11   14.0974
1993   12   27.4688
1994   01   22.8424
1994   02   14.4635
1994   03   12.5825
1994   04   13.3632
1994   05   4.7708
1994   06   6.5495
1994   07   2.3808
1994   08   2.3363
1994   09   4.1781
1994   10   8.3570
1994   11   14.1051
1994   12   29.9649
1995   01   25.2932
1995   02   14.5265
1995   03   12.5981
1995   04   10.4916
1995   05   5.0928
1995   06   6.7188
1995   07   2.6002
1995   08   2.4528
1995   09   3.6355
1995   10   8.2819
1995   11   14.1196
1995   12   27.3205
1996   01   23.0824
1996   02   15.4685
1996   03   9.9289
1996   04   10.4917
1996   05   4.4660
1996   06   7.3037
1996   07   2.3805
1996   08   2.3569
1996   09   3.6906
1996   10   8.3325
1996   11   15.4211
1996   12   27.6098
1997   01   22.9337
1997   02   16.1383
1997   03   9.9377
1997   04   10.4916
1997   05   6.5805
1997   06   7.8791
1997   07   2.3808
1997   08   2.6455
1997   09   5.8172
1997   10   9.2168
1997   11   14.1197
1997   12   27.6064
1998   01   22.9552
1998   02   14.5264
1998   03   9.9056
1998   04   11.9341
1998   05   4.2024
1998   06   7.3129
1998   07   2.3808
1998   08   2.5502
1998   09   3.9318
1998   10   9.5876
1998   11   14.1197
1998   12   27.7710
1999   01   23.1344
1999   02   20.0525
1999   03   9.9377
1999   04   11.8037
1999   05   4.4715
1999   06   6.7910
1999   07   2.6126
1999   08   2.3166
1999   09   3.8819
1999   10   10.1185
1999   11   14.1195
1999   12   27.5903
2000   01   27.4886
2000   02   12.6076
2000   03   11.0606
2000   04   8.2293
2000   05   5.6834
2000   06   5.8268
2000   07   2.3517
2000   08   2.2015
2000   09   3.0722
2000   10   7.9326
2000   11   12.2348
2000   12   22.8994
2001   01   22.5780
2001   02   16.8328
2001   03   23.8050
2001   04   8.2292
2001   05   5.3459
2001   06   6.8602
2001   07   2.0933
2001   08   2.1886
2001   09   3.7174
2001   10   6.9830
2001   11   12.2348
2001   12   22.8582
2002   01   16.4696
2002   02   12.7492
2002   03   12.6887
2002   04   8.2292
2002   05   3.6769
2002   06   6.0687
2002   07   3.7221
2002   08   2.3165
2002   09   3.0669
2002   10   10.3881
2002   11   12.2345
2002   12   22.4156
2003   01   16.4157
2003   02   11.2922
2003   03   8.0272
2003   04   9.4668
2003   05   4.9312
2003   06   5.9291
2003   07   2.3491
2003   08   2.1815
2003   09   3.2914
2003   10   7.0527
2003   11   12.2345
2003   12   20.3850
2004   01   16.3615
2004   02   11.2922
2004   03   8.0271
2004   04   8.2292
2004   05   3.6751
2004   06   6.2368
2004   07   3.1682
2004   08   2.2045
2004   09   3.8370
2004   10   7.0017
2004   11   12.2347
2004   12   20.2803
2005   01   21.1744
2005   02   25.0094
2005   03   7.9615
2005   04   10.3716
2005   05   3.3796
2005   06   5.4877
2005   07   2.0941
2005   08   2.2289
2005   09   2.9868
2005   10   7.5865
2005   11   12.1683
2005   12   18.6532
2006   01   13.2010
2006   02   19.2145
2006   03   7.9615
2006   04   8.7510
2006   05   3.8569
2006   06   5.5089
2006   07   2.6596
2006   08   2.2126
2006   09   3.3458
2006   10   8.6416
2006   11   12.1993
2006   12   20.5040
2007   01   19.9062
2007   02   11.2923
2007   03   12.2073
2007   04   11.0426
2007   05   3.6823
2007   06   5.6631
2007   07   3.8155
2007   08   2.1827
2007   09   3.2288
2007   10   7.8222
2007   11   12.2298
2007   12   22.7658
2008   01   29.3699
2008   02   12.9130
2008   03   7.9616
2008   04   7.7899
2008   05   3.4147
2008   06   5.5136
2008   07   2.0940
2008   08   2.2126
2008   09   2.7778
2008   10   6.6936
2008   11   12.1994
2008   12   24.4350
2009   01   13.2186
2009   02   10.8900
2009   03   9.1091
2009   04   7.6043
2009   05   3.5640
2009   06   5.4617
2009   07   2.5591
2009   08   2.2126
2009   09   3.1982
2009   10   6.6936
2009   11   12.1993
2009   12   20.8490
2010   01   17.4670
2010   02   10.8900
2010   03   7.9615
2010   04   10.7603
2010   05   3.4591
2010   06   5.5396
2010   07   2.0945
2010   08   2.2818
2010   09   2.8452
2010   10   6.6936
2010   11   12.1993
2010   12   18.6489
2011   01   13.2710
2011   02   13.0221
2011   03   7.9615
2011   04   7.7899
2011   05   3.3775
2011   06   5.8581
2011   07   2.0997
2011   08   2.2289
2011   09   2.8434
2011   10   6.6936
2011   11   12.1993
2011   12   19.8235
2012   01   16.0831
2012   02   16.0346
2012   03   9.1277
2012   04   7.7900
2012   05   3.4134
2012   06   5.4617
2012   07   2.0941
2012   08   2.2126
2012   09   2.8579
2012   10   6.6936
2012   11   12.1915
2012   12   31.4616
2013   01   40.9910
2013   02   12.2202
2013   03   8.6793
2013   04   8.7334
2013   05   5.5440
2013   06   6.7967
2013   07   2.1277
2013   08   2.3062
2013   09   3.5072
2013   10   8.5135
2013   11   13.5445
2013   12   40.7362
2014   01   24.8359
2014   02   11.7999
2014   03   8.6110
2014   04   11.1814
2014   05   4.3733
2014   06   6.1320
2014   07   2.1278
2014   08   2.3633
2014   09   3.5448
2014   10   8.5048
2014   11   13.5445
2014   12   38.1947
2015   01   42.1234
2015   02   15.4750
2015   03   11.3089
2015   04   9.9165
2015   05   5.6159
2015   06   5.9349
2015   07   3.3074
2015   08   2.4366
2015   09   3.0464
2015   10   12.2776
2015   11   13.5445
2015   12   44.3030
2016   01   25.1357
2016   02   11.7999
2016   03   8.6110
2016   04   10.3698
2016   05   5.9298
2016   06   8.0313
2016   07   3.7538
2016   08   2.4322
2016   09   3.2787
2016   10   7.3000
2016   11   13.5444
2016   12   34.1404
2017   01   37.5946
2017   02   11.7999
2017   03   9.8557
2017   04   8.7334
2017   05   6.3646
2017   06   9.0192
2017   07   2.1277
2017   08   2.3529
2017   09   3.0287
2017   10   7.4507
2017   11   13.5445
2017   12   34.8453
2018   01   27.6532
2018   02   18.7993
2018   03   8.6110
2018   04   10.8141
2018   05   4.0727
2018   06   6.0860
2018   07   2.3776
2018   08   2.3398
2018   09   3.1003
2018   10   7.6016
2018   11   13.6935
2018   12   42.4475
2019   01   40.9670
2019   02   24.0975
2019   03   8.6110
2019   04   8.6728
2019   05   4.2600
2019   06   6.2404
2019   07   2.1278
2019   08   2.3405
2019   09   3.0150
2019   10   8.4197
2019   11   13.1364
2019   12   42.7870
2020   01   30.2860
2020   02   12.2216
2020   03   9.9548
2020   04   8.5539
2020   05   3.8339
2020   06   6.5197
2020   07   2.1043
2020   08   2.2257
2020   09   3.1601
2020   10   7.7859
2020   11   13.1519
2020   12   38.8324
2021   01   24.9107
2021   02   11.3949
2021   03   8.4055
2021   04   8.4817
2021   05   4.9667
2021   06   6.0417
2021   07   2.2350
2021   08   2.1983
2021   09   3.1716
2021   10   8.0741
2021   11   13.3778
2021   12   50.1236
2022   01   30.8410
2022   02   11.3948
2022   03   10.5566
2022   04   9.0569
2022   05   3.8281
2022   06   6.0196
2022   07   2.1022
2022   08   2.1520
2022   09   3.2226
2022   10   11.6051
2022   11   13.3776
2022   12   45.0843
2023   01   29.0348
2023   02   11.3948
2023   03   8.4722
2023   04   8.9246
2023   05   3.8450
2023   06   5.6841
2023   07   2.1970
2023   08   2.1896
2023   09   2.8469
2023   10   6.2623
2023   11   13.5443
2023   12   43.0010
2024   01   23.9894
2024   02   15.3116
2024   03   8.6094
2024   04   8.0423
2024   05   3.2651
2024   06   4.8498
2024   07   2.1228
2024   08   2.1269
2024   09   2.6631
2024   10   5.7590
2024   11   10.3645
2024   11   10.3645
2024   12   22.2689
2025   01   16.6172
2025   02   22.1032
2025   03   6.2654
2025   04   11.8324
2025   05   3.3429
2025   06   6.0729
