1991   01   9.6358
1991   02   5.8851
1991   03   11.4784
1991   04   61.5122
1991   05   250.6898
1991   06   172.3794
1991   07   223.9357
1991   08   71.5166
1991   09   113.1860
1991   10   55.8404
1991   11   34.0439
1991   12   34.7227
1992   01   7.5694
1992   02   14.0510
1992   03   15.0503
1992   04   61.2611
1992   05   550.1870
1992   06   490.0637
1992   07   59.4528
1992   08   126.3455
1992   09   40.6836
1992   10   30.0081
1992   11   20.7350
1992   12   14.8043
1993   01   6.2717
1993   02   13.1896
1993   03   12.5462
1993   04   76.0294
1993   05   289.8399
1993   06   205.6531
1993   07   161.5525
1993   08   51.5943
1993   09   19.4589
1993   10   29.5812
1993   11   19.3351
1993   12   10.6560
1994   01   5.8178
1994   02   5.5658
1994   03   18.1429
1994   04   75.8593
1994   05   135.5275
1994   06   270.5463
1994   07   173.9538
1994   08   38.1726
1994   09   93.8565
1994   10   47.2695
1994   11   11.5140
1994   12   16.1874
1995   01   5.7566
1995   02   6.3066
1995   03   10.1455
1995   04   101.6278
1995   05   46.7811
1995   06   221.0806
1995   07   170.4146
1995   08   110.8615
1995   09   18.1568
1995   10   40.2179
1995   11   8.8647
1995   12   7.1679
1996   01   6.2673
1996   02   6.9565
1996   03   13.4179
1996   04   59.1707
1996   05   110.7102
1996   06   173.9911
1996   07   78.7981
1996   08   139.6557
1996   09   16.7010
1996   10   22.1337
1996   11   13.8213
1996   12   12.1525
1997   01   8.4035
1997   02   8.0312
1997   03   9.7248
1997   04   87.0592
1997   05   178.2747
1997   06   401.7293
1997   07   151.3678
1997   08   92.4560
1997   09   59.8782
1997   10   87.2046
1997   11   41.3539
1997   12   12.9425
1998   01   9.1406
1998   02   8.7969
1998   03   10.7699
1998   04   51.0106
1998   05   110.5335
1998   06   61.0327
1998   07   39.3071
1998   08   57.3580
1998   09   35.0143
1998   10   12.9363
1998   11   13.8651
1998   12   12.8462
1999   01   7.2219
1999   02   7.5367
1999   03   19.7991
1999   04   29.5743
1999   05   103.0489
1999   06   199.5856
1999   07   113.1097
1999   08   155.0409
1999   09   110.3063
1999   10   30.0598
1999   11   14.5629
1999   12   8.1789
2000   01   6.4067
2000   02   20.2484
2000   03   11.8548
2000   04   58.9717
2000   05   93.8549
2000   06   542.4713
2000   07   74.8422
2000   08   73.5663
2000   09   187.6707
2000   10   39.9544
2000   11   27.6434
2000   12   8.5220
2001   01   9.1204
2001   02   4.7877
2001   03   20.4210
2001   04   52.5053
2001   05   420.1579
2001   06   147.2241
2001   07   382.8756
2001   08   205.1258
2001   09   40.7746
2001   10   28.6111
2001   11   13.9369
2001   12   7.5121
2002   01   7.3906
2002   02   9.6885
2002   03   35.9221
2002   04   43.5621
2002   05   325.8990
2002   06   259.0839
2002   07   177.5665
2002   08   331.0550
2002   09   61.8293
2002   10   80.0144
2002   11   17.2486
2002   12   15.6901
2003   01   9.6329
2003   02   3.2588
2003   03   11.1060
2003   04   33.6127
2003   05   162.0790
2003   06   281.2412
2003   07   125.0543
2003   08   56.6910
2003   09   80.8867
2003   10   32.7994
2003   11   60.0153
2003   12   10.4486
2004   01   6.0678
2004   02   5.0380
2004   03   29.0936
2004   04   81.7926
2004   05   54.9261
2004   06   229.5089
2004   07   191.0719
2004   08   171.7746
2004   09   53.9573
2004   10   51.7496
2004   11   73.6265
2004   12   16.1376
2005   01   4.8516
2005   02   5.6996
2005   03   30.8969
2005   04   23.8689
2005   05   342.3112
2005   06   420.5099
2005   07   141.9728
2005   08   283.0186
2005   09   39.6592
2005   10   31.3347
2005   11   29.4025
2005   12   14.7721
2006   01   10.2737
2006   02   4.3187
2006   03   11.5408
2006   04   47.0279
2006   05   152.5893
2006   06   283.7222
2006   07   363.4095
2006   08   152.6538
2006   09   49.5071
2006   10   75.6944
2006   11   8.4925
2006   12   17.1280
2007   01   10.4566
2007   02   20.9005
2007   03   21.3640
2007   04   42.8579
2007   05   95.6296
2007   06   156.3432
2007   07   139.3874
2007   08   107.9662
2007   09   30.8239
2007   10   27.0238
2007   11   7.4921
2007   12   11.1867
2008   01   5.0413
2008   02   3.4113
2008   03   11.9122
2008   04   37.6914
2008   05   264.4155
2008   06   136.4588
2008   07   132.6156
2008   08   158.9302
2008   09   29.3020
2008   10   18.3950
2008   11   7.4377
2008   12   9.6212
2009   01   6.2201
2009   02   3.8995
2009   03   9.3374
2009   04   19.0047
2009   05   136.9935
2009   06   240.9433
2009   07   87.1233
2009   08   186.5637
2009   09   85.2446
2009   10   39.1073
2009   11   33.5999
2009   12   8.5575
2010   01   9.5409
2010   02   12.8954
2010   03   10.1069
2010   04   17.4085
2010   05   103.5326
2010   06   280.5721
2010   07   160.1743
2010   08   63.5910
2010   09   21.5225
2010   10   34.7452
2010   11   10.3976
2010   12   14.5451
2011   01   9.1769
2011   02   4.6686
2011   03   27.2168
2011   04   71.2218
2011   05   57.4080
2011   06   144.7415
2011   07   115.5470
2011   08   138.8803
2011   09   37.6205
2011   10   23.4628
2011   11   19.6763
2011   12   8.5214
2012   01   5.9793
2012   02   9.8660
2012   03   9.7349
2012   04   23.5414
2012   05   356.3721
2012   06   255.1506
2012   07   50.4240
2012   08   126.6518
2012   09   27.0483
2012   10   64.5040
2012   11   17.2846
2012   12   24.0371
2013   01   7.8912
2013   02   4.3495
2013   03   9.0225
2013   04   18.0282
2013   05   158.2010
2013   06   81.4569
2013   07   130.9107
2013   08   64.5760
2013   09   63.2219
2013   10   26.7547
2013   11   17.2203
2013   12   7.7228
2014   01   6.7674
2014   02   10.8758
2014   03   30.7315
2014   04   40.5068
2014   05   149.9026
2014   06   232.8872
2014   07   108.5795
2014   08   74.1349
2014   09   73.7801
2014   10   19.4191
2014   11   22.6690
2014   12   17.2069
2015   01   5.5418
2015   02   3.6119
2015   03   21.0068
2015   04   31.2034
2015   05   91.1996
2015   06   93.0439
2015   07   207.5265
2015   08   217.7369
2015   09   118.6094
2015   10   56.9505
2015   11   17.8431
2015   12   13.2282
2016   01   17.3322
2016   02   4.3560
2016   03   13.1652
2016   04   150.1516
2016   05   140.2785
2016   06   42.5087
2016   07   164.3321
2016   08   41.7158
2016   09   24.0425
2016   10   62.1215
2016   11   22.7726
2016   12   14.1843
2017   01   6.2115
2017   02   12.9946
2017   03   18.6312
2017   04   53.3868
2017   05   179.9642
2017   06   254.3088
2017   07   74.1110
2017   08   147.4308
2017   09   55.3226
2017   10   64.3265
2017   11   20.6479
2017   12   9.3346
2018   01   9.0046
2018   02   8.2166
2018   03   28.7680
2018   04   37.4560
2018   05   156.0681
2018   06   157.0088
2018   07   104.0741
2018   08   54.9050
2018   09   81.3269
2018   10   52.5676
2018   11   22.5279
2018   12   9.4454
2019   01   7.8335
2019   02   3.7090
2019   03   15.5893
2019   04   19.9850
2019   05   148.7598
2019   06   219.6256
2019   07   62.4425
2019   08   44.0797
2019   09   31.5329
2019   10   35.5275
2019   11   5.3783
2019   12   5.9407
2020   01   5.4246
2020   02   4.7650
2020   03   10.1716
2020   04   37.1767
2020   05   53.8086
2020   06   313.0350
2020   07   125.3901
2020   08   61.0454
2020   09   17.6348
2020   10   12.9136
2020   11   5.7103
2020   12   9.3527
2021   01   36.8571
2021   02   5.6981
2021   03   7.1815
2021   04   27.0988
2021   05   132.7057
2021   06   75.2604
2021   07   39.7548
2021   08   104.6027
2021   09   39.7555
2021   10   17.9066
2021   11   5.6962
2021   12   6.5898
2022   01   4.5387
2022   02   8.2262
2022   03   7.1524
2022   04   124.9383
2022   05   78.1979
2022   06   129.0324
2022   07   123.9760
2022   08   68.1464
2022   09   17.7145
2022   10   16.4363
2022   11   12.9046
2022   12   5.6367
2023   01   7.7112
2023   02   2.6037
2023   03   7.1320
2023   04   62.4806
2023   05   60.8665
2023   06   174.5834
2023   07   105.6407
2023   08   257.3824
2023   09   75.9249
2023   10   28.3410
2023   11   31.0693
2023   12   6.5410
2024   01   4.9669
2024   02   4.7764
2024   03   12.7026
2024   04   60.5548
2024   05   126.0387
2024   06   284.7209
2024   07   49.1731
2024   08   119.7133
2024   09   51.1101
2024   10   32.4066
2024   11   8.5848
2024   11   8.5848
2024   12   4.8621
2025   01   6.1931
2025   02   2.9380
2025   03   23.4536
2025   04   31.7259
2025   05   124.5800
2025   06   107.1654
