1991   01   0.4008
1991   02   4.1934
1991   03   2.5563
1991   04   7.2179
1991   05   71.9161
1991   06   82.2391
1991   07   127.7124
1991   08   52.7844
1991   09   6.2264
1991   10   13.8577
1991   11   4.5791
1991   12   3.5308
1992   01   0.4008
1992   02   4.3792
1992   03   8.0080
1992   04   15.5579
1992   05   90.6267
1992   06   103.7428
1992   07   31.9230
1992   08   70.3409
1992   09   6.0260
1992   10   7.6684
1992   11   10.0857
1992   12   2.7538
1993   01   0.4168
1993   02   5.6657
1993   03   2.9156
1993   04   18.9507
1993   05   46.8665
1993   06   70.0144
1993   07   53.2040
1993   08   35.0634
1993   09   4.0216
1993   10   9.2950
1993   11   5.1623
1993   12   3.0573
1994   01   0.4509
1994   02   6.2298
1994   03   3.1383
1994   04   12.6401
1994   05   22.1368
1994   06   72.5225
1994   07   63.6525
1994   08   21.4547
1994   09   7.1186
1994   10   12.1070
1994   11   5.2391
1994   12   4.1849
1995   01   0.4509
1995   02   8.4499
1995   03   3.3165
1995   04   11.3283
1995   05   21.5004
1995   06   53.0973
1995   07   50.9576
1995   08   33.3099
1995   09   10.9942
1995   10   9.2450
1995   11   4.6087
1995   12   3.1969
1996   01   0.4522
1996   02   6.0151
1996   03   3.3319
1996   04   12.0533
1996   05   16.1179
1996   06   40.6862
1996   07   41.7242
1996   08   26.6282
1996   09   3.7646
1996   10   9.5187
1996   11   4.0942
1996   12   3.3712
1997   01   0.4522
1997   02   5.9364
1997   03   4.1467
1997   04   6.6994
1997   05   72.6061
1997   06   265.4196
1997   07   65.2075
1997   08   89.1380
1997   09   7.0013
1997   10   18.0256
1997   11   6.3248
1997   12   3.3712
1998   01   0.4509
1998   02   6.1240
1998   03   3.3008
1998   04   13.2611
1998   05   35.7483
1998   06   40.4413
1998   07   20.4334
1998   08   24.1251
1998   09   11.7703
1998   10   9.8100
1998   11   5.7185
1998   12   3.3274
1999   01   0.4510
1999   02   8.2386
1999   03   3.6260
1999   04   11.7437
1999   05   14.1899
1999   06   40.8272
1999   07   28.7512
1999   08   107.7947
1999   09   24.4114
1999   10   16.4161
1999   11   5.6656
1999   12   3.1460
2000   01   0.4457
2000   02   5.4557
2000   03   2.5771
2000   04   18.5881
2000   05   32.2248
2000   06   237.1475
2000   07   37.5923
2000   08   19.3970
2000   09   21.4349
2000   10   8.5008
2000   11   7.7049
2000   12   2.6687
2001   01   0.4502
2001   02   5.2386
2001   03   2.7517
2001   04   9.9185
2001   05   45.9070
2001   06   51.5277
2001   07   214.3540
2001   08   75.7017
2001   09   10.2307
2001   10   7.6645
2001   11   4.6763
2001   12   2.5686
2002   01   0.4460
2002   02   5.0326
2002   03   3.1734
2002   04   10.4233
2002   05   162.8394
2002   06   126.1298
2002   07   37.7046
2002   08   86.8461
2002   09   13.3979
2002   10   10.2152
2002   11   4.9091
2002   12   2.9340
2003   01   0.4333
2003   02   4.9331
2003   03   2.5443
2003   04   5.3461
2003   05   67.3118
2003   06   80.9766
2003   07   32.5460
2003   08   32.0300
2003   09   6.8782
2003   10   7.0948
2003   11   10.4827
2003   12   2.5280
2004   01   0.4460
2004   02   4.8137
2004   03   3.1906
2004   04   11.9948
2004   05   21.5677
2004   06   84.1864
2004   07   121.9295
2004   08   62.7089
2004   09   4.3865
2004   10   8.2269
2004   11   21.1276
2004   12   2.4507
2005   01   0.4435
2005   02   4.9633
2005   03   5.6434
2005   04   4.3731
2005   05   80.4009
2005   06   124.2051
2005   07   59.0523
2005   08   163.2101
2005   09   9.3434
2005   10   11.9063
2005   11   7.4075
2005   12   2.6148
2006   01   0.4502
2006   02   5.1165
2006   03   2.5046
2006   04   4.9209
2006   05   40.2857
2006   06   81.1971
2006   07   142.2338
2006   08   59.2057
2006   09   4.8751
2006   10   20.0386
2006   11   4.0682
2006   12   2.6240
2007   01   0.4512
2007   02   5.3883
2007   03   3.2701
2007   04   9.0359
2007   05   37.2777
2007   06   82.2919
2007   07   48.0398
2007   08   45.9666
2007   09   4.2052
2007   10   7.4429
2007   11   4.1486
2007   12   2.7447
2008   01   0.4460
2008   02   5.0068
2008   03   2.8536
2008   04   5.5037
2008   05   89.9965
2008   06   51.2275
2008   07   60.1433
2008   08   109.3990
2008   09   7.9757
2008   10   7.4048
2008   11   3.7360
2008   12   2.6347
2009   01   0.4460
2009   02   4.9111
2009   03   2.5426
2009   04   2.7734
2009   05   21.7194
2009   06   80.0554
2009   07   46.1492
2009   08   75.0581
2009   09   11.7455
2009   10   11.2291
2009   11   4.0583
2009   12   2.6347
2010   01   0.4450
2010   02   4.8875
2010   03   2.4668
2010   04   2.8643
2010   05   39.2958
2010   06   31.8844
2010   07   16.9907
2010   08   27.3560
2010   09   3.0282
2010   10   10.0966
2010   11   6.1558
2010   12   2.6347
2011   01   0.4468
2011   02   5.5146
2011   03   2.4866
2011   04   4.7220
2011   05   7.0427
2011   06   55.2546
2011   07   34.8607
2011   08   86.9539
2011   09   2.9638
2011   10   5.8132
2011   11   4.4299
2011   12   2.6347
2012   01   0.4460
2012   02   5.0370
2012   03   2.4528
2012   04   8.9953
2012   05   76.4846
2012   06   90.3056
2012   07   11.6487
2012   08   58.0207
2012   09   4.5361
2012   10   19.9745
2012   11   4.9240
2012   12   2.8363
2013   01   0.4697
2013   02   5.9053
2013   03   6.0135
2013   04   3.7512
2013   05   92.0247
2013   06   37.3815
2013   07   34.0334
2013   08   46.0907
2013   09   11.3409
2013   10   11.3413
2013   11   3.9616
2013   12   2.8618
2014   01   0.4697
2014   02   5.5519
2014   03   3.2008
2014   04   4.8748
2014   05   12.6896
2014   06   62.1384
2014   07   56.2535
2014   08   52.7101
2014   09   15.7062
2014   10   10.6444
2014   11   7.0991
2014   12   2.8984
2015   01   0.4640
2015   02   6.4815
2015   03   7.7152
2015   04   3.8389
2015   05   16.4181
2015   06   12.8869
2015   07   56.6532
2015   08   149.0727
2015   09   10.0584
2015   10   21.1863
2015   11   8.5906
2015   12   3.1210
2016   01   0.4684
2016   02   5.5158
2016   03   3.5926
2016   04   35.8887
2016   05   64.9538
2016   06   55.8436
2016   07   83.7389
2016   08   26.5675
2016   09   2.1636
2016   10   16.9463
2016   11   4.8441
2016   12   4.6675
2017   01   0.4640
2017   02   5.3753
2017   03   3.4543
2017   04   9.8984
2017   05   65.5437
2017   06   69.5264
2017   07   41.8675
2017   08   61.3372
2017   09   4.9230
2017   10   18.7942
2017   11   6.6141
2017   12   2.8440
2018   01   0.4636
2018   02   5.4956
2018   03   3.1618
2018   04   5.8847
2018   05   42.3336
2018   06   42.4927
2018   07   29.1406
2018   08   31.1498
2018   09   5.9618
2018   10   8.2811
2018   11   3.8070
2018   12   2.7818
2019   01   0.4640
2019   02   5.4988
2019   03   5.7058
2019   04   8.0324
2019   05   26.4342
2019   06   23.5309
2019   07   29.6633
2019   08   23.4883
2019   09   7.9922
2019   10   11.0206
2019   11   2.9472
2019   12   2.4978
2020   01   0.4617
2020   02   5.4031
2020   03   2.8861
2020   04   5.7821
2020   05   8.3287
2020   06   82.0524
2020   07   40.8692
2020   08   18.5952
2020   09   3.4465
2020   10   7.6187
2020   11   4.2160
2020   12   2.8557
2021   01   1.0028
2021   02   5.3422
2021   03   4.0808
2021   04   3.7090
2021   05   16.5386
2021   06   16.3558
2021   07   9.9938
2021   08   31.8813
2021   09   4.6843
2021   10   12.1223
2021   11   3.8234
2021   12   2.6889
2022   01   0.5032
2022   02   8.9473
2022   03   3.2218
2022   04   12.5994
2022   05   7.3937
2022   06   28.4525
2022   07   86.5796
2022   08   24.0843
2022   09   3.0572
2022   10   5.9005
2022   11   4.1353
2022   12   2.7187
2023   01   0.4690
2023   02   5.1409
2023   03   2.7574
2023   04   5.6030
2023   05   15.7326
2023   06   41.8143
2023   07   37.6497
2023   08   85.9810
2023   09   9.7561
2023   10   8.8149
2023   11   9.3176
2023   12   2.6236
2024   01   0.4623
2024   02   5.9878
2024   03   2.7145
2024   04   5.2017
2024   05   70.1381
2024   06   137.0513
2024   07   27.9404
2024   08   127.7110
2024   09   5.4317
2024   10   11.4196
2024   11   2.7822
2024   11   2.7822
2024   12   2.5464
2025   01   0.4185
2025   02   4.7964
2025   03   4.4688
2025   04   2.7792
2025   05   30.8781
2025   06   43.1510
