1981 1 84.9
1981 2 54.0
1981 3 115.1
1981 4 115.2
1981 5 208.0
1981 6 48.9
1981 7 180.1
1981 8 133.8
1981 9 34.5
1981 10 39.4
1981 11 112.7
1981 12 14.1
1982 1 32.9
1982 2 36.5
1982 3 37.9
1982 4 43.1
1982 5 230.0
1982 6 176.2
1982 7 326.0
1982 8 76.6
1982 9 176.8
1982 10 53.6
1982 11 9.0
1982 12 1.9
1983 1 35.7
1983 2 34.4
1983 3 53.7
1983 4 68.1
1983 5 136.9
1983 6 153.5
1983 7 150.3
1983 8 204.2
1983 9 79.5
1983 10 24.7
1983 11 11.3
1983 12 14.2
1984 1 32.2
1984 2 59.3
1984 3 81.3
1984 4 48.0
1984 5 180.6
1984 6 191.8
1984 7 246.4
1984 8 96.2
1984 9 117.3
1984 10 91.0
1984 11 42.7
1984 12 15.7
1985 1 64.1
1985 2 58.0
1985 3 57.5
1985 4 98.1
1985 5 271.9
1985 6 107.6
1985 7 191.7
1985 8 55.8
1985 9 82.1
1985 10 108.8
1985 11 68.4
1985 12 17.7
1986 1 28.8
1986 2 28.0
1986 3 104.0
1986 4 185.9
1986 5 138.1
1986 6 335.2
1986 7 120.2
1986 8 177.6
1986 9 56.3
1986 10 134.5
1986 11 42.7
1986 12 3.7
1987 1 4.6
1987 2 40.3
1987 3 64.4
1987 4 91.5
1987 5 150.0
1987 6 160.7
1987 7 219.3
1987 8 137.7
1987 9 102.6
1987 10 76.8
1987 11 11.9
1987 12 22.3
1988 1 2.7
1988 2 27.9
1988 3 31.5
1988 4 77.4
1988 5 62.8
1988 6 141.9
1988 7 170.6
1988 8 165.9
1988 9 95.4
1988 10 24.0
1988 11 16.8
1988 12 12.9
1989 1 6.2
1989 2 22.3
1989 3 62.0
1989 4 101.4
1989 5 132.0
1989 6 102.1
1989 7 210.1
1989 8 208.7
1989 9 43.2
1989 10 12.0
1989 11 0.5
1989 12 48.0
1990 1 13.6
1990 2 43.3
1990 3 31.9
1990 4 93.1
1990 5 90.6
1990 6 64.4
1990 7 138.4
1990 8 140.3
1990 9 151.4
1990 10 74.3
1990 11 59.6
1990 12 9.1
1991 1 6.6
1991 2 2.9
1991 3 76.2
1991 4 98.4
1991 5 245.3
1991 6 65.8
1991 7 177.5
1991 8 84.4
1991 9 124.5
1991 10 19.0
1991 11 34.7
1991 12 90.9
1992 1 120.5
1992 2 25.3
1992 3 94.7
1992 4 94.4
1992 5 177.7
1992 6 264.4
1992 7 71.7
1992 8 105.6
1992 9 76.7
1992 10 20.5
1992 11 76.9
1992 12 23.9
1993 1 31.9
1993 2 20.2
1993 3 22.8
1993 4 169.5
1993 5 158.7
1993 6 161.6
1993 7 102.5
1993 8 109.2
1993 9 46.0
1993 10 41.0
1993 11 20.8
1993 12 20.6
1994 1 9.9
1994 2 25.8
1994 3 35.1
1994 4 45.5
1994 5 69.5
1994 6 72.2
1994 7 177.3
1994 8 67.9
1994 9 51.9
1994 10 68.0
1994 11 7.8
1994 12 28.8
1995 1 9.0
1995 2 25.3
1995 3 57.5
1995 4 121.4
1995 5 94.1
1995 6 86.8
1995 7 182.5
1995 8 152.4
1995 9 45.3
1995 10 34.0
1995 11 40.8
1995 12 24.1
1996 1 78.3
1996 2 41.9
1996 3 30.2
1996 4 72.1
1996 5 73.0
1996 6 173.8
1996 7 151.5
1996 8 145.9
1996 9 31.2
1996 10 35.1
1996 11 17.8
1996 12 14.9
1997 1 97.5
1997 2 30.4
1997 3 27.0
1997 4 57.9
1997 5 299.5
1997 6 368.4
1997 7 119.7
1997 8 86.9
1997 9 90.2
1997 10 185.7
1997 11 31.3
1997 12 11.6
1998 1 7.4
1998 2 15.8
1998 3 16.3
1998 4 216.2
1998 5 147.6
1998 6 107.2
1998 7 192.0
1998 8 79.2
1998 9 73.5
1998 10 12.5
1998 11 36.2
1998 12 12.2
1999 1 49.0
1999 2 28.8
1999 3 64.2
1999 4 72.5
1999 5 204.2
1999 6 232.5
1999 7 69.8
1999 8 139.4
1999 9 167.2
1999 10 6.7
1999 11 43.1
1999 12 16.7
2000 1 17.7
2000 2 106.5
2000 3 31.4
2000 4 136.0
2000 5 93.7
2000 6 307.3
2000 7 58.8
2000 8 122.3
2000 9 181.8
2000 10 94.1
2000 11 37.0
2000 12 13.4
2001 1 16.0
2001 2 11.5
2001 3 70.5
2001 4 20.0
2001 5 160.2
2001 6 94.1
2001 7 202.0
2001 8 160.5
2001 9 174.0
2001 10 41.0
2001 11 44.4
2001 12 5.6
2002 1 17.9
2002 2 33.1
2002 3 259.8
2002 4 92.2
2002 5 283.5
2002 6 151.8
2002 7 145.6
2002 8 193.6
2002 9 88.7
2002 10 60.5
2002 11 14.2
2002 12 62.3
2003 1 35.7
2003 2 20.2
2003 3 30.0
2003 4 37.8
2003 5 169.7
2003 6 250.8
2003 7 76.1
2003 8 43.6
2003 9 104.4
2003 10 31.2
2003 11 42.4
2003 12 10.8
2004 1 30.4
2004 2 6.1
2004 3 62.6
2004 4 180.8
2004 5 123.7
2004 6 138.2
2004 7 111.9
2004 8 90.9
2004 9 44.1
2004 10 22.4
2004 11 35.3
2004 12 6.2
2005 1 23.3
2005 2 23.8
2005 3 60.0
2005 4 36.3
2005 5 243.2
2005 6 299.3
2005 7 168.1
2005 8 194.8
2005 9 57.2
2005 10 100.4
2005 11 38.8
2005 12 39.2
2006 1 20.2
2006 2 22.3
2006 3 41.6
2006 4 130.8
2006 5 175.7
2006 6 250.8
2006 7 177.6
2006 8 106.7
2006 9 52.8
2006 10 44.9
2006 11 12.8
2006 12 44.0
2007 1 37.6
2007 2 78.7
2007 3 63.0
2007 4 111.9
2007 5 136.5
2007 6 155.2
2007 7 168.2
2007 8 88.6
2007 9 59.2
2007 10 49.4
2007 11 20.2
2007 12 42.7
2008 1 18.4
2008 2 22.5
2008 3 46.6
2008 4 71.8
2008 5 217.6
2008 6 121.0
2008 7 262.0
2008 8 131.1
2008 9 53.8
2008 10 28.6
2008 11 40.2
2008 12 22.2
2009 1 17.8
2009 2 44.4
2009 3 57.6
2009 4 19.2
2009 5 86.2
2009 6 341.0
2009 7 91.0
2009 8 227.4
2009 9 65.8
2009 10 47.6
2009 11 56.0
2009 12 11.6
2010 1 24.0
2010 2 45.4
2010 3 25.8
2010 4 24.0
2010 5 59.7
2010 6 279.4
2010 7 146.6
2010 8 63.2
2010 9 98.8
2010 10 38.2
2010 11 27.6
2010 12 59.6
2011 1 28.2
2011 2 46.0
2011 3 60.6
2011 4 57.2
2011 5 78.2
2011 6 205.4
2011 7 129.2
2011 8 168.6
2011 9 51.4
2011 10 53.8
2011 11 8.6
2011 12 4.0
2012 1 29.0
2012 2 41.4
2012 3 35.0
2012 4 54.8
2012 5 82.8
2012 6 167.8
2012 7 60.0
2012 8 116.9
2012 9 45.4
2012 10 55.0
2012 11 48.7
2012 12 32.6
2013 1 7.9
2013 2 30.4
2013 3 49.0
2013 4 86.0
2013 5 97.4
2013 6 110.1
2013 7 76.4
2013 8 39.0
2013 9 98.0
2013 10 32.0
2013 11 74.8
2013 12 9.4
2014 1 43.9
2014 2 36.7
2014 3 50.6
2014 4 54.2
2014 5 70.6
2014 6 158.4
2014 7 185.9
2014 8 87.8
2014 9 88.8
2014 10 49.6
2014 11 11.7
2014 12 30.9
2015 1 8.8
2015 2 17.0
2015 3 20.4
2015 4 41.8
2015 5 146.8
2015 6 70.0
2015 7 140.2
2015 8 173.6
2015 9 85.8
2015 10 71.2
2015 11 40.6
2015 12 8.8
2016 1 22.2
2016 2 24.3
2016 3 44.8
2016 4 92.7
2016 5 183.9
2016 6 92.7
2016 7 136.6
2016 8 53.4
2016 9 16.3
2016 10 103.2
2016 11 24.7
2016 12 42.8
2017 1 3.0
2017 2 58.3
2017 3 66.9
2017 4 44.6
2017 5 171.3
2017 6 293.7
2017 7 73.2
2017 8 119.5
2017 9 116.7
2017 10 43.6
2017 11 92.3
2017 12 19.7
2018 1 20.9
2018 2 35.6
2018 3 51.0
2018 4 113.1
2018 5 280.2
2018 6 109.7
2018 7 102.9
2018 8 99.9
2018 9 98.3
2018 10 67.8
2018 11 52.8
2018 12 18.4
2019 1 17.7
2019 2 5.4
2019 3 29.5
2019 4 79.1
2019 5 135.5
2019 6 210.3
2019 7 70.5
2019 8 50.7
2019 9 57.1
2019 10 16.9
2019 11 6.4
2019 12 7.9
2020 1 20.8
2020 2 54.3
2020 3 73.8
2020 4 78.3
2020 5 51.2
2020 6 194.2
2020 7 90.4
2020 8 132.8
2020 9 67.0
2020 10 31.8
2020 11 32.9
2020 12 13.2
2021 1 55.6
2021 2 13.2
2021 3 38.8
2021 4 199.8
2021 5 57.9
2021 6 63.1
2021 7 78.6
2021 8 158.7
2021 9 69.0
2021 10 39.6
2021 11 21.5
2021 12 54.1
2022 1 17.1
2022 2 22.2
2022 3 41.0
2022 4 45.3
2022 5 77.8
2022 6 200.7
2022 7 181.1
2022 8 13.8
2022 9 44.1
2022 10 31.0
2022 11 24.3
2022 12 10.8
2023 1 13.8
2023 2 7.8
2023 3 55.4
2023 4 89.9
2023 5 40.2
2023 6 220.0
2023 7 111.8
2023 8 105.6
2023 9 168.5
2023 10 56.2
2023 11 37.9
2023 12 29.0
2024 1 6.7
2024 2 4.7
2024 3 58.0
2024 4 100.9
2024 5 113.8
2024 6 97.6
2024 7 55.4
2024 8 67.8
2024 9 22.3
2024 10 17.6
2024 11 18.5
2024 12 5.4
2025 1 1.9
2025 2 5.0
2025 3 14.6
2025 4 19.3
2025 5 64.6
2025 6 89.1
