1991   01   50.4187
1991   02   48.5554
1991   03   61.2479
1991   04   137.9209
1991   05   137.8838
1991   06   84.1583
1991   07   44.4423
1991   08   50.3237
1991   09   67.0630
1991   10   36.6376
1991   11   50.7356
1991   12   41.7433
1992   01   57.2164
1992   02   56.8080
1992   03   33.4897
1992   04   100.1304
1992   05   59.0547
1992   06   67.5235
1992   07   31.5745
1992   08   43.8972
1992   09   62.3128
1992   10   66.0898
1992   11   60.6080
1992   12   31.2438
1993   01   46.6752
1993   02   69.0515
1993   03   51.8234
1993   04   135.2535
1993   05   94.7317
1993   06   86.0217
1993   07   77.5921
1993   08   51.4308
1993   09   46.3324
1993   10   109.4288
1993   11   63.6934
1993   12   40.3894
1994   01   56.3390
1994   02   92.9694
1994   03   51.7200
1994   04   201.7018
1994   05   79.1420
1994   06   118.3507
1994   07   40.1400
1994   08   28.9761
1994   09   68.5613
1994   10   87.2966
1994   11   47.3501
1994   12   40.2355
1995   01   84.8441
1995   02   50.6133
1995   03   90.7578
1995   04   158.1484
1995   05   105.9912
1995   06   90.8460
1995   07   84.4312
1995   08   24.3485
1995   09   81.7954
1995   10   61.0698
1995   11   41.7374
1995   12   40.2363
1996   01   62.8667
1996   02   69.6408
1996   03   105.2204
1996   04   248.8293
1996   05   153.0377
1996   06   92.1430
1996   07   36.1182
1996   08   64.7378
1996   09   27.6497
1996   10   14.4748
1996   11   43.6936
1996   12   25.5630
1997   01   72.7218
1997   02   46.5036
1997   03   22.0244
1997   04   209.8093
1997   05   183.5546
1997   06   99.3405
1997   07   46.7413
1997   08   62.9811
1997   09   44.4742
1997   10   85.8205
1997   11   41.0707
1997   12   38.8064
1998   01   87.0027
1998   02   48.0028
1998   03   56.1540
1998   04   107.2095
1998   05   233.1764
1998   06   105.9212
1998   07   99.8046
1998   08   36.1207
1998   09   51.6833
1998   10   64.4488
1998   11   38.3332
1998   12   36.2601
1999   01   68.9368
1999   02   41.1196
1999   03   22.5067
1999   04   131.4633
1999   05   60.9175
1999   06   150.2616
1999   07   57.8278
1999   08   71.1713
1999   09   45.9581
1999   10   14.7120
1999   11   35.4736
1999   12   21.6340
2000   01   45.1080
2000   02   61.5472
2000   03   62.2775
2000   04   183.9922
2000   05   116.1154
2000   06   113.6790
2000   07   56.4282
2000   08   20.2385
2000   09   138.6165
2000   10   115.2121
2000   11   70.4192
2000   12   71.0890
2001   01   95.8336
2001   02   44.4361
2001   03   75.6747
2001   04   340.6687
2001   05   150.9485
2001   06   152.6796
2001   07   69.6990
2001   08   49.4115
2001   09   50.0087
2001   10   42.5796
2001   11   67.9404
2001   12   31.5522
2002   01   94.0615
2002   02   67.9600
2002   03   138.7598
2002   04   201.1835
2002   05   151.7740
2002   06   130.1934
2002   07   74.7458
2002   08   59.8598
2002   09   117.5956
2002   10   74.8139
2002   11   91.1703
2002   12   46.0855
2003   01   78.1164
2003   02   50.3121
2003   03   88.7471
2003   04   264.1250
2003   05   218.3266
2003   06   228.2978
2003   07   49.5789
2003   08   51.3540
2003   09   63.4364
2003   10   114.3480
2003   11   48.7514
2003   12   79.8569
2004   01   62.9920
2004   02   56.6863
2004   03   115.1743
2004   04   225.4689
2004   05   64.0003
2004   06   171.2090
2004   07   64.5570
2004   08   21.0822
2004   09   106.7934
2004   10   71.5744
2004   11   71.1561
2004   12   66.2073
2005   01   45.6292
2005   02   74.6232
2005   03   117.8120
2005   04   318.2844
2005   05   168.8205
2005   06   285.2154
2005   07   67.7437
2005   08   40.5242
2005   09   46.4039
2005   10   102.6545
2005   11   40.2873
2005   12   55.2195
2006   01   116.6550
2006   02   121.5155
2006   03   110.0323
2006   04   376.8516
2006   05   147.5429
2006   06   161.2042
2006   07   64.8286
2006   08   45.8264
2006   09   70.5515
2006   10   110.0659
2006   11   55.3315
2006   12   34.6660
2007   01   90.2323
2007   02   69.7836
2007   03   107.3194
2007   04   262.8060
2007   05   126.9070
2007   06   204.6395
2007   07   54.6538
2007   08   37.0503
2007   09   65.8136
2007   10   71.3722
2007   11   57.0754
2007   12   41.2805
2008   01   82.8431
2008   02   73.2851
2008   03   85.8424
2008   04   274.0566
2008   05   104.1045
2008   06   116.0151
2008   07   60.7466
2008   08   61.9555
2008   09   54.8603
2008   10   57.6028
2008   11   74.6335
2008   12   30.4657
2009   01   113.2262
2009   02   68.4864
2009   03   67.6585
2009   04   185.7909
2009   05   154.5391
2009   06   133.8600
2009   07   52.9700
2009   08   72.0389
2009   09   69.2573
2009   10   35.6100
2009   11   66.7114
2009   12   34.4375
2010   01   110.3843
2010   02   51.4119
2010   03   72.0627
2010   04   171.9611
2010   05   90.9673
2010   06   244.3601
2010   07   118.4851
2010   08   44.5936
2010   09   78.0117
2010   10   95.6412
2010   11   86.1064
2010   12   37.3405
2011   01   64.5235
2011   02   67.8260
2011   03   101.0574
2011   04   120.0686
2011   05   133.1535
2011   06   175.5102
2011   07   104.6414
2011   08   41.8910
2011   09   84.1023
2011   10   141.2324
2011   11   62.4212
2011   12   40.6273
2012   01   73.4886
2012   02   78.8499
2012   03   113.2281
2012   04   173.1783
2012   05   159.6711
2012   06   188.4638
2012   07   75.8552
2012   08   20.0535
2012   09   16.4331
2012   10   10.1653
2012   11   0.0000
2012   12   0.0000
2013   01   0.0000
2013   02   0.0000
2013   03   0.0000
2013   04   0.0000
2013   05   43.8087
2013   06   0.0000
2013   07   0.0000
2013   08   0.0000
2013   09   0.0000
2013   10   33.0739
2013   11   0.0000
2013   12   0.0000
2014   01   0.0000
2014   02   0.0000
2014   03   0.0000
2014   04   0.0000
2014   05   0.0000
2014   06   0.0000
2014   07   0.0000
2014   08   0.0000
2014   09   0.0000
2014   10   0.0000
2014   11   0.0000
2014   12   0.0000
2015   01   0.0000
2015   02   0.0000
2015   03   0.0000
2015   04   0.0000
2015   05   0.0000
2015   06   0.0000
2015   07   0.0000
2015   08   0.0000
2015   09   0.0000
2015   10   0.0000
2015   11   0.0000
2015   12   0.0000
2016   01   0.0000
2016   02   0.0000
2016   03   0.0000
2016   04   0.0000
2016   05   0.0000
2016   06   0.0000
2016   07   0.0000
2016   08   0.0000
2016   09   0.0000
2016   10   0.0000
2016   11   0.0000
2016   12   0.0000
2017   01   0.0000
2017   02   0.0000
2017   03   0.0000
2017   04   0.0000
2017   05   0.0000
2017   06   0.0000
2017   07   0.0000
2017   08   0.0000
2017   09   0.0000
2017   10   0.0000
2017   11   0.0000
2017   12   0.0000
2018   01   83.4855
2018   02   45.7833
2018   03   57.8157
2018   04   188.8718
2018   05   89.6974
2018   06   98.9085
2018   07   33.3276
2018   08   36.9722
2018   09   92.0200
2018   10   33.2319
2018   11   41.0746
2018   12   61.6367
2019   01   72.4578
2019   02   41.4257
2019   03   55.2822
2019   04   113.9910
2019   05   96.3422
2019   06   118.5473
2019   07   61.0462
2019   08   41.6744
2019   09   39.0496
2019   10   36.3949
2019   11   61.7469
2019   12   36.2340
2020   01   71.8056
2020   02   64.3767
2020   03   84.6284
2020   04   132.6675
2020   05   135.7978
2020   06   167.9825
2020   07   56.7925
2020   08   29.2173
2020   09   33.6829
2020   10   46.7945
2020   11   57.9896
2020   12   29.8755
2021   01   108.6412
2021   02   51.0494
2021   03   61.7283
2021   04   169.1417
2021   05   80.6933
2021   06   115.5114
2021   07   49.8691
2021   08   44.1616
2021   09   38.6614
2021   10   48.1429
2021   11   37.0370
2021   12   27.3927
2022   01   64.8842
2022   02   61.7764
2022   03   54.4497
2022   04   164.4773
2022   05   85.3223
2022   06   72.8288
2022   07   64.3372
2022   08   47.2642
2022   09   69.2732
2022   10   52.7719
2022   11   20.4469
2022   12   32.7516
2023   01   63.5200
2023   02   43.6538
2023   03   49.9805
2023   04   252.0278
2023   05   102.8996
2023   06   116.5956
2023   07   79.6305
2023   08   47.8091
2023   09   59.8393
2023   10   37.3735
2023   11   39.1772
2023   12   44.9528
2024   01   38.9070
2024   02   33.2669
2024   03   78.2178
2024   04   143.6310
2024   05   102.7314
2024   06   303.6700
2024   07   44.4234
2024   08   33.0851
2024   09   38.2257
2024   10   27.4348
2024   11   42.3007
2024   11   42.3007
2024   12   76.7775
2025   01   62.2131
2025   02   55.6277
2025   03   108.1743
2025   04   162.9384
2025   05   97.9892
2025   06   124.8099
