1991   01   1.5095
1991   02   2.6749
1991   03   2.9711
1991   04   8.6061
1991   05   123.8007
1991   06   128.1767
1991   07   128.5856
1991   08   54.6669
1991   09   20.5974
1991   10   10.3569
1991   11   3.8926
1991   12   3.2840
1992   01   1.5095
1992   02   2.8167
1992   03   8.1340
1992   04   20.7768
1992   05   274.5583
1992   06   280.4290
1992   07   18.9683
1992   08   63.5224
1992   09   12.5432
1992   10   4.9711
1992   11   7.7553
1992   12   2.6508
1993   01   1.6281
1993   02   5.9126
1993   03   3.3275
1993   04   22.1408
1993   05   93.6533
1993   06   76.0450
1993   07   28.8962
1993   08   35.8042
1993   09   8.0226
1993   10   12.4767
1993   11   4.6997
1993   12   2.3976
1994   01   1.7211
1994   02   3.9644
1994   03   3.7877
1994   04   18.3347
1994   05   86.2954
1994   06   83.3730
1994   07   76.2527
1994   08   17.8293
1994   09   17.9078
1994   10   13.8264
1994   11   4.3074
1994   12   3.8667
1995   01   1.7563
1995   02   6.1125
1995   03   3.6446
1995   04   21.0834
1995   05   43.9252
1995   06   86.0423
1995   07   49.9025
1995   08   44.5952
1995   09   15.2776
1995   10   9.9695
1995   11   4.6746
1995   12   2.3966
1996   01   1.6915
1996   02   3.9157
1996   03   3.8442
1996   04   18.0344
1996   05   39.8453
1996   06   50.2570
1996   07   52.0241
1996   08   24.3487
1996   09   7.8112
1996   10   10.3617
1996   11   4.7200
1996   12   2.6669
1997   01   1.7408
1997   02   3.9810
1997   03   3.8445
1997   04   10.5827
1997   05   172.2752
1997   06   335.2181
1997   07   103.8089
1997   08   95.7519
1997   09   30.0696
1997   10   25.6332
1997   11   9.0089
1997   12   2.6290
1998   01   1.7813
1998   02   3.8964
1998   03   5.0331
1998   04   26.3765
1998   05   84.5054
1998   06   38.8069
1998   07   18.1079
1998   08   20.2834
1998   09   19.2902
1998   10   5.5929
1998   11   5.6888
1998   12   2.4391
1999   01   1.7199
1999   02   3.9244
1999   03   4.1377
1999   04   15.2612
1999   05   20.2656
1999   06   40.5920
1999   07   34.4894
1999   08   125.2970
1999   09   48.4840
1999   10   10.2531
1999   11   5.2739
1999   12   2.3202
2000   01   1.6123
2000   02   3.5245
2000   03   2.5530
2000   04   26.4580
2000   05   51.9392
2000   06   280.7748
2000   07   19.3243
2000   08   14.9982
2000   09   51.5498
2000   10   11.7625
2000   11   7.2140
2000   12   2.3399
2001   01   1.7191
2001   02   3.4197
2001   03   2.7495
2001   04   17.2255
2001   05   125.2643
2001   06   46.0484
2001   07   219.2731
2001   08   89.2165
2001   09   16.5787
2001   10   8.3752
2001   11   3.8295
2001   12   2.2426
2002   01   1.6135
2002   02   3.2167
2002   03   4.3361
2002   04   17.5821
2002   05   257.3431
2002   06   198.8300
2002   07   62.7444
2002   08   133.7804
2002   09   30.1031
2002   10   13.2260
2002   11   3.0536
2002   12   2.6192
2003   01   1.4560
2003   02   3.1240
2003   03   2.6386
2003   04   9.1939
2003   05   123.2180
2003   06   107.6787
2003   07   48.8261
2003   08   35.7888
2003   09   17.8709
2003   10   8.2011
2003   11   12.4293
2003   12   2.3475
2004   01   1.6135
2004   02   2.9450
2004   03   4.5163
2004   04   21.8335
2004   05   46.1683
2004   06   106.6381
2004   07   111.9150
2004   08   69.9076
2004   09   15.4754
2004   10   7.3224
2004   11   27.7231
2004   12   2.0998
2005   01   1.5619
2005   02   3.1208
2005   03   8.9994
2005   04   7.6704
2005   05   139.2633
2005   06   180.3626
2005   07   61.5844
2005   08   139.3769
2005   09   12.4406
2005   10   10.4072
2005   11   8.8087
2005   12   2.2637
2006   01   1.7182
2006   02   3.2963
2006   03   2.5647
2006   04   9.6509
2006   05   59.0402
2006   06   99.5093
2006   07   146.5236
2006   08   65.2546
2006   09   14.1101
2006   10   30.7195
2006   11   3.6831
2006   12   1.9672
2007   01   1.7222
2007   02   5.0790
2007   03   6.5797
2007   04   9.0517
2007   05   31.2183
2007   06   76.3455
2007   07   49.5256
2007   08   49.2050
2007   09   6.6197
2007   10   8.3366
2007   11   3.1921
2007   12   2.1582
2008   01   1.6136
2008   02   3.1443
2008   03   2.3243
2008   04   8.8463
2008   05   168.3936
2008   06   82.3210
2008   07   56.9201
2008   08   110.3338
2008   09   9.7410
2008   10   6.2676
2008   11   3.0117
2008   12   1.9782
2009   01   1.6133
2009   02   3.1008
2009   03   2.6433
2009   04   5.3056
2009   05   51.3749
2009   06   111.9229
2009   07   48.6257
2009   08   93.1368
2009   09   24.9369
2009   10   12.8443
2009   11   3.9025
2009   12   1.9782
2010   01   1.5888
2010   02   3.0679
2010   03   2.5646
2010   04   5.5203
2010   05   99.0981
2010   06   53.9111
2010   07   27.6405
2010   08   26.7265
2010   09   7.2255
2010   10   10.3570
2010   11   6.3470
2010   12   1.9813
2011   01   1.6336
2011   02   3.4502
2011   03   2.9562
2011   04   9.8435
2011   05   12.2547
2011   06   70.3540
2011   07   43.5120
2011   08   100.2071
2011   09   4.7228
2011   10   5.3949
2011   11   3.4933
2011   12   1.9782
2012   01   1.6136
2012   02   3.1835
2012   03   2.5563
2012   04   12.6035
2012   05   133.2899
2012   06   93.1159
2012   07   14.4059
2012   08   71.6203
2012   09   7.2111
2012   10   23.8599
2012   11   4.2314
2012   12   2.5613
2013   01   1.8238
2013   02   4.3254
2013   03   5.7230
2013   04   5.7647
2013   05   189.2580
2013   06   39.3390
2013   07   36.3882
2013   08   42.8566
2013   09   17.5016
2013   10   10.2139
2013   11   3.0009
2013   12   2.0607
2014   01   1.7267
2014   02   6.4069
2014   03   3.3049
2014   04   7.6044
2014   05   63.2482
2014   06   88.2194
2014   07   53.8291
2014   08   57.6649
2014   09   32.0113
2014   10   11.2974
2014   11   6.9561
2014   12   2.0884
2015   01   1.7050
2015   02   4.5870
2015   03   8.4699
2015   04   7.2811
2015   05   38.9494
2015   06   14.8115
2015   07   78.6459
2015   08   165.3944
2015   09   21.6291
2015   10   32.9399
2015   11   7.5729
2015   12   2.6245
2016   01   1.5105
2016   02   3.8575
2016   03   3.7827
2016   04   69.8728
2016   05   110.7290
2016   06   47.5756
2016   07   99.5281
2016   08   16.8042
2016   09   3.3006
2016   10   17.4816
2016   11   4.1142
2016   12   5.7017
2017   01   1.7055
2017   02   5.1104
2017   03   2.8554
2017   04   11.0066
2017   05   135.2464
2017   06   102.5182
2017   07   43.1455
2017   08   71.8058
2017   09   11.9187
2017   10   23.4458
2017   11   6.4907
2017   12   2.0878
2018   01   1.6955
2018   02   3.8597
2018   03   3.2347
2018   04   9.5640
2018   05   80.6165
2018   06   52.3641
2018   07   32.6280
2018   08   27.6314
2018   09   17.0557
2018   10   12.3672
2018   11   3.0037
2018   12   2.8739
2019   01   1.7048
2019   02   3.8727
2019   03   5.1170
2019   04   13.3696
2019   05   55.2200
2019   06   40.7128
2019   07   29.8952
2019   08   17.4610
2019   09   11.7141
2019   10   11.8631
2019   11   2.6184
2019   12   2.0240
2020   01   1.6908
2020   02   3.5387
2020   03   2.7734
2020   04   8.3663
2020   05   19.7004
2020   06   179.8756
2020   07   51.5107
2020   08   13.8919
2020   09   5.1888
2020   10   4.2872
2020   11   4.3660
2020   12   2.0382
2021   01   3.7115
2021   02   3.6570
2021   03   2.6130
2021   04   4.9593
2021   05   34.6522
2021   06   33.8454
2021   07   4.1429
2021   08   32.4354
2021   09   8.5370
2021   10   9.9712
2021   11   2.5017
2021   12   1.8477
2022   01   1.9860
2022   02   6.9715
2022   03   2.6035
2022   04   22.6230
2022   05   20.9185
2022   06   50.9358
2022   07   63.3587
2022   08   25.9024
2022   09   8.3903
2022   10   4.1995
2022   11   3.3676
2022   12   1.9237
2023   01   1.8199
2023   02   3.5105
2023   03   2.5826
2023   04   7.9483
2023   05   36.8249
2023   06   63.2726
2023   07   39.3951
2023   08   113.3785
2023   09   35.8294
2023   10   6.5522
2023   11   9.9024
2023   12   2.0151
2024   01   1.6927
2024   02   4.3722
2024   03   2.5340
2024   04   4.9395
2024   05   138.0130
2024   06   202.6536
2024   07   32.2040
2024   08   116.0229
2024   09   10.3012
2024   10   11.3414
2024   11   2.1224
2024   11   2.1224
2024   12   1.7976
2025   01   1.5908
2025   02   3.2264
2025   03   4.2509
2025   04   3.9457
2025   05   91.2650
2025   06   73.2330
