1981 1 116.6
1981 2 25.8
1981 3 85.9
1981 4 106.7
1981 5 410.9
1981 6 165.4
1981 7 153.9
1981 8 122.3
1981 9 93.0
1981 10 68.0
1981 11 23.9
1981 12 48.2
1982 1 54.8
1982 2 53.0
1982 3 45.1
1982 4 85.0
1982 5 380.5
1982 6 173.3
1982 7 163.1
1982 8 225.4
1982 9 105.8
1982 10 67.2
1982 11 37.5
1982 12 7.7
1983 1 59.2
1983 2 9.9
1983 3 44.7
1983 4 133.1
1983 5 101.0
1983 6 188.9
1983 7 131.2
1983 8 122.2
1983 9 162.5
1983 10 37.9
1983 11 5.1
1983 12 14.8
1984 1 34.7
1984 2 78.6
1984 3 44.5
1984 4 77.8
1984 5 231.2
1984 6 207.5
1984 7 169.9
1984 8 51.2
1984 9 124.2
1984 10 156.0
1984 11 25.1
1984 12 23.1
1985 1 83.4
1985 2 66.6
1985 3 57.6
1985 4 157.2
1985 5 240.3
1985 6 240.4
1985 7 133.4
1985 8 78.1
1985 9 113.0
1985 10 53.5
1985 11 41.3
1985 12 38.3
1986 1 43.9
1986 2 131.5
1986 3 68.8
1986 4 155.5
1986 5 205.1
1986 6 177.2
1986 7 83.9
1986 8 190.3
1986 9 46.1
1986 10 68.5
1986 11 115.3
1986 12 14.5
1987 1 10.4
1987 2 26.9
1987 3 66.1
1987 4 94.6
1987 5 107.4
1987 6 98.7
1987 7 279.8
1987 8 107.7
1987 9 108.1
1987 10 121.2
1987 11 34.4
1987 12 32.0
1988 1 58.1
1988 2 4.0
1988 3 39.2
1988 4 66.4
1988 5 52.4
1988 6 140.3
1988 7 74.2
1988 8 135.6
1988 9 67.0
1988 10 54.4
1988 11 10.8
1988 12 65.0
1989 1 31.9
1989 2 22.3
1989 3 47.1
1989 4 57.2
1989 5 39.6
1989 6 113.5
1989 7 183.4
1989 8 175.5
1989 9 74.4
1989 10 71.3
1989 11 36.4
1989 12 111.1
1990 1 51.2
1990 2 35.0
1990 3 54.6
1990 4 124.6
1990 5 199.3
1990 6 133.1
1990 7 147.6
1990 8 175.5
1990 9 198.5
1990 10 59.1
1990 11 53.8
1990 12 33.5
1991 1 35.4
1991 2 19.7
1991 3 46.5
1991 4 68.3
1991 5 215.4
1991 6 151.0
1991 7 152.1
1991 8 148.7
1991 9 96.2
1991 10 47.0
1991 11 59.3
1991 12 223.3
1992 1 1.1
1992 2 95.5
1992 3 143.8
1992 4 132.8
1992 5 210.5
1992 6 222.4
1992 7 105.9
1992 8 100.5
1992 9 121.1
1992 10 108.1
1992 11 32.7
1992 12 93.9
1993 1 32.1
1993 2 27.5
1993 3 267.4
1993 4 250.8
1993 5 230.1
1993 6 236.9
1993 7 197.3
1993 8 64.8
1993 9 60.9
1993 10 95.7
1993 11 87.2
1993 12 45.4
1994 1 25.7
1994 2 11.6
1994 3 36.4
1994 4 157.9
1994 5 189.9
1994 6 272.3
1994 7 201.6
1994 8 128.3
1994 9 96.9
1994 10 139.6
1994 11 79.3
1994 12 118.0
1995 1 80.6
1995 2 10.2
1995 3 28.1
1995 4 126.5
1995 5 86.4
1995 6 338.1
1995 7 123.6
1995 8 206.0
1995 9 74.3
1995 10 109.0
1995 11 48.5
1995 12 3.4
1996 1 39.2
1996 2 44.3
1996 3 95.1
1996 4 132.4
1996 5 173.5
1996 6 98.5
1996 7 89.5
1996 8 211.0
1996 9 62.7
1996 10 76.4
1996 11 77.4
1996 12 43.8
1997 1 135.4
1997 2 36.0
1997 3 9.9
1997 4 196.9
1997 5 131.5
1997 6 333.2
1997 7 249.9
1997 8 97.2
1997 9 97.5
1997 10 145.1
1997 11 78.9
1997 12 38.7
1998 1 26.7
1998 2 23.7
1998 3 45.5
1998 4 81.2
1998 5 147.5
1998 6 124.8
1998 7 115.1
1998 8 134.6
1998 9 81.4
1998 10 17.4
1998 11 30.6
1998 12 30.5
1999 1 35.2
1999 2 33.0
1999 3 57.9
1999 4 38.3
1999 5 115.8
1999 6 269.5
1999 7 81.3
1999 8 220.2
1999 9 99.4
1999 10 29.3
1999 11 56.2
1999 12 41.4
2000 1 26.4
2000 2 152.9
2000 3 46.7
2000 4 94.2
2000 5 79.9
2000 6 421.8
2000 7 173.7
2000 8 97.4
2000 9 120.5
2000 10 81.6
2000 11 60.7
2000 12 38.4
2001 1 123.4
2001 2 37.7
2001 3 80.3
2001 4 39.2
2001 5 226.8
2001 6 186.8
2001 7 275.9
2001 8 124.4
2001 9 48.1
2001 10 55.1
2001 11 87.4
2001 12 10.7
2002 1 15.4
2002 2 51.3
2002 3 94.5
2002 4 126.6
2002 5 249.6
2002 6 137.5
2002 7 187.3
2002 8 238.8
2002 9 141.0
2002 10 212.3
2002 11 142.0
2002 12 48.2
2003 1 18.9
2003 2 25.7
2003 3 41.2
2003 4 76.7
2003 5 45.1
2003 6 247.0
2003 7 146.6
2003 8 91.6
2003 9 156.9
2003 10 95.9
2003 11 126.5
2003 12 58.8
2004 1 13.3
2004 2 32.4
2004 3 75.2
2004 4 255.3
2004 5 18.6
2004 6 338.3
2004 7 162.5
2004 8 90.8
2004 9 105.7
2004 10 122.4
2004 11 78.5
2004 12 63.8
2005 1 35.3
2005 2 6.8
2005 3 105.9
2005 4 78.3
2005 5 370.2
2005 6 226.9
2005 7 176.2
2005 8 198.3
2005 9 56.4
2005 10 24.9
2005 11 98.8
2005 12 22.3
2006 1 111.6
2006 2 14.7
2006 3 65.3
2006 4 113.9
2006 5 147.9
2006 6 273.2
2006 7 231.5
2006 8 158.3
2006 9 105.2
2006 10 164.6
2006 11 58.6
2006 12 119.4
2007 1 23.9
2007 2 49.9
2007 3 20.2
2007 4 133.3
2007 5 69.0
2007 6 110.0
2007 7 146.6
2007 8 132.7
2007 9 131.8
2007 10 97.8
2007 11 34.9
2007 12 26.5
2008 1 33.7
2008 2 37.4
2008 3 33.3
2008 4 68.8
2008 5 285.8
2008 6 112.7
2008 7 315.4
2008 8 261.6
2008 9 34.1
2008 10 55.5
2008 11 61.6
2008 12 28.0
2009 1 15.8
2009 2 54.3
2009 3 25.6
2009 4 87.7
2009 5 252.0
2009 6 209.9
2009 7 76.0
2009 8 274.2
2009 9 42.4
2009 10 104.7
2009 11 76.1
2009 12 101.2
2010 1 36.3
2010 2 101.7
2010 3 33.5
2010 4 26.6
2010 5 71.9
2010 6 189.7
2010 7 115.3
2010 8 192.9
2010 9 65.4
2010 10 72.9
2010 11 55.2
2010 12 49.6
2011 1 61.3
2011 2 21.5
2011 3 100.1
2011 4 157.9
2011 5 113.0
2011 6 137.7
2011 7 173.0
2011 8 187.0
2011 9 120.4
2011 10 30.3
2011 11 54.8
2011 12 8.8
2012 1 66.3
2012 2 104.7
2012 3 23.7
2012 4 24.2
2012 5 196.6
2012 6 210.2
2012 7 117.0
2012 8 158.2
2012 9 65.6
2012 10 30.0
2012 11 31.2
2012 12 152.0
2013 1 15.1
2013 2 45.4
2013 3 36.8
2013 4 159.4
2013 5 197.5
2013 6 117.2
2013 7 140.5
2013 8 149.8
2013 9 149.3
2013 10 32.9
2013 11 33.4
2013 12 13.8
2014 1 42.5
2014 2 26.7
2014 3 48.9
2014 4 57.1
2014 5 206.0
2014 6 296.5
2014 7 241.9
2014 8 146.9
2014 9 174.5
2014 10 88.3
2014 11 27.6
2014 12 18.1
2015 1 1.8
2015 2 4.5
2015 3 24.2
2015 4 71.2
2015 5 188.7
2015 6 136.8
2015 7 265.0
2015 8 267.8
2015 9 58.4
2015 10 47.2
2015 11 62.8
2015 12 59.8
2016 1 26.4
2016 2 31.3
2016 3 32.0
2016 4 79.5
2016 5 81.4
2016 6 14.7
2016 7 119.4
2016 8 160.1
2016 9 78.5
2016 10 98.8
2016 11 37.3
2016 12 77.2
2017 1 62.3
2017 2 80.6
2017 3 46.0
2017 4 91.2
2017 5 184.9
2017 6 214.0
2017 7 93.2
2017 8 310.7
2017 9 61.2
2017 10 128.9
2017 11 29.6
2017 12 55.4
2018 1 25.7
2018 2 11.5
2018 3 179.6
2018 4 125.4
2018 5 132.3
2018 6 142.9
2018 7 93.0
2018 8 214.9
2018 9 170.5
2018 10 86.9
2018 11 75.7
2018 12 58.0
2019 1 19.2
2019 2 17.0
2019 3 23.1
2019 4 28.5
2019 5 134.4
2019 6 131.0
2019 7 213.4
2019 8 99.4
2019 9 38.0
2019 10 72.8
2019 11 57.0
2019 12 31.2
2020 1 31.2
2020 2 39.8
2020 3 33.0
2020 4 99.0
2020 5 107.6
2020 6 279.2
2020 7 250.2
2020 8 110.6
2020 9 56.0
2020 10 37.6
2020 11 44.0
2020 12 48.4
2021 1 17.2
2021 2 10.0
2021 3 14.4
2021 4 79.0
2021 5 41.4
2021 6 76.2
2021 7 82.6
2021 8 154.0
2021 9 51.4
2021 10 36.6
2021 11 26.0
2021 12 28.0
2022 1 74.6
2022 2 37.6
2022 3 78.8
2022 4 93.2
2022 5 79.6
2022 6 160.2
2022 7 220.8
2022 8 34.0
2022 9 22.1
2022 10 21.8
2022 11 34.6
2022 12 6.4
2023 1 24.5
2023 2 13.5
2023 3 69.2
2023 4 74.8
2023 5 114.6
2023 6 190.8
2023 7 172.6
2023 8 183.8
2023 9 137.8
2023 10 55.8
2023 11 53.5
2023 12 33.6
2024 1 9.0
2024 2 9.8
2024 3 58.8
2024 4 27.4
2024 5 18.6
2024 6 70.1
2024 7 62.2
2024 8 39.0
2024 9 82.6
2024 10 19.8
2024 11 61.4
2024 12 2.4
2025 1 7.4
2025 2 8.6
2025 3 36.6
2025 4 17.4
2025 5 31.4
2025 6 24.2
