1991   01   40.9654
1991   02   26.7458
1991   03   110.0075
1991   04   149.8093
1991   05   213.5313
1991   06   135.8078
1991   07   207.2189
1991   08   172.7097
1991   09   130.7661
1991   10   62.8444
1991   11   76.4911
1991   12   156.9197
1992   01   24.7803
1992   02   24.7078
1992   03   149.5668
1992   04   139.4205
1992   05   246.4841
1992   06   279.7775
1992   07   102.4519
1992   08   110.2963
1992   09   129.7973
1992   10   168.5192
1992   11   45.8172
1992   12   89.0745
1993   01   92.8468
1993   02   37.1064
1993   03   217.1966
1993   04   231.0368
1993   05   340.1784
1993   06   378.1460
1993   07   251.2540
1993   08   98.7148
1993   09   51.2719
1993   10   95.0711
1993   11   163.7494
1993   12   66.7282
1994   01   34.1352
1994   02   18.6266
1994   03   34.1404
1994   04   143.4451
1994   05   194.3545
1994   06   310.1242
1994   07   185.6534
1994   08   128.4877
1994   09   135.5748
1994   10   130.7498
1994   11   177.4795
1994   12   83.0413
1995   01   54.0010
1995   02   15.3155
1995   03   52.6195
1995   04   161.3141
1995   05   140.5668
1995   06   392.8951
1995   07   170.1330
1995   08   242.8272
1995   09   106.5871
1995   10   98.9101
1995   11   38.9193
1995   12   20.6135
1996   01   36.6557
1996   02   35.1309
1996   03   102.4386
1996   04   116.7178
1996   05   207.1813
1996   06   145.6163
1996   07   89.1262
1996   08   204.7227
1996   09   59.2075
1996   10   75.8811
1996   11   91.5473
1996   12   77.7503
1997   01   115.8284
1997   02   33.9007
1997   03   30.0025
1997   04   244.1213
1997   05   177.0744
1997   06   393.7868
1997   07   306.7159
1997   08   207.8400
1997   09   84.5714
1997   10   73.6697
1997   11   179.8897
1997   12   47.5918
1998   01   24.0841
1998   02   24.4257
1998   03   52.4204
1998   04   104.8150
1998   05   145.1308
1998   06   208.7321
1998   07   130.7484
1998   08   126.6816
1998   09   107.0591
1998   10   31.8841
1998   11   39.7139
1998   12   52.4719
1999   01   25.9620
1999   02   41.5308
1999   03   103.0165
1999   04   64.2374
1999   05   159.6144
1999   06   365.5697
1999   07   139.5662
1999   08   221.5251
1999   09   141.5825
1999   10   19.5091
1999   11   58.3216
1999   12   49.4870
2000   01   48.8466
2000   02   122.7754
2000   03   73.3397
2000   04   148.9756
2000   05   82.6495
2000   06   465.8589
2000   07   237.6711
2000   08   118.3797
2000   09   128.2605
2000   10   125.0968
2000   11   90.1039
2000   12   65.4678
2001   01   153.4255
2001   02   25.2536
2001   03   110.1505
2001   04   63.4603
2001   05   285.3622
2001   06   232.9120
2001   07   267.5034
2001   08   152.3566
2001   09   58.9584
2001   10   57.7751
2001   11   110.1838
2001   12   26.3501
2002   01   41.5423
2002   02   83.5138
2002   03   138.6972
2002   04   151.3000
2002   05   286.2256
2002   06   170.2156
2002   07   148.5533
2002   08   242.0641
2002   09   166.9595
2002   10   246.2896
2002   11   142.2205
2002   12   78.6928
2003   01   27.5801
2003   02   21.6290
2003   03   81.7474
2003   04   62.6188
2003   05   86.4688
2003   06   328.6848
2003   07   156.4968
2003   08   148.0638
2003   09   186.5778
2003   10   109.4670
2003   11   109.7340
2003   12   80.4431
2004   01   34.9824
2004   02   32.5237
2004   03   62.1127
2004   04   324.0770
2004   05   84.1171
2004   06   392.4440
2004   07   202.5054
2004   08   258.9230
2004   09   119.5431
2004   10   127.3229
2004   11   139.8231
2004   12   71.8438
2005   01   34.4789
2005   02   45.4623
2005   03   114.1842
2005   04   73.6204
2005   05   419.7036
2005   06   308.1703
2005   07   165.5649
2005   08   268.8912
2005   09   73.4439
2005   10   75.3740
2005   11   153.4471
2005   12   48.7599
2006   01   108.3108
2006   02   39.9485
2006   03   88.5891
2006   04   198.3635
2006   05   157.0799
2006   06   323.3553
2006   07   272.9708
2006   08   163.1602
2006   09   107.9630
2006   10   119.4347
2006   11   42.6804
2006   12   128.4327
2007   01   37.2199
2007   02   52.4989
2007   03   71.2044
2007   04   166.8951
2007   05   62.8125
2007   06   160.1883
2007   07   172.8188
2007   08   144.3475
2007   09   119.7154
2007   10   84.2407
2007   11   51.9341
2007   12   38.2643
2008   01   37.8316
2008   02   25.6256
2008   03   44.3902
2008   04   74.5154
2008   05   313.4441
2008   06   125.9225
2008   07   298.6651
2008   08   265.4715
2008   09   34.7244
2008   10   52.9603
2008   11   98.4219
2008   12   35.4305
2009   01   19.5525
2009   02   55.9332
2009   03   54.4562
2009   04   132.9748
2009   05   332.9569
2009   06   199.9221
2009   07   88.3593
2009   08   332.0862
2009   09   70.7677
2009   10   130.9641
2009   11   106.5856
2009   12   72.0942
2010   01   43.9632
2010   02   92.1960
2010   03   75.9901
2010   04   37.7227
2010   05   100.3065
2010   06   269.0045
2010   07   121.5656
2010   08   202.0184
2010   09   64.3637
2010   10   57.5668
2010   11   59.7298
2010   12   69.2565
2011   01   75.2274
2011   02   22.0663
2011   03   106.8260
2011   04   171.2526
2011   05   175.0916
2011   06   162.6068
2011   07   165.1101
2011   08   227.6135
2011   09   177.2499
2011   10   50.6668
2011   11   49.4068
2011   12   25.3533
2012   01   70.7963
2012   02   128.7047
2012   03   55.7155
2012   04   55.6839
2012   05   251.0139
2012   06   253.8732
2012   07   125.7249
2012   08   198.9499
2012   09   81.3641
2012   10   27.9902
2012   11   49.3985
2012   12   150.9830
2013   01   20.1001
2013   02   53.5519
2013   03   53.5294
2013   04   135.8775
2013   05   239.0194
2013   06   146.0138
2013   07   104.8377
2013   08   186.5533
2013   09   154.8490
2013   10   40.6882
2013   11   60.1749
2013   12   29.6858
2014   01   39.9556
2014   02   26.5135
2014   03   65.5533
2014   04   116.8895
2014   05   157.7359
2014   06   255.3704
2014   07   274.3448
2014   08   144.2275
2014   09   135.3457
2014   10   90.6282
2014   11   65.0283
2014   12   31.8995
2015   01   13.9556
2015   02   18.4522
2015   03   29.9956
2015   04   126.3469
2015   05   271.4723
2015   06   222.7982
2015   07   277.3930
2015   08   270.7355
2015   09   82.4854
2015   10   34.0474
2015   11   38.6193
2015   12   65.8069
2016   01   38.3595
2016   02   26.7415
2016   03   32.7293
2016   04   108.1965
2016   05   117.6638
2016   06   28.2735
2016   07   157.6864
2016   08   213.7497
2016   09   80.0109
2016   10   91.2295
2016   11   98.7314
2016   12   56.0348
2017   01   54.0133
2017   02   56.5613
2017   03   80.8870
2017   04   113.7561
2017   05   197.0393
2017   06   203.0837
2017   07   109.0602
2017   08   265.1656
2017   09   106.3182
2017   10   152.6967
2017   11   47.5382
2017   12   68.6663
2018   01   51.6876
2018   02   24.2016
2018   03   194.9360
2018   04   138.1265
2018   05   113.2967
2018   06   176.4410
2018   07   90.6541
2018   08   198.7883
2018   09   131.7298
2018   10   65.8322
2018   11   118.2711
2018   12   44.8607
2019   01   17.4094
2019   02   13.4263
2019   03   42.2828
2019   04   52.7716
2019   05   167.6276
2019   06   223.8129
2019   07   175.1926
2019   08   119.4752
2019   09   46.1504
2019   10   52.6056
2019   11   131.3968
2019   12   42.1769
2020   01   26.7604
2020   02   22.6900
2020   03   42.6940
2020   04   127.5293
2020   05   165.4036
2020   06   320.7141
2020   07   254.9642
2020   08   131.5740
2020   09   53.0778
2020   10   41.7110
2020   11   61.9393
2020   12   41.7978
2021   01   29.4994
2021   02   8.0996
2021   03   28.4906
2021   04   98.0228
2021   05   96.2746
2021   06   215.4131
2021   07   95.1140
2021   08   160.8266
2021   09   54.2714
2021   10   35.3841
2021   11   67.5038
2021   12   28.1991
2022   01   67.7513
2022   02   39.2740
2022   03   96.8505
2022   04   171.4814
2022   05   103.2832
2022   06   235.0230
2022   07   269.2720
2022   08   110.5680
2022   09   95.7783
2022   10   75.9763
2022   11   62.9805
2022   12   33.9231
2023   01   31.5707
2023   02   17.6349
2023   03   81.6802
2023   04   97.5775
2023   05   127.5863
2023   06   206.5632
2023   07   212.8304
2023   08   176.4514
2023   09   76.1260
2023   10   56.2331
2023   11   84.6013
2023   12   19.6232
2024   01   9.6588
2024   02   12.9622
2024   03   116.2504
2024   04   109.7563
2024   05   122.1594
2024   06   230.4559
2024   07   74.5603
2024   08   81.3408
2024   09   155.8339
2024   10   19.3277
2024   11   240.6107
2024   11   240.6107
2024   12   16.9654
2025   01   35.2875
2025   02   17.0564
2025   03   81.3315
2025   04   105.8238
2025   05   158.7076
2025   06   175.3981
