1991   01   0.0844
1991   02   1.4009
1991   03   2.4206
1991   04   4.2221
1991   05   29.8140
1991   06   59.2987
1991   07   54.6815
1991   08   21.8604
1991   09   4.6194
1991   10   4.2420
1991   11   3.3670
1991   12   1.6470
1992   01   0.0844
1992   02   1.4117
1992   03   3.7766
1992   04   7.2303
1992   05   12.0545
1992   06   48.2732
1992   07   18.0644
1992   08   34.8475
1992   09   4.3932
1992   10   4.0280
1992   11   3.9213
1992   12   1.5165
1993   01   0.0885
1993   02   3.0832
1993   03   3.0364
1993   04   7.6620
1993   05   19.3886
1993   06   49.6063
1993   07   17.2177
1993   08   29.3818
1993   09   4.0294
1993   10   3.3812
1993   11   2.5225
1993   12   1.7189
1994   01   0.0885
1994   02   1.4121
1994   03   2.4887
1994   04   4.7738
1994   05   18.1709
1994   06   59.2840
1994   07   43.6524
1994   08   19.5058
1994   09   5.0728
1994   10   5.0909
1994   11   2.5572
1994   12   1.5987
1995   01   0.0851
1995   02   1.4177
1995   03   2.3271
1995   04   4.6515
1995   05   11.9340
1995   06   32.7543
1995   07   26.7176
1995   08   18.8390
1995   09   5.7080
1995   10   4.1816
1995   11   2.5170
1995   12   2.0001
1996   01   0.0844
1996   02   1.4123
1996   03   2.3291
1996   04   5.5065
1996   05   7.8201
1996   06   33.8617
1996   07   37.0397
1996   08   23.7422
1996   09   4.1621
1996   10   5.1120
1996   11   2.5313
1996   12   1.5988
1997   01   0.0844
1997   02   1.4073
1997   03   2.3289
1997   04   4.3127
1997   05   27.0385
1997   06   201.2935
1997   07   34.0488
1997   08   74.1967
1997   09   5.7756
1997   10   4.5378
1997   11   3.7671
1997   12   1.6895
1998   01   0.0844
1998   02   1.4197
1998   03   3.3113
1998   04   5.6194
1998   05   20.7885
1998   06   55.8841
1998   07   14.9961
1998   08   19.0688
1998   09   4.4208
1998   10   4.4775
1998   11   2.5341
1998   12   1.5987
1999   01   0.0844
1999   02   1.4166
1999   03   2.3224
1999   04   7.2171
1999   05   6.5670
1999   06   31.6718
1999   07   31.6917
1999   08   57.3275
1999   09   10.0063
1999   10   5.9460
1999   11   2.5612
1999   12   1.5987
2000   01   0.0844
2000   02   1.2932
2000   03   1.7604
2000   04   4.6954
2000   05   6.7807
2000   06   85.2868
2000   07   27.1437
2000   08   17.5635
2000   09   11.0753
2000   10   4.1399
2000   11   2.3202
2000   12   1.4487
2001   01   0.0844
2001   02   1.2414
2001   03   2.0888
2001   04   3.7231
2001   05   14.3742
2001   06   28.4954
2001   07   93.1878
2001   08   51.8215
2001   09   10.3381
2001   10   3.3978
2001   11   2.8616
2001   12   1.4487
2002   01   0.0844
2002   02   1.2495
2002   03   1.9822
2002   04   4.2886
2002   05   58.0650
2002   06   77.1367
2002   07   29.0788
2002   08   54.0728
2002   09   6.2444
2002   10   3.5080
2002   11   2.5611
2002   12   1.4487
2003   01   0.0844
2003   02   1.2504
2003   03   2.0386
2003   04   3.4071
2003   05   30.2040
2003   06   38.5759
2003   07   40.5567
2003   08   18.7171
2003   09   4.8791
2003   10   2.8680
2003   11   2.3328
2003   12   1.4487
2004   01   0.0844
2004   02   1.2520
2004   03   1.7715
2004   04   3.0072
2004   05   9.2644
2004   06   32.8996
2004   07   74.5606
2004   08   31.3512
2004   09   3.4598
2004   10   4.5060
2004   11   3.6659
2004   12   1.4972
2005   01   0.0844
2005   02   1.8623
2005   03   2.3149
2005   04   3.1209
2005   05   23.2803
2005   06   54.2328
2005   07   23.4370
2005   08   47.9601
2005   09   5.3560
2005   10   3.4179
2005   11   3.0771
2005   12   1.4487
2006   01   0.0844
2006   02   1.6767
2006   03   2.2953
2006   04   4.5717
2006   05   22.0480
2006   06   56.1598
2006   07   62.0456
2006   08   43.0250
2006   09   3.7486
2006   10   3.8247
2006   11   2.3049
2006   12   1.4487
2007   01   0.0844
2007   02   1.2402
2007   03   1.7643
2007   04   8.3245
2007   05   12.1494
2007   06   52.3044
2007   07   25.8171
2007   08   31.6919
2007   09   3.6762
2007   10   3.2137
2007   11   2.3018
2007   12   1.5580
2008   01   0.0844
2008   02   1.2855
2008   03   1.7800
2008   04   3.4933
2008   05   29.3697
2008   06   73.4105
2008   07   35.0139
2008   08   56.2174
2008   09   3.8578
2008   10   2.9310
2008   11   2.3211
2008   12   1.4487
2009   01   0.0844
2009   02   1.2321
2009   03   1.7610
2009   04   2.6449
2009   05   10.1615
2009   06   53.4106
2009   07   20.5104
2009   08   41.5120
2009   09   4.1668
2009   10   3.9056
2009   11   2.6836
2009   12   1.4487
2010   01   0.0926
2010   02   1.2247
2010   03   1.7500
2010   04   2.9686
2010   05   21.5812
2010   06   33.3603
2010   07   20.0361
2010   08   22.0755
2010   09   3.5258
2010   10   3.1745
2010   11   2.3011
2010   12   1.4487
2011   01   0.0844
2011   02   1.2917
2011   03   1.7857
2011   04   3.9355
2011   05   6.2988
2011   06   39.1000
2011   07   52.0712
2011   08   26.0610
2011   09   3.2267
2011   10   3.1434
2011   11   2.3209
2011   12   1.4815
2012   01   0.0844
2012   02   1.2428
2012   03   1.7493
2012   04   6.7427
2012   05   22.7825
2012   06   39.3744
2012   07   15.4133
2012   08   29.7860
2012   09   7.6051
2012   10   3.9162
2012   11   2.3240
2012   12   1.4487
2013   01   0.0891
2013   02   1.3932
2013   03   2.5328
2013   04   4.4937
2013   05   27.3368
2013   06   33.5688
2013   07   29.2258
2013   08   20.2439
2013   09   6.4828
2013   10   5.2980
2013   11   2.5251
2013   12   1.5464
2014   01   0.0891
2014   02   1.4558
2014   03   2.3978
2014   04   3.7994
2014   05   9.7723
2014   06   46.1520
2014   07   33.7783
2014   08   20.3733
2014   09   9.3167
2014   10   3.6584
2014   11   2.4779
2014   12   1.6630
2015   01   0.0891
2015   02   1.3901
2015   03   6.6535
2015   04   3.7374
2015   05   11.4071
2015   06   28.2097
2015   07   46.7844
2015   08   53.8213
2015   09   9.5030
2015   10   5.0104
2015   11   3.0212
2015   12   1.5464
2016   01   0.0891
2016   02   1.3974
2016   03   2.2626
2016   04   9.4521
2016   05   40.3700
2016   06   73.1561
2016   07   53.0561
2016   08   19.8089
2016   09   3.4337
2016   10   5.1616
2016   11   2.4866
2016   12   1.5464
2017   01   0.0891
2017   02   1.3697
2017   03   2.5000
2017   04   6.4405
2017   05   35.4514
2017   06   93.5055
2017   07   28.6814
2017   08   27.0014
2017   09   3.4724
2017   10   3.7919
2017   11   3.2525
2017   12   1.5814
2018   01   0.0891
2018   02   1.3793
2018   03   2.2003
2018   04   4.3819
2018   05   18.1806
2018   06   76.7740
2018   07   26.0491
2018   08   20.6490
2018   09   4.9297
2018   10   5.2316
2018   11   2.4979
2018   12   1.5464
2019   01   0.0891
2019   02   1.3853
2019   03   2.2121
2019   04   4.8807
2019   05   27.0232
2019   06   35.3573
2019   07   27.7717
2019   08   18.8646
2019   09   4.6715
2019   10   3.9677
2019   11   2.4738
2019   12   1.3797
2020   01   0.0847
2020   02   1.3898
2020   03   2.2040
2020   04   4.7361
2020   05   5.5670
2020   06   100.9852
2020   07   16.0255
2020   08   15.7944
2020   09   2.8817
2020   10   3.4244
2020   11   3.3745
2020   12   1.5464
2021   01   0.0891
2021   02   1.3907
2021   03   2.2145
2021   04   2.7843
2021   05   5.2055
2021   06   50.8401
2021   07   12.8345
2021   08   14.6655
2021   09   2.2920
2021   10   4.1220
2021   11   2.8889
2021   12   1.3797
2022   01   0.0837
2022   02   1.6141
2022   03   2.2237
2022   04   4.1431
2022   05   9.3676
2022   06   32.9188
2022   07   77.6995
2022   08   14.0497
2022   09   3.5074
2022   10   3.8694
2022   11   3.3750
2022   12   1.4204
2023   01   0.0838
2023   02   1.3896
2023   03   2.2700
2023   04   5.6213
2023   05   6.2701
2023   06   27.1348
2023   07   18.9042
2023   08   17.8158
2023   09   4.5465
2023   10   3.0777
2023   11   2.4608
2023   12   1.5887
2024   01   0.0847
2024   02   1.5903
2024   03   2.6760
2024   04   8.3359
2024   05   25.5311
2024   06   106.4562
2024   07   21.8960
2024   08   53.7308
2024   09   2.5993
2024   10   8.9077
2024   11   2.5781
2024   11   2.5781
2024   12   1.5317
2025   01   0.0846
2025   02   1.3899
2025   03   2.8589
2025   04   3.8875
2025   05   7.7036
2025   06   80.6912
