1991   01   68.9955
1991   02   24.6862
1991   03   96.8524
1991   04   139.9287
1991   05   235.0240
1991   06   110.3226
1991   07   254.5013
1991   08   214.2909
1991   09   289.2188
1991   10   201.5221
1991   11   174.5892
1991   12   165.6012
1992   01   39.4689
1992   02   45.9240
1992   03   178.2398
1992   04   250.1745
1992   05   433.4760
1992   06   127.5849
1992   07   63.4559
1992   08   111.3783
1992   09   169.0840
1992   10   379.0363
1992   11   178.6136
1992   12   158.7431
1993   01   52.7091
1993   02   45.6133
1993   03   494.5153
1993   04   191.4405
1993   05   378.7158
1993   06   346.3648
1993   07   211.0771
1993   08   241.7988
1993   09   64.2872
1993   10   220.5601
1993   11   182.6164
1993   12   158.8826
1994   01   60.0296
1994   02   45.8358
1994   03   79.4867
1994   04   278.8318
1994   05   761.4747
1994   06   283.7419
1994   07   166.1608
1994   08   235.7951
1994   09   310.4865
1994   10   214.2283
1994   11   239.8612
1994   12   115.9445
1995   01   75.0108
1995   02   35.6218
1995   03   99.1886
1995   04   170.7514
1995   05   292.7875
1995   06   283.0358
1995   07   310.9272
1995   08   212.6870
1995   09   120.2123
1995   10   129.1697
1995   11   146.2510
1995   12   112.0551
1996   01   38.0392
1996   02   53.9569
1996   03   150.1682
1996   04   248.1170
1996   05   278.8478
1996   06   130.8675
1996   07   97.8037
1996   08   321.1453
1996   09   50.2067
1996   10   96.1501
1996   11   159.9519
1996   12   111.7945
1997   01   95.4948
1997   02   74.6141
1997   03   80.3859
1997   04   395.4954
1997   05   164.4825
1997   06   181.0041
1997   07   401.8228
1997   08   338.1806
1997   09   109.9531
1997   10   277.8371
1997   11   208.1256
1997   12   106.1268
1998   01   74.2714
1998   02   23.5644
1998   03   111.6770
1998   04   191.5813
1998   05   253.2655
1998   06   87.7554
1998   07   331.4098
1998   08   202.2486
1998   09   73.8843
1998   10   94.7336
1998   11   183.8059
1998   12   80.6736
1999   01   45.8760
1999   02   35.3709
1999   03   228.6005
1999   04   120.2095
1999   05   121.1106
1999   06   248.8404
1999   07   320.9808
1999   08   273.3179
1999   09   169.7603
1999   10   95.2769
1999   11   177.5085
1999   12   96.4913
2000   01   48.2532
2000   02   71.8106
2000   03   164.5662
2000   04   186.7448
2000   05   141.3415
2000   06   279.2255
2000   07   298.5304
2000   08   160.8879
2000   09   160.2747
2000   10   365.8995
2000   11   168.9184
2000   12   264.8075
2001   01   306.7473
2001   02   67.3181
2001   03   267.6920
2001   04   85.5580
2001   05   522.1263
2001   06   267.3274
2001   07   338.9614
2001   08   215.5505
2001   09   80.6301
2001   10   124.0231
2001   11   81.0837
2001   12   62.5927
2002   01   113.0524
2002   02   103.0993
2002   03   316.5357
2002   04   254.3078
2002   05   629.5479
2002   06   126.2123
2002   07   110.6261
2002   08   217.3752
2002   09   235.3210
2002   10   518.8718
2002   11   330.8432
2002   12   150.0264
2003   01   101.5821
2003   02   16.5407
2003   03   132.6984
2003   04   116.0350
2003   05   155.8580
2003   06   292.8326
2003   07   131.1890
2003   08   327.3126
2003   09   153.5476
2003   10   306.0834
2003   11   205.6463
2003   12   148.1266
2004   01   73.5729
2004   02   48.6117
2004   03   129.3169
2004   04   481.5501
2004   05   134.0433
2004   06   349.0822
2004   07   160.7043
2004   08   115.1957
2004   09   169.1342
2004   10   198.1444
2004   11   284.9643
2004   12   226.4014
2005   01   73.9152
2005   02   79.9146
2005   03   358.7942
2005   04   214.2579
2005   05   795.3535
2005   06   314.7040
2005   07   210.9819
2005   08   276.2781
2005   09   58.4632
2005   10   198.7883
2005   11   261.6780
2005   12   86.7208
2006   01   243.3576
2006   02   105.1393
2006   03   298.4215
2006   04   264.9935
2006   05   202.2666
2006   06   255.0196
2006   07   454.7745
2006   08   198.8785
2006   09   139.1886
2006   10   245.0176
2006   11   128.3730
2006   12   404.1233
2007   01   54.5291
2007   02   37.1044
2007   03   195.8096
2007   04   255.3238
2007   05   95.6732
2007   06   186.7063
2007   07   150.5579
2007   08   152.3074
2007   09   196.1799
2007   10   289.2228
2007   11   127.7906
2007   12   66.2720
2008   01   73.3101
2008   02   39.6586
2008   03   65.6508
2008   04   357.6765
2008   05   501.5662
2008   06   193.7612
2008   07   248.3334
2008   08   253.7118
2008   09   48.6488
2008   10   165.1904
2008   11   197.8795
2008   12   88.1200
2009   01   48.9370
2009   02   54.4854
2009   03   172.5690
2009   04   244.9481
2009   05   573.1790
2009   06   129.7468
2009   07   97.6530
2009   08   414.2691
2009   09   96.3570
2009   10   329.2482
2009   11   314.7485
2009   12   283.5836
2010   01   107.7535
2010   02   55.2938
2010   03   173.3299
2010   04   209.3629
2010   05   180.8698
2010   06   233.1575
2010   07   224.9300
2010   08   275.9072
2010   09   86.5592
2010   10   117.9159
2010   11   169.0755
2010   12   156.6506
2011   01   103.3730
2011   02   24.1699
2011   03   301.3188
2011   04   282.9232
2011   05   150.4083
2011   06   116.8878
2011   07   279.4146
2011   08   181.5315
2011   09   163.1750
2011   10   94.1487
2011   11   120.8503
2011   12   68.5498
2012   01   162.2088
2012   02   127.7468
2012   03   73.7656
2012   04   96.6280
2012   05   455.2431
2012   06   260.9994
2012   07   146.4278
2012   08   275.2726
2012   09   82.9720
2012   10   122.9939
2012   11   137.7125
2012   12   453.1717
2013   01   63.8245
2013   02   121.0981
2013   03   113.9277
2013   04   131.8499
2013   05   292.7669
2013   06   181.8289
2013   07   289.1429
2013   08   394.0113
2013   09   210.2147
2013   10   97.8831
2013   11   88.1377
2013   12   140.5817
2014   01   91.7481
2014   02   22.9132
2014   03   78.7467
2014   04   191.5600
2014   05   351.8682
2014   06   169.7945
2014   07   146.3792
2014   08   220.0584
2014   09   109.2325
2014   10   210.6040
2014   11   208.8035
2014   12   58.9297
2015   01   23.1005
2015   02   25.1609
2015   03   71.3158
2015   04   152.2451
2015   05   449.5162
2015   06   183.9291
2015   07   318.5898
2015   08   268.7703
2015   09   106.8285
2015   10   90.5705
2015   11   93.5987
2015   12   52.1023
2016   01   40.4090
2016   02   32.3671
2016   03   126.7201
2016   04   122.0753
2016   05   131.7789
2016   06   24.8821
2016   07   184.6426
2016   08   352.4655
2016   09   124.5557
2016   10   206.7762
2016   11   342.6177
2016   12   107.2554
2017   01   123.0616
2017   02   90.9818
2017   03   213.4817
2017   04   123.3211
2017   05   174.1141
2017   06   158.6311
2017   07   230.1150
2017   08   274.0295
2017   09   67.8538
2017   10   217.3918
2017   11   109.4867
2017   12   153.1591
2018   01   68.3011
2018   02   42.9917
2018   03   153.1034
2018   04   243.4254
2018   05   165.5642
2018   06   187.5425
2018   07   92.4956
2018   08   163.7578
2018   09   178.8380
2018   10   190.1803
2018   11   379.6725
2018   12   57.8513
2019   01   37.5022
2019   02   21.7338
2019   03   114.6445
2019   04   184.2654
2019   05   176.9281
2019   06   231.4835
2019   07   223.2218
2019   08   143.9181
2019   09   68.1562
2019   10   120.9352
2019   11   353.4297
2019   12   106.7053
2020   01   58.4760
2020   02   42.9696
2020   03   79.8079
2020   04   184.9910
2020   05   403.4454
2020   06   191.3475
2020   07   284.4657
2020   08   196.4179
2020   09   78.9382
2020   10   88.7118
2020   11   180.9458
2020   12   101.8352
2021   01   60.4247
2021   02   12.1989
2021   03   174.0908
2021   04   181.4827
2021   05   152.1679
2021   06   171.6243
2021   07   112.5657
2021   08   251.5005
2021   09   53.0185
2021   10   128.9883
2021   11   212.4814
2021   12   54.0900
2022   01   79.9053
2022   02   86.8478
2022   03   170.6656
2022   04   324.6935
2022   05   202.3706
2022   06   126.0280
2022   07   351.2569
2022   08   167.0520
2022   09   188.8806
2022   10   142.3121
2022   11   159.4418
2022   12   125.2132
2023   01   86.6068
2023   02   24.9298
2023   03   228.1675
2023   04   185.1378
2023   05   242.7898
2023   06   224.9789
2023   07   428.0517
2023   08   313.2226
2023   09   170.6000
2023   10   212.1400
2023   11   122.7931
2023   12   43.2668
2024   01   33.7141
2024   02   15.2847
2024   03   372.3904
2024   04   273.3757
2024   05   142.6923
2024   06   169.8037
2024   07   70.9623
2024   08   165.8652
2024   09   252.7396
2024   10   56.3324
2024   11   269.7938
2024   11   269.7938
2024   12   111.7387
2025   01   23.1173
2025   02   44.7786
2025   03   211.7770
2025   04   156.5077
2025   05   301.7325
2025   06   71.0533
