1991   01   48.0184
1991   02   37.3771
1991   03   92.9068
1991   04   291.9189
1991   05   591.8916
1991   06   248.6680
1991   07   499.4590
1991   08   265.6234
1991   09   334.7806
1991   10   276.3913
1991   11   122.1093
1991   12   400.5812
1992   01   47.2545
1992   02   43.3154
1992   03   210.7686
1992   04   265.6313
1992   05   729.4100
1992   06   379.3229
1992   07   183.4484
1992   08   154.4193
1992   09   522.8034
1992   10   377.8632
1992   11   182.6410
1992   12   227.7218
1993   01   55.7647
1993   02   28.6886
1993   03   124.9771
1993   04   271.5153
1993   05   654.8115
1993   06   506.1732
1993   07   532.6294
1993   08   176.7639
1993   09   233.8490
1993   10   259.7583
1993   11   191.1676
1993   12   169.8639
1994   01   58.8429
1994   02   50.8596
1994   03   56.8959
1994   04   206.7180
1994   05   401.2387
1994   06   460.0067
1994   07   503.0656
1994   08   117.7873
1994   09   376.3999
1994   10   279.1411
1994   11   267.4911
1994   12   224.8413
1995   01   86.3971
1995   02   21.2239
1995   03   83.3146
1995   04   291.8000
1995   05   196.5409
1995   06   484.2515
1995   07   458.0330
1995   08   427.6113
1995   09   243.1909
1995   10   289.4915
1995   11   122.6689
1995   12   57.9139
1996   01   62.1525
1996   02   70.3143
1996   03   125.5733
1996   04   184.5909
1996   05   321.2919
1996   06   234.4939
1996   07   159.2431
1996   08   315.6324
1996   09   160.7247
1996   10   195.7596
1996   11   155.6779
1996   12   122.7724
1997   01   79.2982
1997   02   44.5942
1997   03   37.9052
1997   04   414.7724
1997   05   357.6145
1997   06   570.0160
1997   07   488.1691
1997   08   239.6451
1997   09   367.2065
1997   10   547.5125
1997   11   217.7220
1997   12   156.8422
1998   01   41.2076
1998   02   83.2814
1998   03   96.5708
1998   04   164.3251
1998   05   367.5396
1998   06   193.3168
1998   07   259.1324
1998   08   270.2111
1998   09   262.5575
1998   10   93.3624
1998   11   131.8464
1998   12   125.5944
1999   01   66.4638
1999   02   54.2970
1999   03   92.2218
1999   04   91.4971
1999   05   398.1959
1999   06   488.6254
1999   07   202.1022
1999   08   482.5117
1999   09   459.5129
1999   10   169.7108
1999   11   126.8401
1999   12   104.9216
2000   01   43.4387
2000   02   178.4492
2000   03   91.1886
2000   04   250.1543
2000   05   378.1708
2000   06   784.0847
2000   07   403.1896
2000   08   263.7511
2000   09   458.0162
2000   10   199.4423
2000   11   156.9775
2000   12   147.0191
2001   01   90.8104
2001   02   31.8384
2001   03   133.2915
2001   04   119.6388
2001   05   751.6537
2001   06   381.8254
2001   07   812.3472
2001   08   223.3956
2001   09   172.5404
2001   10   152.2666
2001   11   244.9336
2001   12   60.3251
2002   01   62.5708
2002   02   53.7199
2002   03   288.9998
2002   04   158.4514
2002   05   393.8490
2002   06   224.7755
2002   07   269.4741
2002   08   373.5701
2002   09   332.4207
2002   10   538.7917
2002   11   242.1758
2002   12   202.4540
2003   01   48.6362
2003   02   28.2873
2003   03   85.5089
2003   04   140.4454
2003   05   216.1676
2003   06   623.0717
2003   07   309.2152
2003   08   262.2372
2003   09   452.6854
2003   10   207.3360
2003   11   199.1014
2003   12   132.5589
2004   01   37.9048
2004   02   43.9521
2004   03   154.0685
2004   04   385.3846
2004   05   152.1098
2004   06   451.7357
2004   07   477.9217
2004   08   304.6924
2004   09   281.5649
2004   10   256.4310
2004   11   218.8943
2004   12   158.1796
2005   01   61.8494
2005   02   22.4971
2005   03   152.1671
2005   04   102.2318
2005   05   763.6401
2005   06   388.6086
2005   07   245.4999
2005   08   469.7750
2005   09   211.2089
2005   10   181.0654
2005   11   398.4593
2005   12   136.9111
2006   01   109.2583
2006   02   47.3561
2006   03   113.5169
2006   04   234.9227
2006   05   220.2218
2006   06   489.4568
2006   07   565.1694
2006   08   364.0946
2006   09   396.6795
2006   10   280.7689
2006   11   116.8349
2006   12   235.5276
2007   01   46.6050
2007   02   83.0591
2007   03   105.8046
2007   04   279.5758
2007   05   197.9079
2007   06   293.8056
2007   07   385.4080
2007   08   225.2765
2007   09   269.9355
2007   10   174.9466
2007   11   127.8105
2007   12   147.2433
2008   01   45.6921
2008   02   50.5311
2008   03   74.1128
2008   04   181.1907
2008   05   472.0809
2008   06   185.5407
2008   07   368.3355
2008   08   513.9664
2008   09   217.1963
2008   10   120.0599
2008   11   188.4657
2008   12   74.6453
2009   01   35.7218
2009   02   59.3009
2009   03   51.0602
2009   04   161.1044
2009   05   527.3517
2009   06   296.3137
2009   07   219.8838
2009   08   594.3454
2009   09   191.2071
2009   10   353.1513
2009   11   205.5439
2009   12   173.2669
2010   01   60.1473
2010   02   114.5273
2010   03   92.4740
2010   04   103.3674
2010   05   215.5245
2010   06   300.5463
2010   07   284.5970
2010   08   333.7083
2010   09   151.7141
2010   10   182.6481
2010   11   158.6286
2010   12   165.6197
2011   01   82.0418
2011   02   60.9262
2011   03   134.5702
2011   04   253.3281
2011   05   295.0517
2011   06   263.8011
2011   07   242.4168
2011   08   403.1701
2011   09   324.2049
2011   10   143.5802
2011   11   179.0568
2011   12   69.3636
2012   01   70.1841
2012   02   128.1826
2012   03   77.1220
2012   04   84.6685
2012   05   384.9197
2012   06   349.2422
2012   07   190.7796
2012   08   224.2424
2012   09   216.9878
2012   10   162.0135
2012   11   121.1747
2012   12   327.2175
2013   01   40.3800
2013   02   74.3033
2013   03   86.1168
2013   04   156.5449
2013   05   295.7126
2013   06   157.2478
2013   07   148.7482
2013   08   328.5735
2013   09   327.4457
2013   10   134.9062
2013   11   185.7691
2013   12   73.2313
2014   01   106.8651
2014   02   50.4037
2014   03   207.4913
2014   04   107.9175
2014   05   356.4600
2014   06   324.6509
2014   07   350.2160
2014   08   265.2010
2014   09   510.5155
2014   10   167.1115
2014   11   92.2153
2014   12   90.6244
2015   01   26.7211
2015   02   20.8767
2015   03   47.8315
2015   04   149.7125
2015   05   324.3941
2015   06   357.9472
2015   07   567.1307
2015   08   512.4905
2015   09   377.8797
2015   10   193.0462
2015   11   136.5968
2015   12   129.9735
2016   01   38.3156
2016   02   29.9192
2016   03   57.2937
2016   04   192.7904
2016   05   199.5064
2016   06   90.9645
2016   07   379.9023
2016   08   229.6127
2016   09   221.0826
2016   10   224.0443
2016   11   156.7809
2016   12   207.2605
2017   01   50.8058
2017   02   97.9382
2017   03   102.2762
2017   04   139.1342
2017   05   226.7255
2017   06   323.4136
2017   07   202.5335
2017   08   431.0515
2017   09   301.0026
2017   10   269.9378
2017   11   119.7322
2017   12   130.9505
2018   01   56.0041
2018   02   42.3212
2018   03   180.3064
2018   04   247.5039
2018   05   215.5925
2018   06   234.6588
2018   07   180.9789
2018   08   218.7234
2018   09   469.9199
2018   10   264.4324
2018   11   201.2497
2018   12   121.9474
2019   01   35.7961
2019   02   27.0875
2019   03   74.8191
2019   04   73.3929
2019   05   292.8523
2019   06   388.1252
2019   07   378.4439
2019   08   211.8121
2019   09   200.9972
2019   10   191.1328
2019   11   142.7924
2019   12   64.2908
2020   01   36.7257
2020   02   36.2624
2020   03   68.0401
2020   04   177.9860
2020   05   214.7740
2020   06   392.8976
2020   07   438.8628
2020   08   161.6823
2020   09   195.0623
2020   10   161.2924
2020   11   68.2244
2020   12   137.8122
2021   01   89.8524
2021   02   16.0527
2021   03   51.7267
2021   04   170.1704
2021   05   284.1553
2021   06   209.7958
2021   07   182.9200
2021   08   265.5916
2021   09   226.2732
2021   10   134.5541
2021   11   87.1643
2021   12   51.4717
2022   01   87.6638
2022   02   48.8808
2022   03   179.2340
2022   04   389.4049
2022   05   226.0614
2022   06   345.3107
2022   07   386.9151
2022   08   247.8618
2022   09   174.7054
2022   10   178.7037
2022   11   95.6518
2022   12   91.3174
2023   01   28.1768
2023   02   17.8147
2023   03   117.5511
2023   04   122.2278
2023   05   190.1580
2023   06   325.8660
2023   07   385.9540
2023   08   380.2327
2023   09   394.0594
2023   10   132.6553
2023   11   152.1646
2023   12   69.5054
2024   01   15.8850
2024   02   25.3577
2024   03   193.4971
2024   04   285.5405
2024   05   321.1004
2024   06   486.5984
2024   07   103.3393
2024   08   199.7288
2024   09   711.1177
2024   10   85.2800
2024   11   176.7649
2024   11   176.7649
2024   12   43.1367
2025   01   38.5521
2025   02   23.4400
2025   03   146.5430
2025   04   272.1478
2025   05   295.7765
2025   06   154.2964
