1991   01   0.1465
1991   02   2.0607
1991   03   1.3860
1991   04   8.8982
1991   05   92.0960
1991   06   159.4380
1991   07   137.5555
1991   08   43.6489
1991   09   36.0950
1991   10   10.8193
1991   11   6.7667
1991   12   1.7768
1992   01   0.1465
1992   02   2.1580
1992   03   5.9872
1992   04   22.6814
1992   05   184.4766
1992   06   134.8434
1992   07   17.9731
1992   08   61.1540
1992   09   12.9412
1992   10   4.8929
1992   11   10.9296
1992   12   2.2122
1993   01   0.1567
1993   02   4.4848
1993   03   1.5303
1993   04   30.8083
1993   05   111.6659
1993   06   97.9989
1993   07   69.4524
1993   08   31.4628
1993   09   7.9787
1993   10   4.4201
1993   11   5.8404
1993   12   1.3085
1994   01   0.1618
1994   02   2.8052
1994   03   1.6215
1994   04   17.9855
1994   05   52.4670
1994   06   69.8747
1994   07   62.2832
1994   08   14.5825
1994   09   17.2139
1994   10   11.3081
1994   11   4.9712
1994   12   3.4214
1995   01   0.1598
1995   02   2.8037
1995   03   1.7782
1995   04   18.9842
1995   05   16.2342
1995   06   90.3580
1995   07   74.8244
1995   08   48.4789
1995   09   19.9035
1995   10   10.1892
1995   11   4.2811
1995   12   1.2769
1996   01   0.1597
1996   02   2.8110
1996   03   1.7384
1996   04   23.3480
1996   05   37.3181
1996   06   58.3477
1996   07   55.9991
1996   08   16.5584
1996   09   7.2459
1996   10   8.5563
1996   11   5.5680
1996   12   1.3566
1997   01   0.1641
1997   02   2.8957
1997   03   1.5434
1997   04   12.4581
1997   05   110.6985
1997   06   332.7437
1997   07   95.2410
1997   08   93.8947
1997   09   21.8100
1997   10   17.4585
1997   11   12.5171
1997   12   1.3182
1998   01   0.1600
1998   02   2.7689
1998   03   2.6694
1998   04   26.1248
1998   05   56.2899
1998   06   34.3646
1998   07   19.0708
1998   08   20.1707
1998   09   17.6488
1998   10   3.9548
1998   11   5.1371
1998   12   1.3263
1999   01   0.1605
1999   02   2.8169
1999   03   1.9551
1999   04   22.1743
1999   05   19.7747
1999   06   62.1785
1999   07   42.2538
1999   08   119.2493
1999   09   42.3851
1999   10   13.9929
1999   11   4.9721
1999   12   1.7105
2000   01   0.1537
2000   02   2.5005
2000   03   1.1154
2000   04   30.1927
2000   05   53.6921
2000   06   337.9481
2000   07   22.3808
2000   08   12.7126
2000   09   54.4335
2000   10   11.6222
2000   11   8.1358
2000   12   1.6690
2001   01   0.1430
2001   02   2.2663
2001   03   1.4190
2001   04   19.3193
2001   05   81.6869
2001   06   44.7792
2001   07   245.5636
2001   08   86.9045
2001   09   16.1775
2001   10   9.4646
2001   11   4.4902
2001   12   1.4396
2002   01   0.1362
2002   02   2.1842
2002   03   1.8633
2002   04   17.0022
2002   05   172.8387
2002   06   168.5148
2002   07   78.1310
2002   08   138.9067
2002   09   27.7658
2002   10   14.2664
2002   11   3.5221
2002   12   2.8555
2003   01   0.1235
2003   02   2.1082
2003   03   1.1825
2003   04   11.7324
2003   05   88.0582
2003   06   116.9821
2003   07   66.2257
2003   08   29.8659
2003   09   17.7573
2003   10   7.9130
2003   11   14.8457
2003   12   2.0629
2004   01   0.1361
2004   02   1.9688
2004   03   2.7241
2004   04   29.1378
2004   05   34.0971
2004   06   95.9731
2004   07   122.0978
2004   08   55.4325
2004   09   16.6015
2004   10   8.8325
2004   11   31.2257
2004   12   1.8482
2005   01   0.1319
2005   02   2.1007
2005   03   6.0916
2005   04   8.5201
2005   05   110.6102
2005   06   215.9493
2005   07   59.9582
2005   08   152.9472
2005   09   16.8295
2005   10   8.6125
2005   11   11.3455
2005   12   1.0372
2006   01   0.1420
2006   02   2.1714
2006   03   1.0280
2006   04   10.1571
2006   05   42.2486
2006   06   124.1364
2006   07   195.5309
2006   08   72.7055
2006   09   12.3108
2006   10   37.4071
2006   11   3.6655
2006   12   0.9606
2007   01   0.1425
2007   02   3.9613
2007   03   4.2969
2007   04   9.3797
2007   05   40.9548
2007   06   106.9083
2007   07   50.8870
2007   08   47.4916
2007   09   6.9831
2007   10   6.9159
2007   11   2.9672
2007   12   1.0184
2008   01   0.1362
2008   02   2.1148
2008   03   1.1015
2008   04   9.7830
2008   05   130.6259
2008   06   76.4658
2008   07   75.8951
2008   08   102.2507
2008   09   13.5357
2008   10   4.8974
2008   11   2.9097
2008   12   1.4862
2009   01   0.1362
2009   02   2.0888
2009   03   1.0541
2009   04   5.3976
2009   05   34.8309
2009   06   115.5571
2009   07   53.0239
2009   08   78.5101
2009   09   26.4639
2009   10   14.4153
2009   11   5.7506
2009   12   0.9585
2010   01   0.1357
2010   02   3.4235
2010   03   1.0270
2010   04   6.1364
2010   05   64.1332
2010   06   67.8854
2010   07   46.4236
2010   08   22.8727
2010   09   9.8922
2010   10   12.1720
2010   11   8.8139
2010   12   0.9728
2011   01   0.1389
2011   02   2.3344
2011   03   1.2326
2011   04   10.2362
2011   05   10.6360
2011   06   65.6936
2011   07   38.9001
2011   08   75.2257
2011   09   5.8245
2011   10   5.9095
2011   11   3.9912
2011   12   0.9585
2012   01   0.1362
2012   02   2.1343
2012   03   1.1149
2012   04   12.0861
2012   05   99.3545
2012   06   102.9814
2012   07   14.2548
2012   08   57.8502
2012   09   7.2667
2012   10   23.7425
2012   11   6.0784
2012   12   1.3783
2013   01   0.1665
2013   02   2.8438
2013   03   3.6391
2013   04   7.2527
2013   05   127.5344
2013   06   32.7166
2013   07   39.5837
2013   08   38.2472
2013   09   15.3999
2013   10   7.8151
2013   11   5.4258
2013   12   1.1466
2014   01   0.1612
2014   02   3.9690
2014   03   1.7310
2014   04   6.6539
2014   05   42.4508
2014   06   83.3902
2014   07   54.9971
2014   08   52.2695
2014   09   30.5908
2014   10   9.4534
2014   11   8.4609
2014   12   1.1322
2015   01   0.1592
2015   02   3.8220
2015   03   5.6650
2015   04   8.1344
2015   05   22.5310
2015   06   12.3206
2015   07   83.1302
2015   08   116.6897
2015   09   20.3906
2015   10   29.8029
2015   11   8.6508
2015   12   2.0798
2016   01   0.2218
2016   02   2.5901
2016   03   2.0683
2016   04   82.0970
2016   05   63.6720
2016   06   47.8777
2016   07   105.9410
2016   08   11.2244
2016   09   5.0999
2016   10   16.7885
2016   11   4.9576
2016   12   3.3857
2017   01   0.1598
2017   02   3.7483
2017   03   1.2739
2017   04   13.5502
2017   05   83.7726
2017   06   97.8044
2017   07   40.1911
2017   08   63.3434
2017   09   12.0848
2017   10   19.1187
2017   11   8.1946
2017   12   0.9937
2018   01   0.1584
2018   02   2.5905
2018   03   1.3424
2018   04   8.3884
2018   05   54.8451
2018   06   43.7069
2018   07   46.9192
2018   08   20.4722
2018   09   19.5528
2018   10   13.9673
2018   11   4.7173
2018   12   2.3684
2019   01   0.1589
2019   02   2.6011
2019   03   2.5200
2019   04   16.1992
2019   05   36.4744
2019   06   50.3996
2019   07   33.5956
2019   08   17.2742
2019   09   11.3766
2019   10   11.3007
2019   11   3.4160
2019   12   1.3380
2020   01   0.1572
2020   02   2.3663
2020   03   1.2139
2020   04   7.1354
2020   05   13.3235
2020   06   144.0470
2020   07   63.1559
2020   08   13.2391
2020   09   5.1791
2020   10   2.7323
2020   11   5.6561
2020   12   0.9954
2021   01   0.7821
2021   02   2.4369
2021   03   1.0139
2021   04   4.6132
2021   05   25.4251
2021   06   33.7162
2021   07   6.8084
2021   08   31.6459
2021   09   12.8597
2021   10   6.8092
2021   11   3.4983
2021   12   0.8919
2022   01   0.1888
2022   02   4.9169
2022   03   0.9978
2022   04   25.1984
2022   05   15.8784
2022   06   39.0615
2022   07   69.3310
2022   08   19.6978
2022   09   7.6947
2022   10   2.6555
2022   11   4.5715
2022   12   0.9235
2023   01   0.1664
2023   02   2.3393
2023   03   0.9904
2023   04   8.9212
2023   05   29.6503
2023   06   60.7854
2023   07   41.9256
2023   08   92.2468
2023   09   47.2419
2023   10   5.5805
2023   11   18.9901
2023   12   1.0897
2024   01   0.1574
2024   02   2.9463
2024   03   0.9712
2024   04   5.4808
2024   05   119.7915
2024   06   188.2896
2024   07   30.9016
2024   08   89.6230
2024   09   10.7243
2024   10   10.7649
2024   11   3.7209
2024   11   3.7209
2024   12   0.8742
2025   01   0.1521
2025   02   2.1612
2025   03   2.4934
2025   04   4.2262
2025   05   90.8298
2025   06   69.6456
