1991   01   27.0646
1991   02   25.1321
1991   03   52.6504
1991   04   273.1354
1991   05   466.1443
1991   06   234.8180
1991   07   309.1075
1991   08   252.6590
1991   09   275.6467
1991   10   218.6203
1991   11   115.0715
1991   12   131.5350
1992   01   19.3915
1992   02   35.8396
1992   03   129.4943
1992   04   203.4200
1992   05   752.8096
1992   06   377.8149
1992   07   166.6863
1992   08   177.8984
1992   09   400.5420
1992   10   271.0482
1992   11   162.9270
1992   12   70.2202
1993   01   23.6502
1993   02   45.2180
1993   03   85.1561
1993   04   203.3232
1993   05   536.7197
1993   06   553.4879
1993   07   413.8043
1993   08   279.2795
1993   09   233.5865
1993   10   194.4357
1993   11   147.1908
1993   12   62.1351
1994   01   24.2537
1994   02   26.8906
1994   03   56.9481
1994   04   91.4868
1994   05   206.6157
1994   06   364.7959
1994   07   418.7889
1994   08   89.7493
1994   09   357.5782
1994   10   232.5392
1994   11   160.5509
1994   12   89.8197
1995   01   28.7532
1995   02   19.2491
1995   03   57.6368
1995   04   221.6033
1995   05   229.0149
1995   06   421.5745
1995   07   432.9166
1995   08   403.9516
1995   09   139.7947
1995   10   273.2346
1995   11   104.0785
1995   12   44.9968
1996   01   23.6376
1996   02   66.9788
1996   03   60.1350
1996   04   106.8984
1996   05   187.0156
1996   06   244.6101
1996   07   76.7390
1996   08   365.5842
1996   09   140.6461
1996   10   172.3610
1996   11   149.0302
1996   12   58.4009
1997   01   40.5567
1997   02   52.5935
1997   03   26.7891
1997   04   329.1155
1997   05   339.2482
1997   06   468.5682
1997   07   347.2787
1997   08   242.9495
1997   09   288.2343
1997   10   323.4338
1997   11   176.5358
1997   12   83.1805
1998   01   19.8270
1998   02   57.0408
1998   03   75.3033
1998   04   116.8672
1998   05   266.1595
1998   06   89.4247
1998   07   152.3716
1998   08   203.5511
1998   09   264.8171
1998   10   94.2177
1998   11   129.4639
1998   12   66.6492
1999   01   44.3360
1999   02   62.4089
1999   03   57.2488
1999   04   90.4166
1999   05   436.3491
1999   06   413.2003
1999   07   148.6926
1999   08   360.3291
1999   09   441.1927
1999   10   132.7678
1999   11   106.6942
1999   12   41.7900
2000   01   18.9472
2000   02   124.5116
2000   03   66.8623
2000   04   174.1493
2000   05   333.3577
2000   06   705.6273
2000   07   229.4769
2000   08   327.5417
2000   09   490.8282
2000   10   206.1139
2000   11   125.9664
2000   12   75.1554
2001   01   45.8377
2001   02   26.8363
2001   03   75.4656
2001   04   93.0071
2001   05   800.4170
2001   06   294.1474
2001   07   659.7778
2001   08   246.6609
2001   09   179.4583
2001   10   118.1128
2001   11   206.5490
2001   12   35.6892
2002   01   31.2278
2002   02   61.8124
2002   03   194.6023
2002   04   123.8717
2002   05   381.0565
2002   06   191.8550
2002   07   257.9141
2002   08   383.6575
2002   09   312.8605
2002   10   323.8752
2002   11   153.1033
2002   12   71.5709
2003   01   22.4838
2003   02   20.5539
2003   03   63.5926
2003   04   83.5036
2003   05   196.5818
2003   06   539.6394
2003   07   268.8235
2003   08   162.8287
2003   09   308.4213
2003   10   171.7714
2003   11   141.6252
2003   12   59.4616
2004   01   22.6490
2004   02   52.9022
2004   03   118.3451
2004   04   268.6649
2004   05   172.6873
2004   06   479.5621
2004   07   361.1768
2004   08   180.6116
2004   09   230.0503
2004   10   224.0131
2004   11   141.4902
2004   12   84.6922
2005   01   26.2894
2005   02   20.5420
2005   03   88.0374
2005   04   85.6713
2005   05   646.6204
2005   06   414.6376
2005   07   200.0135
2005   08   581.8693
2005   09   177.4558
2005   10   136.3875
2005   11   229.3609
2005   12   71.1446
2006   01   49.6909
2006   02   41.4118
2006   03   63.0866
2006   04   172.4025
2006   05   172.1718
2006   06   503.2661
2006   07   523.8418
2006   08   338.7407
2006   09   310.7852
2006   10   203.3839
2006   11   104.7000
2006   12   104.6072
2007   01   22.7438
2007   02   75.7998
2007   03   81.0812
2007   04   163.1247
2007   05   154.8029
2007   06   302.7837
2007   07   278.9974
2007   08   212.1907
2007   09   212.3003
2007   10   156.9222
2007   11   110.6194
2007   12   67.5466
2008   01   22.5402
2008   02   40.6566
2008   03   54.6051
2008   04   105.8670
2008   05   409.7039
2008   06   175.7761
2008   07   285.4662
2008   08   357.9117
2008   09   251.1271
2008   10   117.5596
2008   11   149.5192
2008   12   52.7095
2009   01   23.8907
2009   02   39.2745
2009   03   36.7643
2009   04   94.5289
2009   05   410.0545
2009   06   235.6407
2009   07   164.4681
2009   08   516.7426
2009   09   172.6145
2009   10   240.3619
2009   11   149.6597
2009   12   73.2165
2010   01   26.6529
2010   02   78.5199
2010   03   80.7384
2010   04   55.8992
2010   05   147.2219
2010   06   323.0558
2010   07   224.5211
2010   08   220.1418
2010   09   160.6357
2010   10   159.8547
2010   11   126.9169
2010   12   83.6180
2011   01   51.8249
2011   02   44.9348
2011   03   85.4228
2011   04   192.6183
2011   05   221.1467
2011   06   257.7203
2011   07   188.8998
2011   08   314.7700
2011   09   264.9808
2011   10   130.6536
2011   11   119.9298
2011   12   38.3952
2012   01   35.9470
2012   02   66.2041
2012   03   49.7707
2012   04   54.6470
2012   05   329.0196
2012   06   323.7802
2012   07   123.3714
2012   08   189.2968
2012   09   162.0637
2012   10   113.5104
2012   11   98.8157
2012   12   101.8012
2013   01   23.2258
2013   02   45.9061
2013   03   56.4789
2013   04   86.4369
2013   05   217.3395
2013   06   84.1582
2013   07   137.2194
2013   08   250.9728
2013   09   247.8387
2013   10   118.5005
2013   11   142.3705
2013   12   47.0702
2014   01   43.0686
2014   02   70.5018
2014   03   137.1414
2014   04   64.1214
2014   05   276.8196
2014   06   248.1645
2014   07   265.0898
2014   08   217.0198
2014   09   379.3823
2014   10   154.2975
2014   11   93.3339
2014   12   46.1651
2015   01   15.8688
2015   02   31.7253
2015   03   29.0682
2015   04   83.9832
2015   05   274.0551
2015   06   273.2762
2015   07   392.4501
2015   08   372.3242
2015   09   265.9191
2015   10   172.4098
2015   11   120.3477
2015   12   74.8333
2016   01   31.3643
2016   02   21.4238
2016   03   47.6653
2016   04   114.6132
2016   05   212.4909
2016   06   64.9492
2016   07   272.7934
2016   08   190.0258
2016   09   194.5731
2016   10   198.0666
2016   11   134.7464
2016   12   91.1425
2017   01   21.8599
2017   02   91.9377
2017   03   82.2742
2017   04   125.4004
2017   05   162.7188
2017   06   236.1821
2017   07   124.2341
2017   08   301.8394
2017   09   239.3454
2017   10   191.8292
2017   11   132.8338
2017   12   70.6864
2018   01   36.1411
2018   02   62.5787
2018   03   93.2980
2018   04   192.6506
2018   05   203.8816
2018   06   178.4756
2018   07   125.5128
2018   08   141.3265
2018   09   286.6993
2018   10   178.6279
2018   11   180.6765
2018   12   65.3369
2019   01   19.8790
2019   02   19.5997
2019   03   39.1142
2019   04   58.6088
2019   05   311.9839
2019   06   283.8816
2019   07   244.9229
2019   08   142.8940
2019   09   207.0503
2019   10   136.8104
2019   11   99.2142
2019   12   36.9569
2020   01   18.9425
2020   02   35.5104
2020   03   41.7700
2020   04   135.6436
2020   05   174.2407
2020   06   340.7538
2020   07   267.6258
2020   08   180.0009
2020   09   176.1954
2020   10   145.3038
2020   11   59.3187
2020   12   49.4457
2021   01   48.0196
2021   02   24.2750
2021   03   49.2932
2021   04   122.9651
2021   05   289.5564
2021   06   100.6979
2021   07   136.9906
2021   08   203.9013
2021   09   192.4325
2021   10   119.8618
2021   11   80.2550
2021   12   26.3640
2022   01   32.1638
2022   02   27.0632
2022   03   83.8292
2022   04   275.6704
2022   05   217.7340
2022   06   304.1212
2022   07   270.7146
2022   08   221.4620
2022   09   133.0400
2022   10   154.2973
2022   11   115.3219
2022   12   40.6167
2023   01   19.7000
2023   02   13.8344
2023   03   59.2168
2023   04   129.1339
2023   05   203.3683
2023   06   300.3738
2023   07   309.5129
2023   08   432.0273
2023   09   231.6814
2023   10   124.4114
2023   11   145.1475
2023   12   41.2513
2024   01   11.4696
2024   02   22.8532
2024   03   82.5511
2024   04   159.2574
2024   05   231.7971
2024   06   473.5251
2024   07   46.4286
2024   08   211.1820
2024   09   369.9094
2024   10   87.9303
2024   11   107.6007
2024   11   107.6007
2024   12   25.8872
2025   01   16.2515
2025   02   15.6886
2025   03   102.2823
2025   04   170.6011
2025   05   261.9350
2025   06   73.0048
