1991   01   7.0773
1991   02   4.2952
1991   03   3.9083
1991   04   31.4459
1991   05   158.0790
1991   06   201.4214
1991   07   194.3118
1991   08   67.3306
1991   09   72.5232
1991   10   16.7664
1991   11   8.9538
1991   12   10.0727
1992   01   6.6631
1992   02   6.4925
1992   03   5.2686
1992   04   53.7202
1992   05   313.2488
1992   06   461.7289
1992   07   43.4508
1992   08   131.4489
1992   09   20.3870
1992   10   12.7297
1992   11   16.7223
1992   12   3.5016
1993   01   6.7907
1993   02   7.0815
1993   03   3.6038
1993   04   55.4517
1993   05   131.1665
1993   06   199.6812
1993   07   116.7004
1993   08   26.6192
1993   09   7.6937
1993   10   10.3598
1993   11   13.6900
1993   12   4.7132
1994   01   7.0631
1994   02   4.0023
1994   03   3.3890
1994   04   32.2120
1994   05   86.8064
1994   06   219.5658
1994   07   136.2270
1994   08   24.1726
1994   09   30.4396
1994   10   21.3202
1994   11   5.4809
1994   12   8.1600
1995   01   5.4367
1995   02   4.5092
1995   03   4.8749
1995   04   60.0852
1995   05   41.3136
1995   06   180.1214
1995   07   116.4231
1995   08   45.7531
1995   09   25.2608
1995   10   21.0146
1995   11   4.7592
1995   12   3.6846
1996   01   5.5772
1996   02   3.9286
1996   03   4.2368
1996   04   36.0212
1996   05   69.5716
1996   06   111.4603
1996   07   61.1031
1996   08   94.2712
1996   09   9.8268
1996   10   10.5851
1996   11   11.4431
1996   12   4.3635
1997   01   6.4304
1997   02   4.9623
1997   03   3.3597
1997   04   30.6764
1997   05   139.6748
1997   06   390.5365
1997   07   168.8758
1997   08   142.5814
1997   09   52.1666
1997   10   33.2254
1997   11   14.6202
1997   12   4.8892
1998   01   7.8643
1998   02   6.2856
1998   03   3.3503
1998   04   27.1897
1998   05   66.4178
1998   06   62.8640
1998   07   38.3072
1998   08   30.6331
1998   09   25.8887
1998   10   12.7509
1998   11   5.7019
1998   12   5.4305
1999   01   6.0103
1999   02   4.0462
1999   03   6.6075
1999   04   26.4065
1999   05   38.3443
1999   06   107.7151
1999   07   88.8533
1999   08   156.1796
1999   09   91.8382
1999   10   16.2015
1999   11   7.9737
1999   12   5.0065
2000   01   6.0916
2000   02   4.7694
2000   03   4.0013
2000   04   36.3705
2000   05   53.0656
2000   06   436.1160
2000   07   52.0900
2000   08   32.1221
2000   09   117.1637
2000   10   24.1013
2000   11   13.5990
2000   12   3.6400
2001   01   6.2461
2001   02   3.4488
2001   03   4.8435
2001   04   37.2763
2001   05   181.2684
2001   06   70.9814
2001   07   344.5800
2001   08   181.4448
2001   09   42.4425
2001   10   17.4944
2001   11   6.3487
2001   12   4.1499
2002   01   5.4864
2002   02   4.1644
2002   03   8.8968
2002   04   19.8157
2002   05   280.7156
2002   06   318.2648
2002   07   165.0192
2002   08   283.4686
2002   09   50.7821
2002   10   26.8453
2002   11   5.4295
2002   12   8.1724
2003   01   6.9751
2003   02   3.2074
2003   03   3.9406
2003   04   12.4749
2003   05   138.5012
2003   06   167.5604
2003   07   123.6182
2003   08   58.2516
2003   09   38.5635
2003   10   20.7290
2003   11   21.3208
2003   12   5.0599
2004   01   8.1279
2004   02   3.2378
2004   03   8.3163
2004   04   51.5527
2004   05   50.9137
2004   06   167.8763
2004   07   149.9746
2004   08   151.6605
2004   09   44.6072
2004   10   24.3482
2004   11   44.7737
2004   12   5.8525
2005   01   5.3897
2005   02   3.2843
2005   03   11.9070
2005   04   13.8235
2005   05   210.0796
2005   06   359.9351
2005   07   103.0521
2005   08   286.2446
2005   09   28.3679
2005   10   14.7422
2005   11   16.7123
2005   12   4.6062
2006   01   5.0699
2006   02   3.4349
2006   03   3.9999
2006   04   16.9757
2006   05   94.3437
2006   06   213.5194
2006   07   338.2400
2006   08   104.3062
2006   09   23.5816
2006   10   66.4358
2006   11   4.7918
2006   12   4.2436
2007   01   7.1598
2007   02   7.7663
2007   03   8.6067
2007   04   18.7712
2007   05   84.0433
2007   06   135.6693
2007   07   104.8479
2007   08   85.2483
2007   09   11.2721
2007   10   14.8210
2007   11   4.6767
2007   12   3.0234
2008   01   5.5711
2008   02   3.2511
2008   03   4.2587
2008   04   18.1150
2008   05   188.1371
2008   06   107.2572
2008   07   96.1203
2008   08   156.4006
2008   09   12.3268
2008   10   7.4253
2008   11   5.2951
2008   12   3.2824
2009   01   5.7673
2009   02   3.1415
2009   03   3.7841
2009   04   8.8110
2009   05   44.4195
2009   06   198.9289
2009   07   57.8132
2009   08   158.7236
2009   09   52.7868
2009   10   19.8025
2009   11   9.5930
2009   12   3.2824
2010   01   9.2699
2010   02   3.2284
2010   03   3.9061
2010   04   11.6047
2010   05   92.1842
2010   06   198.4000
2010   07   96.1501
2010   08   38.5796
2010   09   13.3040
2010   10   18.6323
2010   11   9.7431
2010   12   4.6858
2011   01   7.3666
2011   02   3.4625
2011   03   5.3803
2011   04   22.0175
2011   05   27.6754
2011   06   130.3384
2011   07   100.3279
2011   08   122.1503
2011   09   8.0399
2011   10   10.9946
2011   11   6.0154
2011   12   3.2824
2012   01   5.5505
2012   02   5.3589
2012   03   3.6913
2012   04   13.1659
2012   05   195.2926
2012   06   175.2682
2012   07   32.9777
2012   08   133.8419
2012   09   11.4555
2012   10   46.3731
2012   11   8.3428
2012   12   5.1041
2013   01   6.0146
2013   02   4.1197
2013   03   3.5803
2013   04   12.4985
2013   05   182.3820
2013   06   81.9281
2013   07   114.6578
2013   08   55.2935
2013   09   32.6022
2013   10   17.5749
2013   11   7.0514
2013   12   3.4569
2014   01   5.8657
2014   02   6.2891
2014   03   5.3406
2014   04   14.9540
2014   05   70.4473
2014   06   183.2094
2014   07   90.1177
2014   08   75.9468
2014   09   65.9279
2014   10   10.5496
2014   11   12.8110
2014   12   7.1413
2015   01   5.8157
2015   02   3.9379
2015   03   7.1669
2015   04   16.4595
2015   05   34.7879
2015   06   32.7848
2015   07   178.5430
2015   08   217.6278
2015   09   49.3334
2015   10   46.3609
2015   11   7.4167
2015   12   5.4248
2016   01   12.5628
2016   02   4.1715
2016   03   4.2831
2016   04   99.1295
2016   05   130.1114
2016   06   63.5505
2016   07   186.7578
2016   08   20.0427
2016   09   3.8710
2016   10   33.6884
2016   11   6.6527
2016   12   8.2872
2017   01   6.3821
2017   02   10.1611
2017   03   4.3822
2017   04   25.1897
2017   05   122.4823
2017   06   201.2951
2017   07   70.9480
2017   08   91.1981
2017   09   12.4272
2017   10   36.6798
2017   11   14.1486
2017   12   3.1171
2018   01   7.5413
2018   02   3.9930
2018   03   6.5372
2018   04   12.1327
2018   05   73.8026
2018   06   84.1164
2018   07   102.5810
2018   08   46.3050
2018   09   40.9657
2018   10   28.9902
2018   11   4.7236
2018   12   6.1491
2019   01   5.4840
2019   02   3.9664
2019   03   5.2969
2019   04   14.9493
2019   05   80.8566
2019   06   103.5620
2019   07   60.5726
2019   08   29.4092
2019   09   18.8985
2019   10   20.1631
2019   11   2.8485
2019   12   3.4462
2020   01   5.3872
2020   02   3.3356
2020   03   3.0656
2020   04   14.4307
2020   05   17.7596
2020   06   243.2582
2020   07   105.2473
2020   08   29.0452
2020   09   6.3687
2020   10   4.7152
2020   11   3.8741
2020   12   3.8867
2021   01   30.0518
2021   02   3.2125
2021   03   3.0471
2021   04   9.3255
2021   05   27.5994
2021   06   66.3494
2021   07   28.6276
2021   08   69.8957
2021   09   20.1318
2021   10   10.0843
2021   11   3.2417
2021   12   2.4634
2022   01   5.7253
2022   02   5.1823
2022   03   2.9231
2022   04   47.1212
2022   05   20.9445
2022   06   84.2020
2022   07   126.5622
2022   08   28.2037
2022   09   15.9984
2022   10   6.6552
2022   11   5.0188
2022   12   3.6046
2023   01   5.6462
2023   02   3.2251
2023   03   2.9467
2023   04   25.5880
2023   05   50.3755
2023   06   135.4330
2023   07   70.8724
2023   08   187.5230
2023   09   56.2429
2023   10   15.1127
2023   11   22.2255
2023   12   3.8335
2024   01   5.2798
2024   02   7.7791
2024   03   3.0787
2024   04   19.4718
2024   05   90.4893
2024   06   247.7974
2024   07   55.0679
2024   08   116.0766
2024   09   26.4651
2024   10   9.1480
2024   11   3.6374
2024   11   3.6374
2024   12   2.6063
2025   01   4.7908
2025   02   2.9608
2025   03   4.7905
2025   04   12.1688
2025   05   71.3859
2025   06   119.8597
