1991   01   18.2355
1991   02   16.7796
1991   03   26.6025
1991   04   83.6689
1991   05   221.7230
1991   06   120.3319
1991   07   195.0224
1991   08   94.7607
1991   09   75.5594
1991   10   65.0997
1991   11   54.4709
1991   12   70.5436
1992   01   8.4822
1992   02   24.6016
1992   03   60.7556
1992   04   65.1502
1992   05   243.5376
1992   06   239.4876
1992   07   104.2375
1992   08   97.0100
1992   09   81.6297
1992   10   94.8442
1992   11   35.0569
1992   12   24.8990
1993   01   12.1817
1993   02   17.7770
1993   03   35.6881
1993   04   85.1335
1993   05   255.8047
1993   06   219.2485
1993   07   161.7080
1993   08   85.9526
1993   09   26.9561
1993   10   47.2727
1993   11   47.2634
1993   12   17.9025
1994   01   12.6902
1994   02   15.2573
1994   03   20.0769
1994   04   67.4991
1994   05   88.5737
1994   06   234.9638
1994   07   143.8757
1994   08   57.5902
1994   09   91.7393
1994   10   69.5046
1994   11   34.1569
1994   12   37.9367
1995   01   15.4000
1995   02   8.8434
1995   03   19.6389
1995   04   83.8735
1995   05   50.6937
1995   06   275.6015
1995   07   217.7507
1995   08   198.6523
1995   09   37.0058
1995   10   59.3585
1995   11   17.5119
1995   12   6.1352
1996   01   12.7226
1996   02   34.7040
1996   03   34.0716
1996   04   50.4810
1996   05   115.6697
1996   06   124.8952
1996   07   79.6976
1996   08   161.7941
1996   09   24.7365
1996   10   33.4038
1996   11   48.1393
1996   12   18.9839
1997   01   29.8474
1997   02   23.4054
1997   03   10.5200
1997   04   141.1091
1997   05   154.6328
1997   06   359.8879
1997   07   227.9884
1997   08   93.3874
1997   09   77.2860
1997   10   88.7705
1997   11   87.6884
1997   12   16.7170
1998   01   6.8910
1998   02   25.3406
1998   03   19.6262
1998   04   42.9044
1998   05   82.1305
1998   06   132.7720
1998   07   96.4751
1998   08   141.0885
1998   09   61.9697
1998   10   22.0760
1998   11   22.7837
1998   12   15.4218
1999   01   11.9510
1999   02   44.3388
1999   03   35.0128
1999   04   17.6783
1999   05   124.4451
1999   06   253.6432
1999   07   104.0449
1999   08   156.7343
1999   09   154.6068
1999   10   32.1981
1999   11   16.3812
1999   12   10.6428
2000   01   8.6476
2000   02   109.2356
2000   03   29.1321
2000   04   53.1133
2000   05   91.4874
2000   06   479.2827
2000   07   162.4419
2000   08   125.3194
2000   09   109.3617
2000   10   46.5844
2000   11   40.6002
2000   12   19.5919
2001   01   36.3082
2001   02   18.3135
2001   03   43.2751
2001   04   38.7783
2001   05   188.5029
2001   06   173.9953
2001   07   247.4604
2001   08   99.0377
2001   09   33.0622
2001   10   31.5211
2001   11   37.0397
2001   12   6.2292
2002   01   21.3993
2002   02   27.3104
2002   03   76.8670
2002   04   45.1750
2002   05   145.5840
2002   06   129.2345
2002   07   113.3805
2002   08   156.6841
2002   09   103.1380
2002   10   166.3899
2002   11   107.1743
2002   12   28.6312
2003   01   10.7381
2003   02   12.5293
2003   03   27.8175
2003   04   31.8459
2003   05   64.2863
2003   06   316.1675
2003   07   122.6684
2003   08   77.2317
2003   09   87.4705
2003   10   66.3998
2003   11   76.3095
2003   12   16.4649
2004   01   7.4938
2004   02   22.6490
2004   03   44.6182
2004   04   103.7907
2004   05   31.7575
2004   06   223.1700
2004   07   153.2700
2004   08   113.2755
2004   09   59.9750
2004   10   99.0464
2004   11   66.3187
2004   12   27.1322
2005   01   13.8546
2005   02   9.8111
2005   03   46.6801
2005   04   23.5326
2005   05   260.7159
2005   06   227.7950
2005   07   118.4026
2005   08   166.7850
2005   09   64.7207
2005   10   40.5634
2005   11   145.9666
2005   12   27.0249
2006   01   32.9958
2006   02   23.4330
2006   03   33.0477
2006   04   80.6307
2006   05   79.1681
2006   06   293.8134
2006   07   184.8220
2006   08   142.6754
2006   09   84.9034
2006   10   65.6527
2006   11   19.3905
2006   12   34.4001
2007   01   11.1582
2007   02   42.0240
2007   03   29.8810
2007   04   55.8126
2007   05   50.4239
2007   06   123.1828
2007   07   159.9664
2007   08   100.0842
2007   09   51.9266
2007   10   42.3995
2007   11   23.0908
2007   12   17.1844
2008   01   8.5320
2008   02   13.2970
2008   03   22.9467
2008   04   37.2027
2008   05   180.8654
2008   06   80.8200
2008   07   140.8760
2008   08   187.4336
2008   09   33.2546
2008   10   26.8840
2008   11   28.2059
2008   12   10.3188
2009   01   10.3899
2009   02   25.6068
2009   03   16.3727
2009   04   28.8346
2009   05   145.5335
2009   06   183.4967
2009   07   95.5522
2009   08   218.9797
2009   09   49.5351
2009   10   111.7078
2009   11   65.1130
2009   12   20.2408
2010   01   17.9857
2010   02   37.9451
2010   03   27.8874
2010   04   13.6965
2010   05   47.4220
2010   06   141.4349
2010   07   120.9512
2010   08   108.8745
2010   09   18.3316
2010   10   43.0561
2010   11   45.3652
2010   12   20.4190
2011   01   21.1937
2011   02   23.8163
2011   03   45.9202
2011   04   63.1748
2011   05   84.0086
2011   06   97.3483
2011   07   102.7325
2011   08   126.6947
2011   09   91.9491
2011   10   37.4828
2011   11   50.3263
2011   12   7.8488
2012   01   10.0403
2012   02   52.8076
2012   03   28.4690
2012   04   19.3286
2012   05   132.9411
2012   06   207.5101
2012   07   77.5368
2012   08   110.3215
2012   09   35.9747
2012   10   48.7143
2012   11   37.9334
2012   12   42.9186
2013   01   10.5069
2013   02   39.3178
2013   03   20.2741
2013   04   33.2343
2013   05   111.7044
2013   06   86.4725
2013   07   58.5161
2013   08   136.2825
2013   09   65.0826
2013   10   30.2976
2013   11   35.3568
2013   12   7.6160
2014   01   27.1705
2014   02   17.8898
2014   03   37.0487
2014   04   35.8872
2014   05   105.2740
2014   06   191.7435
2014   07   167.0974
2014   08   88.5677
2014   09   80.1449
2014   10   27.5299
2014   11   22.8671
2014   12   15.2518
2015   01   5.4402
2015   02   16.9683
2015   03   11.6361
2015   04   51.2467
2015   05   138.3001
2015   06   144.0191
2015   07   166.1486
2015   08   181.1002
2015   09   91.8473
2015   10   48.7873
2015   11   23.3542
2015   12   15.5629
2016   01   27.6182
2016   02   13.3104
2016   03   19.9895
2016   04   50.6882
2016   05   78.4431
2016   06   29.6396
2016   07   170.0463
2016   08   103.4190
2016   09   29.8952
2016   10   50.9422
2016   11   24.5916
2016   12   24.8644
2017   01   12.8665
2017   02   33.1199
2017   03   36.9870
2017   04   38.3397
2017   05   69.9237
2017   06   182.7753
2017   07   86.0979
2017   08   184.9641
2017   09   65.9892
2017   10   61.0391
2017   11   22.0820
2017   12   13.3749
2018   01   17.3497
2018   02   22.2887
2018   03   54.2992
2018   04   70.6145
2018   05   93.7820
2018   06   91.5859
2018   07   73.2046
2018   08   84.4683
2018   09   82.5934
2018   10   62.4063
2018   11   35.3080
2018   12   12.6623
2019   01   7.7970
2019   02   12.6199
2019   03   21.4123
2019   04   22.1767
2019   05   90.2453
2019   06   194.7618
2019   07   143.0263
2019   08   73.9725
2019   09   36.3372
2019   10   58.6162
2019   11   18.9153
2019   12   7.1317
2020   01   8.7406
2020   02   17.2178
2020   03   25.2279
2020   04   45.6052
2020   05   59.6249
2020   06   218.2770
2020   07   134.6838
2020   08   85.1008
2020   09   35.0326
2020   10   35.3891
2020   11   8.8459
2020   12   14.0419
2021   01   22.8972
2021   02   7.0150
2021   03   15.6900
2021   04   58.4287
2021   05   111.5150
2021   06   120.3480
2021   07   89.5076
2021   08   98.4607
2021   09   41.7762
2021   10   23.6103
2021   11   10.6643
2021   12   5.5365
2022   01   33.3036
2022   02   26.0160
2022   03   46.7567
2022   04   99.0735
2022   05   70.6086
2022   06   203.6976
2022   07   133.8631
2022   08   80.9990
2022   09   31.2623
2022   10   44.5981
2022   11   17.6909
2022   12   9.0651
2023   01   7.7104
2023   02   8.5306
2023   03   31.2099
2023   04   45.3534
2023   05   58.8793
2023   06   142.6216
2023   07   150.6153
2023   08   165.8962
2023   09   45.2158
2023   10   25.8721
2023   11   35.2154
2023   12   8.7323
2024   01   3.8170
2024   02   10.5842
2024   03   51.3861
2024   04   78.9698
2024   05   83.3611
2024   06   243.7374
2024   07   42.6619
2024   08   79.5814
2024   09   122.2829
2024   10   20.2584
2024   11   39.5088
2024   11   39.5088
2024   12   5.9275
2025   01   7.6785
2025   02   11.4821
2025   03   49.5123
2025   04   86.0082
2025   05   63.1191
2025   06   126.0595
