1991   01   19.7536
1991   02   8.8567
1991   03   26.5125
1991   04   134.1428
1991   05   571.9514
1991   06   133.8849
1991   07   354.5715
1991   08   172.1852
1991   09   262.0374
1991   10   177.4325
1991   11   81.3860
1991   12   168.8676
1992   01   15.6251
1992   02   27.2326
1992   03   42.8450
1992   04   153.8427
1992   05   1163.5057
1992   06   424.2992
1992   07   152.7153
1992   08   249.2217
1992   09   216.2218
1992   10   124.3469
1992   11   119.2803
1992   12   90.2483
1993   01   15.1011
1993   02   28.2281
1993   03   34.5611
1993   04   169.7251
1993   05   943.8466
1993   06   454.5932
1993   07   358.6331
1993   08   240.2510
1993   09   94.7214
1993   10   165.1015
1993   11   92.3375
1993   12   44.2163
1994   01   11.1196
1994   02   21.6055
1994   03   32.0949
1994   04   226.3067
1994   05   316.3383
1994   06   364.0237
1994   07   346.1513
1994   08   98.6803
1994   09   385.9568
1994   10   188.1279
1994   11   78.7026
1994   12   94.0504
1995   01   12.8584
1995   02   20.0884
1995   03   24.9341
1995   04   217.8856
1995   05   190.2645
1995   06   439.1078
1995   07   397.4156
1995   08   283.2673
1995   09   71.8756
1995   10   136.9280
1995   11   44.5512
1995   12   28.3539
1996   01   10.5092
1996   02   35.6728
1996   03   27.3502
1996   04   114.2152
1996   05   294.9314
1996   06   211.7053
1996   07   70.4981
1996   08   315.1727
1996   09   60.4468
1996   10   87.1323
1996   11   92.2262
1996   12   46.3288
1997   01   17.1380
1997   02   38.4463
1997   03   17.3513
1997   04   241.0403
1997   05   300.1398
1997   06   516.0593
1997   07   304.7531
1997   08   208.2269
1997   09   236.7362
1997   10   276.1447
1997   11   140.8774
1997   12   55.4399
1998   01   12.3749
1998   02   30.7847
1998   03   26.2196
1998   04   139.2420
1998   05   344.9031
1998   06   101.9886
1998   07   119.5354
1998   08   152.5276
1998   09   119.9667
1998   10   42.0246
1998   11   79.0650
1998   12   28.2027
1999   01   19.6187
1999   02   18.3025
1999   03   41.7231
1999   04   72.4305
1999   05   401.5455
1999   06   291.8069
1999   07   215.9433
1999   08   304.4920
1999   09   513.2297
1999   10   101.4408
1999   11   55.5270
1999   12   35.3544
2000   01   10.5205
2000   02   132.1664
2000   03   35.2130
2000   04   121.9210
2000   05   332.1582
2000   06   741.5020
2000   07   201.6469
2000   08   261.9447
2000   09   470.4592
2000   10   139.0074
2000   11   92.5870
2000   12   40.6569
2001   01   53.4249
2001   02   17.0346
2001   03   52.2032
2001   04   91.1920
2001   05   1063.6893
2001   06   215.6782
2001   07   675.8409
2001   08   337.3879
2001   09   108.5561
2001   10   82.8119
2001   11   109.9374
2001   12   24.3684
2002   01   13.1453
2002   02   42.8229
2002   03   129.1658
2002   04   113.7202
2002   05   606.2452
2002   06   417.8983
2002   07   267.7659
2002   08   507.6689
2002   09   244.4702
2002   10   301.8880
2002   11   116.1210
2002   12   48.9214
2003   01   19.3391
2003   02   8.5870
2003   03   29.3669
2003   04   46.7683
2003   05   278.7314
2003   06   432.2151
2003   07   229.5296
2003   08   138.6860
2003   09   219.4544
2003   10   108.5267
2003   11   162.5226
2003   12   44.5043
2004   01   10.4869
2004   02   12.8614
2004   03   87.4264
2004   04   217.1916
2004   05   169.3699
2004   06   392.2374
2004   07   288.9261
2004   08   332.6922
2004   09   211.2737
2004   10   173.5382
2004   11   175.6411
2004   12   74.1976
2005   01   10.6402
2005   02   7.7356
2005   03   66.8636
2005   04   66.7407
2005   05   825.4288
2005   06   593.1310
2005   07   249.1635
2005   08   595.9373
2005   09   102.9813
2005   10   93.7198
2005   11   154.7626
2005   12   81.8418
2006   01   31.2575
2006   02   13.1675
2006   03   26.5851
2006   04   104.1970
2006   05   280.3950
2006   06   452.9132
2006   07   693.1469
2006   08   305.2695
2006   09   185.7180
2006   10   218.2478
2006   11   51.6050
2006   12   122.2305
2007   01   22.7053
2007   02   64.7817
2007   03   51.4006
2007   04   124.7677
2007   05   223.4138
2007   06   235.9629
2007   07   318.2586
2007   08   221.5946
2007   09   144.8435
2007   10   95.9859
2007   11   62.4333
2007   12   89.5222
2008   01   12.6271
2008   02   24.6788
2008   03   30.4234
2008   04   76.9098
2008   05   664.8279
2008   06   138.2644
2008   07   281.6355
2008   08   304.0801
2008   09   139.5023
2008   10   87.3492
2008   11   74.7618
2008   12   35.7496
2009   01   17.0663
2009   02   18.1812
2009   03   19.0703
2009   04   52.5181
2009   05   499.7868
2009   06   280.5657
2009   07   178.5131
2009   08   397.5215
2009   09   148.3189
2009   10   168.7803
2009   11   142.9365
2009   12   31.8372
2010   01   18.6829
2010   02   33.9963
2010   03   23.1388
2010   04   36.8231
2010   05   244.2387
2010   06   313.1312
2010   07   302.6343
2010   08   157.2674
2010   09   71.7131
2010   10   113.8964
2010   11   78.7957
2010   12   55.7582
2011   01   24.0283
2011   02   13.1292
2011   03   71.9678
2011   04   181.1722
2011   05   282.4954
2011   06   243.1863
2011   07   209.8324
2011   08   265.3067
2011   09   176.7233
2011   10   92.3134
2011   11   79.5846
2011   12   34.3034
2012   01   20.4406
2012   02   40.9562
2012   03   22.9028
2012   04   42.9225
2012   05   603.5605
2012   06   282.3599
2012   07   88.8425
2012   08   219.4637
2012   09   95.7976
2012   10   127.2632
2012   11   125.2998
2012   12   147.6384
2013   01   17.6913
2013   02   11.6706
2013   03   33.9417
2013   04   47.5479
2013   05   321.2770
2013   06   101.5600
2013   07   201.4019
2013   08   178.3241
2013   09   195.4932
2013   10   82.8877
2013   11   95.6217
2013   12   27.2103
2014   01   23.5781
2014   02   27.7339
2014   03   91.4559
2014   04   72.2547
2014   05   413.6394
2014   06   247.6406
2014   07   214.8448
2014   08   149.6891
2014   09   269.8826
2014   10   82.6055
2014   11   85.5958
2014   12   56.6857
2015   01   12.8849
2015   02   18.0817
2015   03   33.6829
2015   04   61.7224
2015   05   270.7295
2015   06   195.3865
2015   07   341.1227
2015   08   431.6409
2015   09   289.0296
2015   10   169.2064
2015   11   116.2649
2015   12   57.0867
2016   01   20.5694
2016   02   9.1926
2016   03   31.4930
2016   04   141.2723
2016   05   251.7660
2016   06   47.4398
2016   07   229.0403
2016   08   135.5533
2016   09   96.8099
2016   10   170.9274
2016   11   118.3617
2016   12   84.4001
2017   01   13.6504
2017   02   20.7494
2017   03   34.6960
2017   04   102.6396
2017   05   238.6910
2017   06   289.2018
2017   07   128.7456
2017   08   329.3307
2017   09   173.6401
2017   10   191.9243
2017   11   149.2908
2017   12   43.9362
2018   01   21.5735
2018   02   13.1209
2018   03   59.1543
2018   04   110.9023
2018   05   311.9019
2018   06   217.7348
2018   07   136.0633
2018   08   126.1821
2018   09   381.4152
2018   10   168.3018
2018   11   172.1967
2018   12   47.8466
2019   01   24.3405
2019   02   8.1363
2019   03   25.2144
2019   04   38.5764
2019   05   399.4140
2019   06   374.4916
2019   07   152.1674
2019   08   119.3980
2019   09   131.0280
2019   10   127.6429
2019   11   59.1873
2019   12   18.2099
2020   01   13.8014
2020   02   6.4187
2020   03   25.0366
2020   04   99.5374
2020   05   207.1256
2020   06   391.8891
2020   07   246.9857
2020   08   144.7877
2020   09   84.9419
2020   10   71.2690
2020   11   42.7191
2020   12   34.3100
2021   01   62.5772
2021   02   10.0688
2021   03   15.2754
2021   04   75.4077
2021   05   359.6616
2021   06   98.0747
2021   07   139.3891
2021   08   200.5852
2021   09   179.9161
2021   10   76.4189
2021   11   40.0610
2021   12   20.5472
2022   01   10.7892
2022   02   6.2869
2022   03   21.2891
2022   04   315.0016
2022   05   235.5592
2022   06   211.1526
2022   07   237.7054
2022   08   211.3177
2022   09   71.3744
2022   10   81.9550
2022   11   90.0182
2022   12   21.9701
2023   01   16.0987
2023   02   4.3107
2023   03   15.5753
2023   04   151.1451
2023   05   196.4478
2023   06   264.7289
2023   07   193.8180
2023   08   594.0791
2023   09   275.7905
2023   10   83.0896
2023   11   127.9958
2023   12   22.1018
2024   01   8.1272
2024   02   7.3477
2024   03   45.7692
2024   04   132.0340
2024   05   333.6094
2024   06   377.3407
2024   07   69.9193
2024   08   227.0631
2024   09   239.1505
2024   10   101.0353
2024   11   55.4395
2024   11   55.4395
2024   12   19.4569
2025   01   8.4180
2025   02   4.6107
2025   03   75.8562
2025   04   98.6369
2025   05   407.1776
2025   06   158.5959
