1991   01   0.0149
1991   02   0.0000
1991   03   0.3527
1991   04   7.8258
1991   05   81.1422
1991   06   115.5896
1991   07   162.6361
1991   08   26.8130
1991   09   34.5764
1991   10   7.3102
1991   11   5.8160
1991   12   0.5026
1992   01   0.0149
1992   02   0.0000
1992   03   2.2204
1992   04   16.7479
1992   05   120.9379
1992   06   101.1396
1992   07   14.8490
1992   08   42.0858
1992   09   13.0059
1992   10   3.5110
1992   11   10.3027
1992   12   0.4353
1993   01   0.0160
1993   02   0.0000
1993   03   0.3971
1993   04   23.7004
1993   05   94.9356
1993   06   68.4151
1993   07   49.5127
1993   08   17.2654
1993   09   8.5849
1993   10   8.1873
1993   11   6.3264
1993   12   0.4503
1994   01   0.0164
1994   02   0.0000
1994   03   0.4190
1994   04   16.4717
1994   05   41.5391
1994   06   62.2860
1994   07   56.6759
1994   08   11.8019
1994   09   18.0815
1994   10   5.3142
1994   11   6.8815
1994   12   1.8476
1995   01   0.0164
1995   02   0.0000
1995   03   0.8889
1995   04   17.3604
1995   05   11.5184
1995   06   74.7410
1995   07   88.8805
1995   08   43.4750
1995   09   17.2295
1995   10   6.2310
1995   11   5.8973
1995   12   0.4431
1996   01   0.0166
1996   02   0.0000
1996   03   0.4401
1996   04   16.5267
1996   05   33.2753
1996   06   59.8989
1996   07   66.8087
1996   08   11.2228
1996   09   9.4581
1996   10   5.8664
1996   11   6.0671
1996   12   0.4831
1997   01   0.0166
1997   02   0.0000
1997   03   0.4616
1997   04   7.6253
1997   05   99.8684
1997   06   278.1981
1997   07   71.3956
1997   08   59.0983
1997   09   18.8011
1997   10   14.6986
1997   11   13.2293
1997   12   0.4794
1998   01   0.0164
1998   02   0.0000
1998   03   0.9194
1998   04   19.1792
1998   05   50.9988
1998   06   59.4016
1998   07   17.0765
1998   08   14.0910
1998   09   22.0781
1998   10   2.8110
1998   11   8.6984
1998   12   0.4553
1999   01   0.0165
1999   02   0.0000
1999   03   0.4895
1999   04   16.8901
1999   05   16.1049
1999   06   47.2613
1999   07   40.7463
1999   08   91.6376
1999   09   39.7976
1999   10   12.7358
1999   11   6.9601
1999   12   0.4270
2000   01   0.0159
2000   02   0.0000
2000   03   0.2580
2000   04   26.0496
2000   05   43.8967
2000   06   271.2151
2000   07   27.8102
2000   08   9.1950
2000   09   54.4010
2000   10   8.0344
2000   11   10.1637
2000   12   0.5503
2001   01   0.0148
2001   02   0.0000
2001   03   0.3803
2001   04   14.6088
2001   05   72.2953
2001   06   40.2194
2001   07   223.6583
2001   08   56.0940
2001   09   17.8157
2001   10   6.5896
2001   11   5.1091
2001   12   0.7445
2002   01   0.0144
2002   02   0.0000
2002   03   0.3516
2002   04   15.0191
2002   05   149.4613
2002   06   145.1190
2002   07   73.1633
2002   08   88.2741
2002   09   26.0016
2002   10   10.6644
2002   11   4.3676
2002   12   1.8485
2003   01   0.0131
2003   02   0.0000
2003   03   0.2635
2003   04   10.6105
2003   05   72.1146
2003   06   85.6534
2003   07   62.4661
2003   08   20.9534
2003   09   18.1283
2003   10   5.6848
2003   11   18.8137
2003   12   1.0523
2004   01   0.0144
2004   02   0.0000
2004   03   0.7238
2004   04   22.6842
2004   05   28.7169
2004   06   82.8575
2004   07   114.3733
2004   08   36.3815
2004   09   17.6920
2004   10   5.1987
2004   11   35.1978
2004   12   1.2920
2005   01   0.0140
2005   02   0.0000
2005   03   1.7640
2005   04   6.7479
2005   05   90.1173
2005   06   167.5670
2005   07   58.4572
2005   08   115.0559
2005   09   15.2205
2005   10   5.1129
2005   11   13.1206
2005   12   0.3322
2006   01   0.0148
2006   02   0.0000
2006   03   0.2582
2006   04   7.3507
2006   05   36.6715
2006   06   97.5478
2006   07   164.1379
2006   08   66.5656
2006   09   13.4449
2006   10   29.4367
2006   11   4.5539
2006   12   0.3356
2007   01   0.0148
2007   02   0.0000
2007   03   2.1265
2007   04   7.9871
2007   05   31.7773
2007   06   87.9485
2007   07   51.9012
2007   08   36.8760
2007   09   6.5671
2007   10   6.2364
2007   11   3.3521
2007   12   0.3560
2008   01   0.0144
2008   02   0.0000
2008   03   0.2455
2008   04   8.7060
2008   05   112.7349
2008   06   62.2725
2008   07   70.1725
2008   08   81.0270
2008   09   11.3347
2008   10   3.9423
2008   11   3.2258
2008   12   0.3357
2009   01   0.0144
2009   02   0.0000
2009   03   0.2632
2009   04   4.4421
2009   05   28.4759
2009   06   98.5553
2009   07   52.9845
2009   08   58.3280
2009   09   22.5617
2009   10   10.1402
2009   11   7.4424
2009   12   0.3357
2010   01   0.0143
2010   02   0.0000
2010   03   0.2572
2010   04   4.9401
2010   05   61.7591
2010   06   52.6324
2010   07   39.2470
2010   08   15.8279
2010   09   9.6175
2010   10   8.0245
2010   11   10.3727
2010   12   0.3380
2011   01   0.0145
2011   02   0.0000
2011   03   0.2629
2011   04   8.9038
2011   05   9.2667
2011   06   55.4199
2011   07   37.0678
2011   08   54.7846
2011   09   5.3589
2011   10   4.6922
2011   11   6.4744
2011   12   0.3356
2012   01   0.0144
2012   02   0.0000
2012   03   0.2561
2012   04   11.2879
2012   05   80.5423
2012   06   81.8368
2012   07   15.6492
2012   08   45.5907
2012   09   10.8421
2012   10   20.4154
2012   11   7.3324
2012   12   0.3858
2013   01   0.0160
2013   02   0.0000
2013   03   1.7557
2013   04   6.1482
2013   05   98.0215
2013   06   29.9313
2013   07   35.1675
2013   08   28.2043
2013   09   13.2961
2013   10   6.5112
2013   11   7.2514
2013   12   0.3199
2014   01   0.0157
2014   02   0.0000
2014   03   0.5109
2014   04   6.8611
2014   05   34.3428
2014   06   64.7592
2014   07   48.7135
2014   08   39.5064
2014   09   28.2300
2014   10   6.7739
2014   11   11.0057
2014   12   0.3298
2015   01   0.0155
2015   02   0.0000
2015   03   2.1587
2015   04   6.5297
2015   05   20.6979
2015   06   11.1503
2015   07   63.7315
2015   08   87.1829
2015   09   22.2732
2015   10   21.3088
2015   11   9.6806
2015   12   0.8986
2016   01   0.0139
2016   02   0.0000
2016   03   0.6840
2016   04   73.1687
2016   05   54.7503
2016   06   41.5778
2016   07   87.6575
2016   08   10.4862
2016   09   5.5949
2016   10   11.5927
2016   11   6.2074
2016   12   1.2198
2017   01   0.0155
2017   02   0.0000
2017   03   0.4569
2017   04   12.9657
2017   05   72.3297
2017   06   77.6493
2017   07   36.3771
2017   08   43.7416
2017   09   12.7461
2017   10   14.7320
2017   11   9.7275
2017   12   0.3168
2018   01   0.0154
2018   02   0.0000
2018   03   0.5335
2018   04   7.0777
2018   05   42.7509
2018   06   41.6809
2018   07   41.2982
2018   08   16.6097
2018   09   21.0912
2018   10   7.9790
2018   11   5.7998
2018   12   1.4903
2019   01   0.0155
2019   02   0.0000
2019   03   1.1794
2019   04   15.5282
2019   05   30.7047
2019   06   44.7209
2019   07   27.9672
2019   08   12.7784
2019   09   10.9800
2019   10   7.0915
2019   11   4.1199
2019   12   0.2569
2020   01   0.0153
2020   02   0.0000
2020   03   0.4456
2020   04   7.3335
2020   05   15.6245
2020   06   115.7806
2020   07   58.4157
2020   08   11.3053
2020   09   5.2584
2020   10   1.8893
2020   11   7.6380
2020   12   0.3171
2021   01   0.0414
2021   02   0.0000
2021   03   0.4232
2021   04   3.9614
2021   05   23.9071
2021   06   25.2685
2021   07   8.1171
2021   08   22.0712
2021   09   15.1779
2021   10   4.6635
2021   11   4.2496
2021   12   0.2859
2022   01   0.0188
2022   02   0.0000
2022   03   0.4133
2022   04   23.4838
2022   05   11.9079
2022   06   35.2575
2022   07   58.8419
2022   08   15.4697
2022   09   8.9000
2022   10   1.8656
2022   11   6.0821
2022   12   0.2944
2023   01   0.0160
2023   02   0.0000
2023   03   0.4131
2023   04   7.6867
2023   05   21.4361
2023   06   45.5339
2023   07   37.2573
2023   08   63.1227
2023   09   57.0571
2023   10   4.0984
2023   11   18.7311
2023   12   0.2719
2024   01   0.0153
2024   02   0.0000
2024   03   0.4045
2024   04   4.6843
2024   05   113.1530
2024   06   145.4666
2024   07   24.5528
2024   08   70.0758
2024   09   11.7316
2024   10   8.1110
2024   11   4.0171
2024   11   4.0171
2024   12   0.2729
2025   01   0.0145
2025   02   0.0000
2025   03   1.1747
2025   04   4.0878
2025   05   82.3605
2025   06   65.1936
