1991   01   4.1991
1991   02   7.6135
1991   03   6.8504
1991   04   39.5227
1991   05   204.5635
1991   06   192.0842
1991   07   213.3619
1991   08   88.4098
1991   09   93.5510
1991   10   44.7649
1991   11   22.7646
1991   12   17.0272
1992   01   4.1902
1992   02   9.4418
1992   03   7.2911
1992   04   40.6811
1992   05   449.1575
1992   06   536.5970
1992   07   57.5993
1992   08   96.6085
1992   09   40.9915
1992   10   16.2601
1992   11   29.6171
1992   12   6.9920
1993   01   3.6966
1993   02   5.7866
1993   03   5.9026
1993   04   56.1980
1993   05   182.2979
1993   06   197.4489
1993   07   148.3598
1993   08   30.0361
1993   09   22.8733
1993   10   28.6124
1993   11   19.5307
1993   12   7.5999
1994   01   4.0218
1994   02   5.2756
1994   03   5.3120
1994   04   64.5741
1994   05   96.1340
1994   06   187.2298
1994   07   152.9324
1994   08   29.1471
1994   09   61.0316
1994   10   28.8266
1994   11   13.4370
1994   12   12.1941
1995   01   4.9778
1995   02   6.0617
1995   03   5.5344
1995   04   78.8984
1995   05   38.9598
1995   06   229.7761
1995   07   134.4546
1995   08   59.7835
1995   09   27.4902
1995   10   35.6467
1995   11   9.2210
1995   12   5.8272
1996   01   3.1427
1996   02   5.0726
1996   03   10.2773
1996   04   56.3422
1996   05   62.6480
1996   06   131.7359
1996   07   83.8107
1996   08   65.1329
1996   09   15.2395
1996   10   14.1304
1996   11   18.1781
1996   12   9.7699
1997   01   3.9399
1997   02   7.3003
1997   03   6.1090
1997   04   45.6273
1997   05   160.4449
1997   06   380.4328
1997   07   166.4006
1997   08   119.0836
1997   09   57.0708
1997   10   75.6299
1997   11   50.5389
1997   12   10.1914
1998   01   4.4834
1998   02   6.5334
1998   03   6.5731
1998   04   43.1580
1998   05   61.3254
1998   06   64.5506
1998   07   40.1186
1998   08   45.9386
1998   09   34.6078
1998   10   12.2957
1998   11   12.1883
1998   12   8.6642
1999   01   3.2193
1999   02   8.0617
1999   03   12.7966
1999   04   32.0855
1999   05   41.6596
1999   06   146.6065
1999   07   116.9743
1999   08   187.0199
1999   09   73.8502
1999   10   45.4698
1999   11   20.5276
1999   12   9.3156
2000   01   3.2913
2000   02   6.2801
2000   03   7.3345
2000   04   41.5577
2000   05   65.2990
2000   06   504.9584
2000   07   66.9762
2000   08   41.6091
2000   09   149.3197
2000   10   31.8712
2000   11   25.1419
2000   12   5.8099
2001   01   3.5022
2001   02   4.0116
2001   03   8.2613
2001   04   48.1479
2001   05   281.7308
2001   06   85.5597
2001   07   382.6794
2001   08   182.9985
2001   09   50.3990
2001   10   25.7934
2001   11   12.7893
2001   12   5.8090
2002   01   3.7900
2002   02   6.6600
2002   03   18.5445
2002   04   24.0334
2002   05   341.8387
2002   06   331.0829
2002   07   145.3882
2002   08   290.1157
2002   09   49.6016
2002   10   46.4838
2002   11   10.0735
2002   12   10.8160
2003   01   5.8521
2003   02   3.6877
2003   03   6.8402
2003   04   19.5689
2003   05   155.2892
2003   06   207.7821
2003   07   121.4791
2003   08   48.9638
2003   09   50.8442
2003   10   30.0088
2003   11   43.0772
2003   12   8.7264
2004   01   4.4564
2004   02   4.0681
2004   03   16.6799
2004   04   61.3209
2004   05   52.7295
2004   06   178.6254
2004   07   188.6418
2004   08   208.1629
2004   09   53.1382
2004   10   40.2377
2004   11   98.3336
2004   12   8.8846
2005   01   2.9208
2005   02   3.8871
2005   03   18.9520
2005   04   22.0158
2005   05   273.2495
2005   06   409.9623
2005   07   103.4898
2005   08   315.5640
2005   09   36.7607
2005   10   21.0736
2005   11   30.6477
2005   12   7.6554
2006   01   6.2788
2006   02   4.2480
2006   03   7.1571
2006   04   26.4891
2006   05   117.5453
2006   06   233.0247
2006   07   369.1999
2006   08   145.2368
2006   09   43.2489
2006   10   102.8797
2006   11   10.1515
2006   12   10.6275
2007   01   5.2847
2007   02   10.3080
2007   03   12.9476
2007   04   26.0227
2007   05   91.2017
2007   06   167.5700
2007   07   108.5349
2007   08   87.9864
2007   09   21.8412
2007   10   25.0093
2007   11   9.0224
2007   12   5.7196
2008   01   2.9700
2008   02   3.7761
2008   03   7.7626
2008   04   27.8435
2008   05   207.4110
2008   06   135.8578
2008   07   104.1644
2008   08   182.3961
2008   09   27.3655
2008   10   9.3142
2008   11   7.7894
2008   12   6.9497
2009   01   3.4605
2009   02   5.3036
2009   03   5.8947
2009   04   12.5494
2009   05   64.8649
2009   06   202.7636
2009   07   78.2684
2009   08   165.7524
2009   09   61.2969
2009   10   39.9940
2009   11   23.1530
2009   12   6.3758
2010   01   4.8576
2010   02   3.8783
2010   03   6.4458
2010   04   12.8181
2010   05   116.5930
2010   06   280.2354
2010   07   111.0882
2010   08   55.2241
2010   09   22.2064
2010   10   21.9473
2010   11   13.5144
2010   12   10.8110
2011   01   5.1191
2011   02   4.1851
2011   03   11.1496
2011   04   40.5462
2011   05   35.2147
2011   06   136.9489
2011   07   102.5283
2011   08   127.2823
2011   09   17.7308
2011   10   17.6553
2011   11   16.8903
2011   12   6.0890
2012   01   3.4458
2012   02   6.7901
2012   03   5.8915
2012   04   18.0889
2012   05   254.6141
2012   06   210.3161
2012   07   37.0040
2012   08   122.9895
2012   09   25.9610
2012   10   84.7673
2012   11   22.5146
2012   12   9.5936
2013   01   3.6212
2013   02   4.4988
2013   03   6.6704
2013   04   12.9683
2013   05   160.0582
2013   06   88.6674
2013   07   119.9230
2013   08   59.0876
2013   09   44.2804
2013   10   23.5698
2013   11   19.3638
2013   12   6.6203
2014   01   3.2736
2014   02   5.3466
2014   03   10.0855
2014   04   21.8480
2014   05   93.5054
2014   06   198.0663
2014   07   76.8609
2014   08   95.1703
2014   09   66.7944
2014   10   17.8507
2014   11   31.8804
2014   12   15.1770
2015   01   3.7195
2015   02   4.1649
2015   03   12.8847
2015   04   22.3273
2015   05   38.1694
2015   06   54.3164
2015   07   195.6901
2015   08   233.6671
2015   09   69.0882
2015   10   73.6283
2015   11   26.3335
2015   12   9.3169
2016   01   8.2885
2016   02   4.7014
2016   03   7.3871
2016   04   158.3219
2016   05   134.3384
2016   06   78.6125
2016   07   158.0195
2016   08   29.4310
2016   09   13.9959
2016   10   56.9050
2016   11   25.5069
2016   12   11.7639
2017   01   3.8957
2017   02   16.1734
2017   03   7.9268
2017   04   39.4666
2017   05   163.5835
2017   06   208.0419
2017   07   81.6029
2017   08   97.5041
2017   09   31.2828
2017   10   59.3002
2017   11   25.1231
2017   12   6.7246
2018   01   5.1382
2018   02   6.6346
2018   03   13.6798
2018   04   16.9094
2018   05   91.3126
2018   06   140.4251
2018   07   118.5965
2018   08   46.5043
2018   09   64.9996
2018   10   49.9827
2018   11   16.0726
2018   12   8.9774
2019   01   5.7983
2019   02   4.1805
2019   03   8.0748
2019   04   19.6296
2019   05   95.9714
2019   06   151.2775
2019   07   56.8516
2019   08   32.1314
2019   09   25.2439
2019   10   29.9546
2019   11   8.3802
2019   12   5.1754
2020   01   3.0794
2020   02   3.2065
2020   03   4.0217
2020   04   18.0734
2020   05   32.6701
2020   06   301.3211
2020   07   134.8601
2020   08   34.5602
2020   09   12.7526
2020   10   7.9597
2020   11   11.0701
2020   12   7.9650
2021   01   22.8125
2021   02   4.2580
2021   03   4.1182
2021   04   11.6375
2021   05   38.4738
2021   06   73.7501
2021   07   29.7868
2021   08   81.3052
2021   09   38.6946
2021   10   14.5084
2021   11   8.4388
2021   12   5.3443
2022   01   2.8291
2022   02   4.0110
2022   03   3.8184
2022   04   70.0680
2022   05   42.6604
2022   06   98.3622
2022   07   118.8574
2022   08   43.4295
2022   09   21.0453
2022   10   10.9186
2022   11   13.2012
2022   12   4.8271
2023   01   3.0153
2023   02   2.9796
2023   03   4.0237
2023   04   45.3008
2023   05   53.8479
2023   06   153.4892
2023   07   77.1523
2023   08   270.0256
2023   09   55.9501
2023   10   39.9633
2023   11   54.8812
2023   12   4.4327
2024   01   2.7380
2024   02   6.8735
2024   03   4.7197
2024   04   39.8702
2024   05   120.5014
2024   06   268.4497
2024   07   46.9814
2024   08   123.3182
2024   09   42.5023
2024   10   27.9466
2024   11   11.0537
2024   11   11.0537
2024   12   4.0509
2025   01   3.7307
2025   02   3.1184
2025   03   5.6203
2025   04   17.2680
2025   05   98.8948
2025   06   123.5045
