1991   01   0.0950
1991   02   0.9170
1991   03   1.6417
1991   04   4.2654
1991   05   41.1448
1991   06   57.4664
1991   07   60.6477
1991   08   30.4035
1991   09   8.6981
1991   10   4.1161
1991   11   2.5208
1991   12   2.0355
1992   01   0.0952
1992   02   0.9316
1992   03   2.8301
1992   04   6.9798
1992   05   23.7902
1992   06   54.2622
1992   07   29.0972
1992   08   48.6919
1992   09   7.5799
1992   10   3.4853
1992   11   3.1958
1992   12   1.8930
1993   01   0.0954
1993   02   2.1528
1993   03   1.5402
1993   04   9.2681
1993   05   38.3238
1993   06   40.0299
1993   07   33.9689
1993   08   32.3266
1993   09   6.2404
1993   10   3.1803
1993   11   2.3883
1993   12   2.0669
1994   01   0.0947
1994   02   0.9355
1994   03   1.6442
1994   04   4.7475
1994   05   26.9484
1994   06   50.8112
1994   07   60.2125
1994   08   24.1295
1994   09   9.2513
1994   10   4.5484
1994   11   2.7114
1994   12   1.9884
1995   01   0.0950
1995   02   0.9318
1995   03   1.5984
1995   04   5.5418
1995   05   17.0052
1995   06   30.4434
1995   07   34.7105
1995   08   25.3146
1995   09   9.8476
1995   10   4.0918
1995   11   2.5624
1995   12   2.5594
1996   01   0.0945
1996   02   0.9355
1996   03   1.6014
1996   04   5.0974
1996   05   15.7621
1996   06   33.0565
1996   07   37.5150
1996   08   29.5704
1996   09   6.5141
1996   10   4.1972
1996   11   2.5184
1996   12   1.9966
1997   01   0.0964
1997   02   0.9277
1997   03   1.6619
1997   04   4.2340
1997   05   30.5419
1997   06   130.2716
1997   07   38.0355
1997   08   75.1927
1997   09   9.1966
1997   10   4.7393
1997   11   3.3705
1997   12   2.1450
1998   01   0.0936
1998   02   0.9465
1998   03   1.5526
1998   04   6.2478
1998   05   44.2640
1998   06   45.6523
1998   07   26.8124
1998   08   23.9781
1998   09   8.1635
1998   10   4.1667
1998   11   2.6616
1998   12   1.9911
1999   01   0.0960
1999   02   0.9418
1999   03   1.6099
1999   04   6.0229
1999   05   13.7619
1999   06   23.5148
1999   07   34.3226
1999   08   65.1278
1999   09   15.0759
1999   10   5.4648
1999   11   3.0610
1999   12   1.9920
2000   01   0.0956
2000   02   0.8484
2000   03   1.1840
2000   04   6.0805
2000   05   9.2337
2000   06   76.7187
2000   07   35.7813
2000   08   22.5402
2000   09   16.8582
2000   10   5.1160
2000   11   3.3858
2000   12   1.7688
2001   01   0.0935
2001   02   0.8120
2001   03   1.1832
2001   04   5.3430
2001   05   22.7915
2001   06   32.0740
2001   07   82.5984
2001   08   55.1132
2001   09   14.1819
2001   10   4.0081
2001   11   3.1452
2001   12   1.7697
2002   01   0.0938
2002   02   0.8238
2002   03   1.1704
2002   04   6.3206
2002   05   98.3762
2002   06   80.6708
2002   07   45.8077
2002   08   53.6632
2002   09   9.7383
2002   10   4.4965
2002   11   2.4627
2002   12   1.7754
2003   01   0.0921
2003   02   0.8252
2003   03   1.3101
2003   04   4.9522
2003   05   43.7353
2003   06   34.2361
2003   07   43.5718
2003   08   22.0283
2003   09   8.1593
2003   10   3.7589
2003   11   2.2788
2003   12   1.7684
2004   01   0.0933
2004   02   0.8271
2004   03   1.2551
2004   04   4.9843
2004   05   14.3002
2004   06   31.2272
2004   07   71.6913
2004   08   40.7509
2004   09   6.9314
2004   10   5.4643
2004   11   4.9704
2004   12   1.8033
2005   01   0.0952
2005   02   0.9855
2005   03   1.3515
2005   04   4.7589
2005   05   34.1373
2005   06   44.8719
2005   07   30.6903
2005   08   62.0074
2005   09   9.3571
2005   10   4.3621
2005   11   3.0347
2005   12   1.7703
2006   01   0.0926
2006   02   1.1074
2006   03   1.1681
2006   04   5.1666
2006   05   32.0196
2006   06   45.5951
2006   07   68.3263
2006   08   55.0520
2006   09   7.1591
2006   10   5.9797
2006   11   2.0691
2006   12   1.7681
2007   01   0.0932
2007   02   0.8103
2007   03   1.2115
2007   04   8.4008
2007   05   21.6463
2007   06   44.3643
2007   07   37.3469
2007   08   33.8586
2007   09   6.8645
2007   10   4.4441
2007   11   2.2118
2007   12   1.8454
2008   01   0.0944
2008   02   0.8593
2008   03   1.2123
2008   04   4.6363
2008   05   43.5246
2008   06   52.1724
2008   07   42.2945
2008   08   59.9884
2008   09   9.2645
2008   10   3.9549
2008   11   2.3541
2008   12   1.7733
2009   01   0.0930
2009   02   0.8161
2009   03   1.1862
2009   04   4.0186
2009   05   15.1123
2009   06   43.2576
2009   07   33.6711
2009   08   48.7791
2009   09   7.7677
2009   10   5.5154
2009   11   2.4888
2009   12   1.7693
2010   01   0.0936
2010   02   0.8077
2010   03   1.1687
2010   04   3.9687
2010   05   37.0032
2010   06   37.0802
2010   07   35.6920
2010   08   27.0584
2010   09   7.0392
2010   10   4.3527
2010   11   2.1907
2010   12   1.7733
2011   01   0.0934
2011   02   0.8448
2011   03   1.2017
2011   04   4.4606
2011   05   9.4860
2011   06   34.8905
2011   07   55.7155
2011   08   33.9827
2011   09   6.0085
2011   10   3.9110
2011   11   2.3483
2011   12   1.7953
2012   01   0.0936
2012   02   0.8173
2012   03   1.1672
2012   04   7.4030
2012   05   31.7330
2012   06   35.9695
2012   07   25.2424
2012   08   34.2694
2012   09   12.3187
2012   10   5.4512
2012   11   3.0628
2012   12   1.7702
2013   01   0.0983
2013   02   0.9243
2013   03   2.1846
2013   04   4.4540
2013   05   47.4435
2013   06   27.9321
2013   07   33.1888
2013   08   22.9037
2013   09   8.1883
2013   10   5.0100
2013   11   2.5005
2013   12   1.9020
2014   01   0.0965
2014   02   0.9865
2014   03   1.7610
2014   04   5.1483
2014   05   17.4878
2014   06   39.1535
2014   07   39.2371
2014   08   23.7924
2014   09   12.3875
2014   10   3.9187
2014   11   2.4961
2014   12   1.9697
2015   01   0.0965
2015   02   0.9238
2015   03   5.6554
2015   04   4.3440
2015   05   16.1017
2015   06   23.2237
2015   07   41.9593
2015   08   59.4068
2015   09   13.1696
2015   10   5.3542
2015   11   3.7605
2015   12   1.8938
2016   01   0.0977
2016   02   0.9349
2016   03   2.6467
2016   04   9.7365
2016   05   50.5968
2016   06   59.4591
2016   07   51.5789
2016   08   21.3493
2016   09   5.5378
2016   10   5.5985
2016   11   2.1000
2016   12   1.9028
2017   01   0.0968
2017   02   0.9166
2017   03   2.1936
2017   04   6.5334
2017   05   62.9083
2017   06   62.1104
2017   07   31.5205
2017   08   30.3587
2017   09   5.7825
2017   10   4.3196
2017   11   3.6000
2017   12   1.9267
2018   01   0.0977
2018   02   0.9284
2018   03   1.6178
2018   04   5.1699
2018   05   22.7485
2018   06   49.9683
2018   07   34.1667
2018   08   20.7955
2018   09   8.0325
2018   10   5.3780
2018   11   2.2230
2018   12   1.8949
2019   01   0.0973
2019   02   0.9256
2019   03   1.6336
2019   04   5.3944
2019   05   34.1640
2019   06   29.2356
2019   07   31.9921
2019   08   19.8259
2019   09   7.3334
2019   10   4.3206
2019   11   2.1477
2019   12   1.7846
2020   01   0.0961
2020   02   0.9325
2020   03   1.6291
2020   04   4.8097
2020   05   10.4226
2020   06   66.5400
2020   07   23.0148
2020   08   16.3159
2020   09   5.0932
2020   10   3.5385
2020   11   2.9444
2020   12   1.8947
2021   01   0.1032
2021   02   0.9337
2021   03   1.6281
2021   04   3.7695
2021   05   12.3024
2021   06   35.3181
2021   07   16.5887
2021   08   17.3840
2021   09   4.9440
2021   10   4.4657
2021   11   2.6502
2021   12   1.7814
2022   01   0.0966
2022   02   1.0499
2022   03   1.6305
2022   04   6.4587
2022   05   16.2255
2022   06   24.1289
2022   07   72.4800
2022   08   18.2011
2022   09   6.3231
2022   10   3.9242
2022   11   2.5986
2022   12   1.8079
2023   01   0.0958
2023   02   0.9322
2023   03   1.6646
2023   04   5.7598
2023   05   12.5923
2023   06   24.1828
2023   07   22.8245
2023   08   31.6653
2023   09   6.6570
2023   10   3.4567
2023   11   3.1504
2023   12   1.9198
2024   01   0.0956
2024   02   1.0391
2024   03   1.6730
2024   04   7.9472
2024   05   45.1698
2024   06   76.8517
2024   07   23.8119
2024   08   70.0641
2024   09   5.1770
2024   10   8.2598
2024   11   2.1412
2024   11   2.1412
2024   12   1.8840
2025   01   0.0968
2025   02   0.9242
2025   03   2.3221
2025   04   3.9124
2025   05   13.2380
2025   06   58.7173
