1991   01   87.3372
1991   02   69.1215
1991   03   9.9195
1991   04   9.4171
1991   05   1.6217
1991   06   8.1828
1991   07   1.4435
1991   08   2.5981
1991   09   4.9784
1991   10   14.4777
1991   11   36.7019
1991   12   39.5106
1992   01   55.3947
1992   02   30.5335
1992   03   4.7234
1992   04   9.4279
1992   05   1.5543
1992   06   7.0007
1992   07   1.6797
1992   08   3.0968
1992   09   5.9073
1992   10   18.7666
1992   11   26.6666
1992   12   50.3740
1993   01   81.1702
1993   02   50.3551
1993   03   12.3396
1993   04   9.6342
1993   05   1.5789
1993   06   7.1178
1993   07   1.4540
1993   08   2.6924
1993   09   4.1722
1993   10   18.8493
1993   11   26.7495
1993   12   38.1635
1994   01   41.7076
1994   02   40.2542
1994   03   5.9763
1994   04   11.5067
1994   05   1.6638
1994   06   6.8717
1994   07   1.4190
1994   08   2.5496
1994   09   5.3558
1994   10   14.4762
1994   11   26.7580
1994   12   69.7578
1995   01   85.9930
1995   02   28.7648
1995   03   7.9617
1995   04   9.0195
1995   05   1.7625
1995   06   7.3129
1995   07   1.3914
1995   08   2.3835
1995   09   4.2981
1995   10   17.2860
1995   11   27.6511
1995   12   48.9855
1996   01   40.0107
1996   02   33.6957
1996   03   5.5949
1996   04   9.0274
1996   05   1.7324
1996   06   9.2972
1996   07   1.3858
1996   08   2.4417
1996   09   4.3158
1996   10   14.5010
1996   11   36.6001
1996   12   57.2681
1997   01   69.7761
1997   02   70.9455
1997   03   9.0298
1997   04   9.0192
1997   05   2.0615
1997   06   10.8346
1997   07   1.3764
1997   08   3.3927
1997   09   4.6868
1997   10   14.4947
1997   11   39.1671
1997   12   31.2190
1998   01   37.4393
1998   02   27.6212
1998   03   6.9202
1998   04   9.8710
1998   05   1.6593
1998   06   8.7793
1998   07   1.3822
1998   08   3.7881
1998   09   4.2811
1998   10   16.7851
1998   11   22.7200
1998   12   55.3103
1999   01   41.6193
1999   02   94.5968
1999   03   12.1352
1999   04   9.0225
1999   05   1.7392
1999   06   7.6826
1999   07   1.5419
1999   08   2.4468
1999   09   4.9325
1999   10   14.4987
1999   11   19.0617
1999   12   42.9469
2000   01   132.8357
2000   02   33.3187
2000   03   11.4278
2000   04   9.0287
2000   05   1.9197
2000   06   5.7340
2000   07   1.0332
2000   08   2.1153
2000   09   3.2821
2000   10   14.2284
2000   11   15.8810
2000   12   36.7248
2001   01   97.3883
2001   02   89.3075
2001   03   11.5788
2001   04   9.5266
2001   05   2.3420
2001   06   6.5297
2001   07   0.8690
2001   08   1.5754
2001   09   3.9082
2001   10   9.7226
2001   11   14.7206
2001   12   56.0958
2002   01   38.2218
2002   02   43.6987
2002   03   16.9229
2002   04   10.8245
2002   05   1.5732
2002   06   5.8519
2002   07   1.9187
2002   08   1.6357
2002   09   2.9429
2002   10   13.4317
2002   11   23.4050
2002   12   53.8489
2003   01   46.2551
2003   02   37.0275
2003   03   7.3704
2003   04   9.3340
2003   05   1.5101
2003   06   6.0077
2003   07   1.0804
2003   08   1.5168
2003   09   4.0562
2003   10   12.4553
2003   11   18.8171
2003   12   48.3670
2004   01   48.2381
2004   02   51.6221
2004   03   6.0483
2004   04   9.0268
2004   05   1.2279
2004   06   4.9329
2004   07   1.4167
2004   08   2.5153
2004   09   4.5951
2004   10   11.0208
2004   11   14.0015
2004   12   41.2339
2005   01   59.0850
2005   02   57.1667
2005   03   5.9575
2005   04   10.0113
2005   05   1.3425
2005   06   4.7889
2005   07   0.9539
2005   08   1.6886
2005   09   4.1218
2005   10   9.4209
2005   11   26.0276
2005   12   40.4924
2006   01   54.5042
2006   02   58.3138
2006   03   6.7586
2006   04   9.5776
2006   05   1.3589
2006   06   4.7152
2006   07   1.1322
2006   08   1.6352
2006   09   4.7444
2006   10   12.8360
2006   11   22.2652
2006   12   42.6347
2007   01   83.1864
2007   02   55.1185
2007   03   10.3665
2007   04   11.0974
2007   05   1.6119
2007   06   8.6047
2007   07   1.5703
2007   08   2.3403
2007   09   3.7801
2007   10   15.4394
2007   11   31.7452
2007   12   49.5306
2008   01   152.2605
2008   02   54.0247
2008   03   8.0875
2008   04   8.7320
2008   05   1.2585
2008   06   6.2480
2008   07   0.9145
2008   08   1.6265
2008   09   2.7149
2008   10   9.4785
2008   11   14.8324
2008   12   61.0812
2009   01   38.1756
2009   02   33.6895
2009   03   7.2553
2009   04   10.0559
2009   05   1.2380
2009   06   5.1965
2009   07   0.9858
2009   08   1.8746
2009   09   3.0384
2009   10   11.1483
2009   11   17.0843
2009   12   60.3415
2010   01   64.8490
2010   02   51.5932
2010   03   6.9173
2010   04   9.7592
2010   05   1.2513
2010   06   5.3489
2010   07   1.0458
2010   08   1.6426
2010   09   2.8776
2010   10   9.4477
2010   11   13.3207
2010   12   40.8912
2011   01   81.3713
2011   02   100.5565
2011   03   9.9231
2011   04   8.8260
2011   05   1.3523
2011   06   5.8553
2011   07   1.2697
2011   08   1.6933
2011   09   2.8912
2011   10   12.5333
2011   11   16.2732
2011   12   65.1741
2012   01   67.2564
2012   02   123.3633
2012   03   10.2512
2012   04   9.4036
2012   05   1.4165
2012   06   4.7456
2012   07   1.1179
2012   08   1.6237
2012   09   3.3559
2012   10   9.4144
2012   11   25.4922
2012   12   59.2929
2013   01   98.9067
2013   02   35.9870
2013   03   5.3868
2013   04   8.7954
2013   05   1.4271
2013   06   8.9508
2013   07   1.0978
2013   08   2.4652
2013   09   4.8895
2013   10   17.3526
2013   11   16.7477
2013   12   41.6789
2014   01   55.0432
2014   02   26.7625
2014   03   6.6180
2014   04   9.2563
2014   05   1.2290
2014   06   6.8120
2014   07   1.2587
2014   08   2.0955
2014   09   3.5608
2014   10   12.7616
2014   11   16.9209
2014   12   54.1435
2015   01   74.0093
2015   02   78.9118
2015   03   9.0372
2015   04   9.5557
2015   05   1.5082
2015   06   5.0205
2015   07   2.4048
2015   08   3.4440
2015   09   3.2789
2015   10   17.7622
2015   11   24.4918
2015   12   52.2577
2016   01   31.9676
2016   02   40.8594
2016   03   5.8913
2016   04   9.5635
2016   05   2.0935
2016   06   9.0211
2016   07   2.5393
2016   08   2.5035
2016   09   4.3640
2016   10   11.4296
2016   11   30.0414
2016   12   53.0429
2017   01   66.5295
2017   02   77.1919
2017   03   7.0167
2017   04   8.9613
2017   05   2.5559
2017   06   8.0419
2017   07   1.1863
2017   08   2.0559
2017   09   3.1763
2017   10   13.8753
2017   11   22.1093
2017   12   50.4899
2018   01   69.6595
2018   02   104.6970
2018   03   5.9351
2018   04   10.0648
2018   05   1.3887
2018   06   5.9230
2018   07   1.7079
2018   08   2.1767
2018   09   3.4683
2018   10   14.1985
2018   11   17.7768
2018   12   48.9085
2019   01   98.0928
2019   02   98.4346
2019   03   6.3822
2019   04   9.0585
2019   05   1.3798
2019   06   5.5286
2019   07   1.1836
2019   08   1.9872
2019   09   3.1283
2019   10   13.2065
2019   11   29.2481
2019   12   47.9732
2020   01   91.3839
2020   02   54.3094
2020   03   7.8624
2020   04   9.3953
2020   05   1.2260
2020   06   5.6034
2020   07   1.1853
2020   08   1.8861
2020   09   4.5273
2020   10   11.4646
2020   11   16.4903
2020   12   46.1840
2021   01   44.9281
2021   02   33.4800
2021   03   10.4429
2021   04   8.8220
2021   05   1.9035
2021   06   6.3934
2021   07   1.0966
2021   08   1.9676
2021   09   5.1609
2021   10   14.6818
2021   11   21.5002
2021   12   73.1882
2022   01   55.4239
2022   02   23.5306
2022   03   8.0603
2022   04   9.2025
2022   05   1.2936
2022   06   4.8280
2022   07   1.1214
2022   08   2.1258
2022   09   4.0304
2022   10   11.8165
2022   11   28.1033
2022   12   92.5430
2023   01   50.4627
2023   02   59.6001
2023   03   7.1482
2023   04   10.5110
2023   05   1.7496
2023   06   4.6646
2023   07   1.0976
2023   08   1.7996
2023   09   3.7150
2023   10   8.8241
2023   11   20.4991
2023   12   51.5738
2024   01   34.9707
2024   02   90.9247
2024   03   6.7131
2024   04   7.9569
2024   05   1.2713
2024   06   3.8551
2024   07   0.9364
2024   08   1.7071
2024   09   2.7959
2024   10   10.8605
2024   11   13.1531
2024   11   13.1531
2024   12   25.1456
2025   01   42.8594
2025   02   92.8413
2025   03   5.9204
2025   04   9.7670
2025   05   1.0687
2025   06   4.2341
