1991   01   2.4655
1991   02   4.9880
1991   03   1.8473
1991   04   8.9313
1991   05   66.7093
1991   06   114.4386
1991   07   110.9603
1991   08   47.1950
1991   09   20.4390
1991   10   8.8540
1991   11   2.9620
1991   12   4.0879
1992   01   2.4655
1992   02   5.2336
1992   03   7.6228
1992   04   18.9390
1992   05   115.9611
1992   06   106.3519
1992   07   23.8126
1992   08   76.6486
1992   09   12.3561
1992   10   5.4123
1992   11   7.1604
1992   12   3.2404
1993   01   2.6553
1993   02   10.0823
1993   03   2.1758
1993   04   25.5409
1993   05   66.8294
1993   06   61.9548
1993   07   51.5036
1993   08   43.9855
1993   09   8.5322
1993   10   8.7064
1993   11   3.7777
1993   12   2.9349
1994   01   2.8041
1994   02   7.6266
1994   03   2.3086
1994   04   18.6025
1994   05   43.5764
1994   06   70.8687
1994   07   55.1041
1994   08   27.6290
1994   09   14.0282
1994   10   9.5051
1994   11   2.9266
1994   12   6.5380
1995   01   2.9460
1995   02   10.4580
1995   03   2.3642
1995   04   18.5645
1995   05   27.5795
1995   06   65.6801
1995   07   63.3063
1995   08   52.5577
1995   09   20.2970
1995   10   7.5723
1995   11   2.4344
1995   12   3.5858
1996   01   2.8218
1996   02   7.4032
1996   03   2.4173
1996   04   18.6067
1996   05   35.9041
1996   06   44.1145
1996   07   46.4836
1996   08   32.3683
1996   09   8.5580
1996   10   7.1584
1996   11   2.3617
1996   12   3.2603
1997   01   2.8220
1997   02   7.3115
1997   03   3.1555
1997   04   8.4945
1997   05   88.6616
1997   06   236.8863
1997   07   52.5731
1997   08   108.1701
1997   09   15.9905
1997   10   12.6279
1997   11   7.3093
1997   12   3.2767
1998   01   2.8066
1998   02   7.5180
1998   03   3.7657
1998   04   19.8503
1998   05   60.8803
1998   06   36.1103
1998   07   21.0076
1998   08   23.3186
1998   09   21.4198
1998   10   5.0376
1998   11   3.0993
1998   12   2.9791
1999   01   2.8066
1999   02   10.4267
1999   03   2.7444
1999   04   16.3717
1999   05   13.2486
1999   06   43.5166
1999   07   28.6460
1999   08   123.6012
1999   09   41.6682
1999   10   21.1153
1999   11   2.8772
1999   12   2.8390
2000   01   2.7228
2000   02   6.0032
2000   03   1.5693
2000   04   32.4232
2000   05   32.3221
2000   06   238.3845
2000   07   31.5045
2000   08   20.6932
2000   09   43.1142
2000   10   9.1643
2000   11   5.6337
2000   12   2.7030
2001   01   2.5257
2001   02   5.8358
2001   03   1.9970
2001   04   17.8961
2001   05   50.0638
2001   06   47.3125
2001   07   213.4154
2001   08   84.4484
2001   09   17.8453
2001   10   7.1302
2001   11   3.5817
2001   12   2.4615
2002   01   2.4556
2002   02   5.5659
2002   03   2.2476
2002   04   19.6023
2002   05   151.0711
2002   06   132.4910
2002   07   63.1506
2002   08   123.3743
2002   09   26.3265
2002   10   10.5946
2002   11   2.8034
2002   12   3.2381
2003   01   2.2578
2003   02   6.2576
2003   03   1.5714
2003   04   8.9559
2003   05   64.2330
2003   06   84.4773
2003   07   43.8598
2003   08   38.0700
2003   09   14.7043
2003   10   5.9000
2003   11   8.3656
2003   12   2.4085
2004   01   2.4556
2004   02   5.2371
2004   03   3.0827
2004   04   24.7008
2004   05   25.5022
2004   06   92.5797
2004   07   89.3715
2004   08   54.3679
2004   09   13.1266
2004   10   7.1693
2004   11   17.8926
2004   12   2.9371
2005   01   2.4087
2005   02   6.6993
2005   03   7.3044
2005   04   8.0515
2005   05   75.0914
2005   06   157.2736
2005   07   57.2496
2005   08   146.1904
2005   09   15.4777
2005   10   9.3434
2005   11   6.4001
2005   12   2.6443
2006   01   2.5257
2006   02   5.6536
2006   03   1.5404
2006   04   9.6980
2006   05   32.2400
2006   06   96.3390
2006   07   138.2428
2006   08   82.4067
2006   09   13.1160
2006   10   27.3694
2006   11   1.9504
2006   12   2.2490
2007   01   2.5316
2007   02   7.1096
2007   03   4.7795
2007   04   10.8861
2007   05   32.6610
2007   06   91.1045
2007   07   42.8177
2007   08   61.6868
2007   09   7.1888
2007   10   6.3816
2007   11   1.9275
2007   12   2.4180
2008   01   2.4556
2008   02   5.5327
2008   03   1.7194
2008   04   9.2948
2008   05   103.1969
2008   06   55.5087
2008   07   55.1765
2008   08   119.4228
2008   09   12.7721
2008   10   5.9002
2008   11   1.7321
2008   12   2.2671
2009   01   2.6942
2009   02   5.9993
2009   03   1.5676
2009   04   4.7690
2009   05   26.8065
2009   06   95.9822
2009   07   55.7109
2009   08   97.4950
2009   09   19.8026
2009   10   13.0662
2009   11   2.7500
2009   12   2.2670
2010   01   2.4384
2010   02   5.3995
2010   03   1.5255
2010   04   5.9217
2010   05   39.9470
2010   06   43.5464
2010   07   24.2204
2010   08   30.2083
2010   09   9.0878
2010   10   8.4052
2010   11   4.5133
2010   12   2.2673
2011   01   2.4681
2011   02   6.3457
2011   03   1.6893
2011   04   9.4546
2011   05   7.5393
2011   06   71.1952
2011   07   43.0767
2011   08   91.3730
2011   09   5.8343
2011   10   4.1926
2011   11   3.0014
2011   12   2.2665
2012   01   2.4556
2012   02   6.4408
2012   03   1.5164
2012   04   13.4246
2012   05   75.8135
2012   06   83.5899
2012   07   12.6270
2012   08   72.5991
2012   09   10.4575
2012   10   22.9668
2012   11   2.6570
2012   12   2.5859
2013   01   2.7486
2013   02   6.8940
2013   03   4.5468
2013   04   4.9237
2013   05   90.0126
2013   06   35.0694
2013   07   29.7085
2013   08   49.8128
2013   09   17.2173
2013   10   9.2493
2013   11   2.0443
2013   12   2.4871
2014   01   2.7046
2014   02   9.6123
2014   03   1.8829
2014   04   7.8675
2014   05   24.5575
2014   06   61.2909
2014   07   48.7050
2014   08   63.0296
2014   09   25.9059
2014   10   8.6713
2014   11   3.5582
2014   12   2.8928
2015   01   2.6630
2015   02   7.1379
2015   03   6.4844
2015   04   6.0612
2015   05   18.8399
2015   06   12.4722
2015   07   52.3932
2015   08   147.6437
2015   09   19.4348
2015   10   24.1596
2015   11   6.1900
2015   12   3.9483
2016   01   3.5483
2016   02   6.3198
2016   03   2.5158
2016   04   71.9164
2016   05   59.4538
2016   06   45.7498
2016   07   71.2496
2016   08   25.8152
2016   09   4.5073
2016   10   15.6779
2016   11   1.8898
2016   12   6.4923
2017   01   2.6630
2017   02   9.2526
2017   03   2.0646
2017   04   16.0700
2017   05   63.7441
2017   06   70.3879
2017   07   37.1516
2017   08   70.6134
2017   09   11.9146
2017   10   19.7380
2017   11   4.1755
2017   12   2.4731
2018   01   2.9388
2018   02   6.3026
2018   03   1.8959
2018   04   9.2392
2018   05   37.3653
2018   06   40.1412
2018   07   31.1503
2018   08   30.0229
2018   09   14.6190
2018   10   10.0695
2018   11   1.6974
2018   12   3.7095
2019   01   2.6630
2019   02   6.3084
2019   03   3.8339
2019   04   13.6880
2019   05   28.5036
2019   06   32.3238
2019   07   23.4359
2019   08   23.0997
2019   09   12.0951
2019   10   9.6165
2019   11   1.5787
2019   12   2.7688
2020   01   2.6416
2020   02   5.9748
2020   03   1.6765
2020   04   8.5350
2020   05   9.3349
2020   06   114.8553
2020   07   61.7415
2020   08   20.1982
2020   09   5.4248
2020   10   3.8720
2020   11   2.6022
2020   12   2.4710
2021   01   7.8619
2021   02   6.0828
2021   03   2.2604
2021   04   4.6509
2021   05   20.5826
2021   06   26.0123
2021   07   8.3642
2021   08   37.2314
2021   09   10.1403
2021   10   7.7749
2021   11   1.6437
2021   12   2.2408
2022   01   3.1436
2022   02   15.3955
2022   03   1.5540
2022   04   20.6257
2022   05   9.8623
2022   06   34.6617
2022   07   67.3090
2022   08   29.9011
2022   09   7.1970
2022   10   3.3516
2022   11   2.2202
2022   12   2.2992
2023   01   2.7452
2023   02   5.7344
2023   03   1.5774
2023   04   7.1635
2023   05   17.1100
2023   06   46.2395
2023   07   30.3821
2023   08   95.5211
2023   09   45.8532
2023   10   5.4679
2023   11   6.1008
2023   12   2.4144
2024   01   2.6490
2024   02   7.9239
2024   03   1.5435
2024   04   4.8073
2024   05   97.8932
2024   06   159.3960
2024   07   24.2862
2024   08   111.1048
2024   09   7.7841
2024   10   10.5286
2024   11   1.5100
2024   11   1.5100
2024   12   2.1710
2025   01   2.5564
2025   02   5.4169
2025   03   3.5987
2025   04   4.1897
2025   05   45.2784
2025   06   50.3192
