1991   01   6.4643
1991   02   4.7675
1991   03   5.3072
1991   04   38.8613
1991   05   188.7784
1991   06   168.6640
1991   07   174.3928
1991   08   52.5105
1991   09   101.6751
1991   10   28.5184
1991   11   14.7808
1991   12   9.5436
1992   01   5.4796
1992   02   8.1566
1992   03   7.5017
1992   04   55.1234
1992   05   297.0564
1992   06   463.1637
1992   07   45.8125
1992   08   70.7630
1992   09   24.5927
1992   10   11.0380
1992   11   17.1310
1992   12   4.4848
1993   01   5.3318
1993   02   6.5862
1993   03   4.5908
1993   04   60.4941
1993   05   184.6003
1993   06   179.2705
1993   07   135.1762
1993   08   21.4278
1993   09   13.3058
1993   10   16.9896
1993   11   17.7303
1993   12   5.5570
1994   01   5.5795
1994   02   3.8790
1994   03   4.2111
1994   04   50.9955
1994   05   110.1359
1994   06   220.9305
1994   07   139.0230
1994   08   21.2042
1994   09   50.4686
1994   10   23.2781
1994   11   8.0819
1994   12   7.9515
1995   01   6.2411
1995   02   4.4131
1995   03   4.9156
1995   04   73.1580
1995   05   45.4799
1995   06   196.5331
1995   07   116.7457
1995   08   60.2386
1995   09   30.8814
1995   10   31.0072
1995   11   5.4724
1995   12   4.0333
1996   01   4.3898
1996   02   3.8098
1996   03   5.7732
1996   04   39.3940
1996   05   68.9836
1996   06   132.7828
1996   07   68.0845
1996   08   92.8303
1996   09   16.2157
1996   10   11.0922
1996   11   8.1283
1996   12   5.2359
1997   01   5.2120
1997   02   5.0714
1997   03   4.3076
1997   04   32.9516
1997   05   128.9189
1997   06   330.4276
1997   07   129.8058
1997   08   131.3919
1997   09   40.4077
1997   10   50.1130
1997   11   28.1753
1997   12   5.2061
1998   01   6.4710
1998   02   5.7775
1998   03   4.2246
1998   04   34.9364
1998   05   87.1086
1998   06   84.8577
1998   07   36.9357
1998   08   40.1551
1998   09   27.0401
1998   10   7.5113
1998   11   7.0102
1998   12   6.6779
1999   01   4.6444
1999   02   3.9580
1999   03   8.8724
1999   04   25.9125
1999   05   30.3401
1999   06   110.0426
1999   07   77.2271
1999   08   185.1097
1999   09   90.7562
1999   10   21.4555
1999   11   9.6121
1999   12   3.6833
2000   01   4.7485
2000   02   8.1856
2000   03   5.2037
2000   04   34.7158
2000   05   64.7881
2000   06   471.6462
2000   07   46.8983
2000   08   30.1578
2000   09   151.1511
2000   10   19.4056
2000   11   15.3920
2000   12   2.9760
2001   01   5.0616
2001   02   3.1928
2001   03   6.5347
2001   04   41.3475
2001   05   247.0499
2001   06   80.7926
2001   07   321.4422
2001   08   174.7750
2001   09   51.1020
2001   10   24.7025
2001   11   9.3109
2001   12   3.1422
2002   01   5.4685
2002   02   4.2835
2002   03   12.1830
2002   04   19.6992
2002   05   322.0783
2002   06   328.7251
2002   07   140.8623
2002   08   272.2905
2002   09   49.3444
2002   10   26.8786
2002   11   6.4127
2002   12   6.1001
2003   01   6.4327
2003   02   2.9720
2003   03   5.3519
2003   04   14.8236
2003   05   169.9932
2003   06   186.1605
2003   07   102.2652
2003   08   51.8370
2003   09   50.3835
2003   10   21.6617
2003   11   27.5417
2003   12   5.0714
2004   01   6.5756
2004   02   3.0774
2004   03   10.5633
2004   04   58.8838
2004   05   48.9246
2004   06   192.9383
2004   07   142.1894
2004   08   142.6490
2004   09   51.5576
2004   10   24.0359
2004   11   57.1458
2004   12   6.5062
2005   01   4.2650
2005   02   3.0676
2005   03   14.8532
2005   04   16.1467
2005   05   251.1853
2005   06   387.6494
2005   07   87.9555
2005   08   280.3549
2005   09   33.2281
2005   10   16.8605
2005   11   21.8962
2005   12   3.9355
2006   01   5.4444
2006   02   3.2337
2006   03   5.2234
2006   04   18.9982
2006   05   108.0959
2006   06   239.1588
2006   07   310.3990
2006   08   129.6451
2006   09   31.3186
2006   10   74.0014
2006   11   7.0972
2006   12   4.8064
2007   01   6.3912
2007   02   7.6482
2007   03   10.3129
2007   04   20.5907
2007   05   90.2323
2007   06   163.3042
2007   07   94.7522
2007   08   76.1677
2007   09   16.1924
2007   10   15.8704
2007   11   5.4599
2007   12   2.9196
2008   01   4.3955
2008   02   3.0175
2008   03   5.5442
2008   04   21.0568
2008   05   215.5197
2008   06   128.7801
2008   07   82.5303
2008   08   147.3659
2008   09   19.6480
2008   10   7.5486
2008   11   6.3083
2008   12   3.1451
2009   01   4.6842
2009   02   2.8712
2009   03   4.7432
2009   04   10.1034
2009   05   50.4929
2009   06   206.2525
2009   07   61.3145
2009   08   152.0081
2009   09   60.2338
2009   10   24.2460
2009   11   12.7809
2009   12   3.4660
2010   01   7.7932
2010   02   3.0225
2010   03   5.0301
2010   04   11.4674
2010   05   105.3447
2010   06   215.2792
2010   07   87.2122
2010   08   40.9218
2010   09   15.2380
2010   10   18.5261
2010   11   8.2807
2010   12   5.5574
2011   01   6.4223
2011   02   3.2402
2011   03   7.0554
2011   04   27.6511
2011   05   26.6537
2011   06   121.8118
2011   07   84.5667
2011   08   114.0256
2011   09   10.5570
2011   10   12.7018
2011   11   8.7809
2011   12   3.1435
2012   01   4.3892
2012   02   5.7122
2012   03   4.6733
2012   04   15.1893
2012   05   206.3434
2012   06   181.5217
2012   07   29.4424
2012   08   127.7966
2012   09   12.2933
2012   10   55.6411
2012   11   10.2644
2012   12   5.0708
2013   01   5.4884
2013   02   3.4617
2013   03   3.9403
2013   04   12.4534
2013   05   194.7463
2013   06   90.2430
2013   07   109.5335
2013   08   55.4933
2013   09   42.1088
2013   10   18.0118
2013   11   8.4509
2013   12   3.5016
2014   01   4.5994
2014   02   5.6284
2014   03   7.1069
2014   04   17.5680
2014   05   78.7292
2014   06   189.8045
2014   07   72.1656
2014   08   81.7152
2014   09   64.6274
2014   10   11.5144
2014   11   14.7840
2014   12   8.6853
2015   01   4.5689
2015   02   3.3015
2015   03   8.5006
2015   04   17.9291
2015   05   38.4136
2015   06   39.6564
2015   07   176.7005
2015   08   196.5621
2015   09   57.9978
2015   10   51.9394
2015   11   11.7105
2015   12   5.0644
2016   01   10.9813
2016   02   3.5617
2016   03   4.9134
2016   04   106.2896
2016   05   132.0744
2016   06   69.7641
2016   07   151.7594
2016   08   21.4443
2016   09   6.3602
2016   10   37.8044
2016   11   7.3395
2016   12   7.0661
2017   01   5.1900
2017   02   8.9567
2017   03   5.6586
2017   04   29.1554
2017   05   137.6769
2017   06   196.1776
2017   07   60.3819
2017   08   79.2154
2017   09   20.9412
2017   10   44.0286
2017   11   15.9010
2017   12   3.2678
2018   01   5.6136
2018   02   4.9451
2018   03   9.3826
2018   04   13.3242
2018   05   87.0371
2018   06   106.2541
2018   07   104.4786
2018   08   43.0756
2018   09   59.1237
2018   10   30.1990
2018   11   5.7580
2018   12   5.5580
2019   01   6.8109
2019   02   3.3262
2019   03   6.7104
2019   04   15.1071
2019   05   100.2377
2019   06   115.0960
2019   07   52.6707
2019   08   27.4070
2019   09   24.0702
2019   10   22.0403
2019   11   3.4042
2019   12   3.5927
2020   01   4.1889
2020   02   2.6915
2020   03   3.6233
2020   04   15.4450
2020   05   21.2821
2020   06   277.1584
2020   07   108.0693
2020   08   23.1736
2020   09   8.6451
2020   10   4.6028
2020   11   4.6135
2020   12   4.3384
2021   01   27.0433
2021   02   2.5123
2021   03   3.5642
2021   04   10.1933
2021   05   33.2081
2021   06   67.7815
2021   07   23.2150
2021   08   76.5542
2021   09   25.6865
2021   10   8.1820
2021   11   4.2881
2021   12   2.2520
2022   01   4.2821
2022   02   5.8081
2022   03   3.4373
2022   04   56.4783
2022   05   27.3881
2022   06   85.5708
2022   07   119.1984
2022   08   33.1174
2022   09   21.3610
2022   10   6.8197
2022   11   4.6135
2022   12   3.1405
2023   01   4.3061
2023   02   2.5750
2023   03   3.4904
2023   04   34.2520
2023   05   47.8851
2023   06   143.1795
2023   07   68.5444
2023   08   198.0806
2023   09   68.9436
2023   10   22.0600
2023   11   26.4341
2023   12   3.3369
2024   01   4.0186
2024   02   6.7570
2024   03   3.5183
2024   04   23.5780
2024   05   108.7511
2024   06   266.6213
2024   07   46.0339
2024   08   115.7419
2024   09   38.2484
2024   10   15.2481
2024   11   4.7651
2024   11   4.7651
2024   12   2.7838
2025   01   4.1644
2025   02   2.4601
2025   03   5.1482
2025   04   14.7316
2025   05   83.1494
2025   06   144.4902
