1991   01   8.7739
1991   02   6.0220
1991   03   7.6004
1991   04   53.8226
1991   05   185.6139
1991   06   154.1518
1991   07   194.5888
1991   08   62.4401
1991   09   112.3285
1991   10   50.5198
1991   11   27.1856
1991   12   24.5833
1992   01   7.0977
1992   02   13.0446
1992   03   9.6858
1992   04   54.7983
1992   05   389.1031
1992   06   448.6663
1992   07   53.9073
1992   08   118.2584
1992   09   26.8698
1992   10   23.4160
1992   11   23.5853
1992   12   9.7688
1993   01   5.9177
1993   02   8.0303
1993   03   7.7583
1993   04   72.0837
1993   05   197.9604
1993   06   251.0721
1993   07   114.4918
1993   08   37.9403
1993   09   19.9544
1993   10   34.2791
1993   11   15.1866
1993   12   8.7734
1994   01   5.6495
1994   02   5.0479
1994   03   9.4711
1994   04   99.4290
1994   05   83.0154
1994   06   238.3488
1994   07   168.2405
1994   08   35.9164
1994   09   59.6731
1994   10   42.7991
1994   11   8.8277
1994   12   10.4823
1995   01   4.9047
1995   02   5.5851
1995   03   6.5053
1995   04   92.8758
1995   05   35.7373
1995   06   225.9377
1995   07   139.7922
1995   08   96.9718
1995   09   19.0670
1995   10   28.6846
1995   11   9.2617
1995   12   5.9771
1996   01   5.5428
1996   02   5.8283
1996   03   9.0297
1996   04   46.8002
1996   05   65.8446
1996   06   171.7190
1996   07   67.3810
1996   08   165.4438
1996   09   17.0403
1996   10   18.2412
1996   11   14.1395
1996   12   9.5626
1997   01   7.1815
1997   02   7.1712
1997   03   6.4429
1997   04   64.3785
1997   05   148.9249
1997   06   364.1402
1997   07   160.3309
1997   08   86.5630
1997   09   55.0647
1997   10   85.2280
1997   11   40.8297
1997   12   9.7001
1998   01   7.8183
1998   02   9.4637
1998   03   6.7414
1998   04   43.5116
1998   05   63.3043
1998   06   83.8925
1998   07   42.5801
1998   08   48.1045
1998   09   27.8706
1998   10   10.7111
1998   11   10.6898
1998   12   13.2327
1999   01   6.0504
1999   02   6.1336
1999   03   13.3559
1999   04   28.1545
1999   05   69.5007
1999   06   177.4142
1999   07   84.6318
1999   08   131.6200
1999   09   92.4295
1999   10   23.1075
1999   11   11.9178
1999   12   7.0689
2000   01   5.6652
2000   02   19.6813
2000   03   7.9235
2000   04   44.9385
2000   05   61.8959
2000   06   528.4810
2000   07   64.4066
2000   08   51.6574
2000   09   154.1956
2000   10   31.9344
2000   11   21.3751
2000   12   6.3593
2001   01   8.4212
2001   02   3.6049
2001   03   12.4251
2001   04   45.9206
2001   05   277.7531
2001   06   150.3049
2001   07   355.7876
2001   08   186.8550
2001   09   44.8856
2001   10   23.6178
2001   11   11.9764
2001   12   6.3038
2002   01   5.6702
2002   02   8.8074
2002   03   22.5834
2002   04   33.0025
2002   05   256.8349
2002   06   299.3413
2002   07   171.0111
2002   08   335.1879
2002   09   56.6987
2002   10   64.1847
2002   11   11.7718
2002   12   11.6778
2003   01   7.6642
2003   02   2.9661
2003   03   7.9269
2003   04   26.7382
2003   05   129.6325
2003   06   249.2415
2003   07   124.0947
2003   08   63.9519
2003   09   63.7729
2003   10   29.8588
2003   11   45.4813
2003   12   8.6211
2004   01   7.1215
2004   02   3.9682
2004   03   17.7626
2004   04   63.8697
2004   05   46.7615
2004   06   238.1433
2004   07   186.7727
2004   08   151.5797
2004   09   49.8310
2004   10   44.2343
2004   11   65.5770
2004   12   13.0304
2005   01   4.5203
2005   02   4.7042
2005   03   22.1481
2005   04   21.6273
2005   05   279.0876
2005   06   433.2928
2005   07   114.7085
2005   08   303.6105
2005   09   35.3280
2005   10   27.0057
2005   11   20.2628
2005   12   11.1748
2006   01   7.9984
2006   02   4.5418
2006   03   7.5575
2006   04   35.6999
2006   05   118.2614
2006   06   298.2075
2006   07   373.0916
2006   08   160.4525
2006   09   42.9579
2006   10   80.6750
2006   11   7.0609
2006   12   12.1279
2007   01   8.5703
2007   02   15.5509
2007   03   14.7118
2007   04   35.4015
2007   05   74.7236
2007   06   169.5294
2007   07   116.6387
2007   08   96.9910
2007   09   26.0046
2007   10   26.8043
2007   11   5.7903
2007   12   7.3268
2008   01   4.6272
2008   02   3.0628
2008   03   8.0071
2008   04   31.8333
2008   05   200.8685
2008   06   145.1523
2008   07   110.2804
2008   08   177.6204
2008   09   23.8855
2008   10   15.8134
2008   11   6.4818
2008   12   7.6740
2009   01   6.4762
2009   02   4.6037
2009   03   6.1971
2009   04   16.1782
2009   05   93.8506
2009   06   249.1248
2009   07   78.6678
2009   08   193.0443
2009   09   77.1534
2009   10   36.1944
2009   11   23.7513
2009   12   7.3243
2010   01   8.5720
2010   02   7.0310
2010   03   6.6677
2010   04   14.2279
2010   05   81.0082
2010   06   268.3989
2010   07   154.0412
2010   08   55.2234
2010   09   19.0777
2010   10   30.5235
2010   11   11.5871
2010   12   12.8131
2011   01   8.4520
2011   02   3.8037
2011   03   15.0599
2011   04   49.8544
2011   05   40.0404
2011   06   148.4844
2011   07   106.9607
2011   08   152.5873
2011   09   23.5237
2011   10   21.5417
2011   11   13.1872
2011   12   6.8008
2012   01   5.1455
2012   02   6.8283
2012   03   6.3164
2012   04   19.8225
2012   05   257.9518
2012   06   252.1438
2012   07   39.7202
2012   08   129.4589
2012   09   24.8738
2012   10   58.0821
2012   11   15.9978
2012   12   16.5665
2013   01   7.4237
2013   02   3.3619
2013   03   5.9090
2013   04   15.5392
2013   05   129.7490
2013   06   84.4161
2013   07   133.7540
2013   08   69.4225
2013   09   50.2189
2013   10   24.1988
2013   11   15.8766
2013   12   6.2998
2014   01   5.7022
2014   02   7.6512
2014   03   18.1510
2014   04   29.9856
2014   05   99.5938
2014   06   223.7089
2014   07   84.4969
2014   08   79.0093
2014   09   62.4403
2014   10   14.7962
2014   11   21.5200
2014   12   14.6774
2015   01   5.0258
2015   02   2.9425
2015   03   13.6567
2015   04   26.5762
2015   05   57.9693
2015   06   87.3445
2015   07   211.8250
2015   08   240.1391
2015   09   72.0351
2015   10   63.5998
2015   11   17.4047
2015   12   8.8963
2016   01   12.9434
2016   02   3.5006
2016   03   9.8922
2016   04   131.8033
2016   05   133.6835
2016   06   42.3419
2016   07   164.3172
2016   08   42.2883
2016   09   16.2711
2016   10   56.6233
2016   11   15.4764
2016   12   9.6459
2017   01   5.8618
2017   02   13.6882
2017   03   12.2984
2017   04   42.2416
2017   05   136.3266
2017   06   246.8841
2017   07   76.9851
2017   08   129.0634
2017   09   38.6096
2017   10   56.4482
2017   11   22.5756
2017   12   7.0573
2018   01   6.7041
2018   02   4.9163
2018   03   14.7452
2018   04   28.9124
2018   05   96.4447
2018   06   146.0049
2018   07   93.4850
2018   08   56.7092
2018   09   61.1298
2018   10   46.5112
2018   11   18.3786
2018   12   7.4923
2019   01   10.0249
2019   02   4.3401
2019   03   10.7247
2019   04   17.5125
2019   05   102.1565
2019   06   179.1820
2019   07   57.6596
2019   08   34.4925
2019   09   28.0361
2019   10   31.5576
2019   11   5.3613
2019   12   4.8712
2020   01   4.7554
2020   02   2.5238
2020   03   5.8612
2020   04   27.3019
2020   05   33.2112
2020   06   302.7373
2020   07   107.7149
2020   08   49.0199
2020   09   12.8937
2020   10   10.0832
2020   11   5.1912
2020   12   7.8264
2021   01   35.9824
2021   02   4.3434
2021   03   4.6313
2021   04   19.5202
2021   05   69.4791
2021   06   70.5546
2021   07   27.5496
2021   08   92.4165
2021   09   30.1762
2021   10   14.2781
2021   11   4.5889
2021   12   4.8507
2022   01   4.1027
2022   02   6.1941
2022   03   4.5212
2022   04   72.1439
2022   05   42.6666
2022   06   124.8978
2022   07   115.8175
2022   08   61.9356
2022   09   15.8469
2022   10   12.9996
2022   11   10.2815
2022   12   4.2905
2023   01   4.9306
2023   02   2.1822
2023   03   4.6275
2023   04   51.4689
2023   05   40.3254
2023   06   161.9616
2023   07   82.2208
2023   08   281.6374
2023   09   41.2655
2023   10   30.9989
2023   11   28.6448
2023   12   4.7920
2024   01   3.9677
2024   02   4.3674
2024   03   7.3983
2024   04   48.8024
2024   05   92.7602
2024   06   264.4138
2024   07   52.9116
2024   08   112.4368
2024   09   35.5019
2024   10   28.8049
2024   11   7.5595
2024   11   7.5595
2024   12   3.9103
2025   01   5.5107
2025   02   2.3748
2025   03   11.5075
2025   04   25.5009
2025   05   68.3990
2025   06   107.9096
