1991   01   10.9808
1991   02   2.5352
1991   03   7.0843
1991   04   52.8395
1991   05   148.8809
1991   06   178.2739
1991   07   178.9680
1991   08   71.1545
1991   09   92.1008
1991   10   27.7877
1991   11   15.1154
1991   12   40.5042
1992   01   6.9920
1992   02   5.2602
1992   03   18.0348
1992   04   56.5483
1992   05   330.9532
1992   06   438.8069
1992   07   81.3535
1992   08   83.6244
1992   09   34.6016
1992   10   13.0808
1992   11   15.8374
1992   12   23.6245
1993   01   7.4034
1993   02   4.7675
1993   03   11.0067
1993   04   52.1471
1993   05   131.5363
1993   06   183.5834
1993   07   72.6161
1993   08   56.5428
1993   09   13.7671
1993   10   24.2447
1993   11   15.6349
1993   12   12.8093
1994   01   6.9519
1994   02   2.5839
1994   03   9.1659
1994   04   54.7623
1994   05   74.9227
1994   06   278.5944
1994   07   122.9686
1994   08   22.9154
1994   09   103.9591
1994   10   32.0849
1994   11   16.4268
1994   12   20.9326
1995   01   10.6670
1995   02   2.3490
1995   03   11.5538
1995   04   79.1565
1995   05   32.9845
1995   06   184.8366
1995   07   189.6832
1995   08   60.7805
1995   09   14.6437
1995   10   23.9819
1995   11   7.8084
1995   12   8.7037
1996   01   7.1667
1996   02   3.7320
1996   03   8.3738
1996   04   36.5688
1996   05   42.5498
1996   06   183.6031
1996   07   116.6908
1996   08   122.1195
1996   09   25.4797
1996   10   12.1350
1996   11   12.6398
1996   12   17.9066
1997   01   9.1108
1997   02   4.2899
1997   03   5.5077
1997   04   93.8358
1997   05   135.4921
1997   06   358.4174
1997   07   112.7976
1997   08   83.6586
1997   09   84.8785
1997   10   72.4949
1997   11   32.4120
1997   12   16.5427
1998   01   6.9716
1998   02   3.9157
1998   03   6.8136
1998   04   33.4788
1998   05   63.0990
1998   06   72.7492
1998   07   30.6253
1998   08   26.4300
1998   09   33.3425
1998   10   3.9672
1998   11   12.8572
1998   12   10.2890
1999   01   9.1458
1999   02   4.4162
1999   03   11.3730
1999   04   25.5009
1999   05   56.4787
1999   06   120.6851
1999   07   98.1435
1999   08   121.4479
1999   09   138.0336
1999   10   6.7999
1999   11   9.1927
1999   12   9.8392
2000   01   7.1964
2000   02   11.7113
2000   03   5.5071
2000   04   38.9396
2000   05   45.3802
2000   06   496.9020
2000   07   51.7097
2000   08   58.0198
2000   09   152.6813
2000   10   18.4176
2000   11   22.7782
2000   12   11.3326
2001   01   18.5906
2001   02   4.6228
2001   03   10.7851
2001   04   44.3562
2001   05   220.8776
2001   06   114.4033
2001   07   293.3845
2001   08   162.0651
2001   09   65.1145
2001   10   13.8051
2001   11   17.2463
2001   12   6.7705
2002   01   6.6721
2002   02   11.6577
2002   03   32.3825
2002   04   36.9636
2002   05   197.0907
2002   06   162.6442
2002   07   137.9950
2002   08   259.1528
2002   09   81.4077
2002   10   74.0019
2002   11   20.1382
2002   12   11.4822
2003   01   8.9370
2003   02   2.0845
2003   03   7.0470
2003   04   16.3461
2003   05   96.4360
2003   06   304.5012
2003   07   134.5702
2003   08   60.8260
2003   09   94.2962
2003   10   26.9713
2003   11   45.0656
2003   12   9.7818
2004   01   5.3191
2004   02   3.3346
2004   03   29.9795
2004   04   71.1766
2004   05   52.2519
2004   06   244.5712
2004   07   150.5074
2004   08   144.2528
2004   09   54.0178
2004   10   49.5329
2004   11   47.1310
2004   12   17.3261
2005   01   5.5102
2005   02   3.8370
2005   03   23.4689
2005   04   17.9507
2005   05   162.2757
2005   06   358.3513
2005   07   120.7655
2005   08   180.1706
2005   09   46.9311
2005   10   13.6035
2005   11   20.8662
2005   12   14.9248
2006   01   10.3278
2006   02   2.4396
2006   03   5.0496
2006   04   38.1566
2006   05   85.8772
2006   06   283.8324
2006   07   293.1345
2006   08   86.7517
2006   09   53.2854
2006   10   58.1890
2006   11   9.8669
2006   12   25.2486
2007   01   9.3168
2007   02   8.2575
2007   03   14.1065
2007   04   48.5423
2007   05   64.0580
2007   06   127.7957
2007   07   117.5402
2007   08   78.0599
2007   09   29.8649
2007   10   13.3182
2007   11   8.0221
2007   12   11.9685
2008   01   5.9709
2008   02   2.3047
2008   03   5.1875
2008   04   26.4892
2008   05   176.6862
2008   06   111.8010
2008   07   88.7293
2008   08   116.2996
2008   09   29.7600
2008   10   6.1788
2008   11   8.4618
2008   12   7.6549
2009   01   6.8710
2009   02   2.6609
2009   03   4.4959
2009   04   14.6198
2009   05   48.7191
2009   06   228.5700
2009   07   89.0096
2009   08   135.0653
2009   09   92.3363
2009   10   23.3104
2009   11   33.3227
2009   12   11.1731
2010   01   7.9995
2010   02   7.7234
2010   03   4.5026
2010   04   11.9103
2010   05   59.0945
2010   06   244.4366
2010   07   93.7768
2010   08   31.0896
2010   09   11.9009
2010   10   32.0659
2010   11   15.3833
2010   12   10.9989
2011   01   9.5384
2011   02   2.6416
2011   03   16.5631
2011   04   45.9160
2011   05   41.9739
2011   06   153.1305
2011   07   91.1589
2011   08   118.6251
2011   09   32.9187
2011   10   11.0706
2011   11   15.1743
2011   12   7.9787
2012   01   7.5517
2012   02   7.1580
2012   03   4.6279
2012   04   18.8271
2012   05   204.8232
2012   06   224.1801
2012   07   18.8613
2012   08   118.5634
2012   09   12.0359
2012   10   39.1940
2012   11   23.4779
2012   12   29.6738
2013   01   9.2870
2013   02   1.9981
2013   03   4.0616
2013   04   14.8660
2013   05   104.3280
2013   06   80.7154
2013   07   114.6650
2013   08   55.9700
2013   09   56.0766
2013   10   22.5454
2013   11   21.5014
2013   12   7.1169
2014   01   9.0960
2014   02   1.8081
2014   03   16.4467
2014   04   32.2487
2014   05   83.7875
2014   06   247.1268
2014   07   96.9764
2014   08   61.5601
2014   09   43.0081
2014   10   10.7740
2014   11   18.3157
2014   12   17.3747
2015   01   6.8511
2015   02   2.3450
2015   03   11.0109
2015   04   28.2428
2015   05   73.6781
2015   06   67.0643
2015   07   154.2652
2015   08   159.3501
2015   09   135.8567
2015   10   41.2585
2015   11   15.2796
2015   12   12.0069
2016   01   15.3914
2016   02   1.3052
2016   03   9.6492
2016   04   93.3131
2016   05   100.7232
2016   06   32.9642
2016   07   154.6301
2016   08   28.1650
2016   09   17.3992
2016   10   37.1411
2016   11   13.3032
2016   12   12.5549
2017   01   7.7323
2017   02   4.8033
2017   03   9.4244
2017   04   36.8930
2017   05   64.9352
2017   06   192.8658
2017   07   61.1618
2017   08   110.0842
2017   09   52.1524
2017   10   39.6514
2017   11   23.2047
2017   12   9.6557
2018   01   10.0312
2018   02   2.5491
2018   03   15.4551
2018   04   33.6055
2018   05   84.8043
2018   06   95.1899
2018   07   94.9265
2018   08   45.9978
2018   09   83.1704
2018   10   34.6726
2018   11   16.7451
2018   12   10.0821
2019   01   12.6478
2019   02   3.3958
2019   03   13.9041
2019   04   15.0567
2019   05   86.7426
2019   06   139.2346
2019   07   56.9023
2019   08   37.3386
2019   09   40.0980
2019   10   22.9748
2019   11   8.2557
2019   12   7.9700
2020   01   7.7642
2020   02   1.1870
2020   03   6.1779
2020   04   32.8399
2020   05   27.4468
2020   06   328.7051
2020   07   78.8482
2020   08   38.3861
2020   09   19.3023
2020   10   4.1738
2020   11   5.6375
2020   12   10.2173
2021   01   33.9221
2021   02   2.7347
2021   03   6.1967
2021   04   31.3226
2021   05   68.6109
2021   06   61.7534
2021   07   25.4826
2021   08   70.6464
2021   09   33.1311
2021   10   6.1826
2021   11   5.3805
2021   12   5.5806
2022   01   6.6921
2022   02   3.2218
2022   03   3.6274
2022   04   83.4796
2022   05   36.4407
2022   06   99.9665
2022   07   128.3055
2022   08   36.0787
2022   09   13.9560
2022   10   11.2130
2022   11   12.7475
2022   12   6.2136
2023   01   8.1559
2023   02   1.0040
2023   03   4.2882
2023   04   38.9810
2023   05   29.6987
2023   06   167.6453
2023   07   77.0994
2023   08   154.0779
2023   09   58.5862
2023   10   12.9510
2023   11   17.9087
2023   12   10.7616
2024   01   6.5808
2024   02   1.1203
2024   03   9.1519
2024   04   44.5439
2024   05   62.2307
2024   06   351.3060
2024   07   45.7979
2024   08   79.4689
2024   09   44.5728
2024   10   21.9756
2024   11   8.6461
2024   11   8.6461
2024   12   5.7360
2025   01   6.6608
2025   02   1.0151
2025   03   18.1328
2025   04   26.5360
2025   05   40.1069
2025   06   150.0685
