1991   01   15.4131
1991   02   7.6879
1991   03   18.0549
1991   04   136.9360
1991   05   296.8005
1991   06   142.5742
1991   07   238.8966
1991   08   118.1225
1991   09   112.0398
1991   10   63.9193
1991   11   43.2444
1991   12   108.1208
1992   01   9.9581
1992   02   22.3817
1992   03   41.9597
1992   04   105.6947
1992   05   537.6861
1992   06   404.8633
1992   07   96.3803
1992   08   192.0837
1992   09   115.2167
1992   10   63.4212
1992   11   37.7195
1992   12   59.1466
1993   01   10.4172
1993   02   8.7031
1993   03   35.2791
1993   04   164.0023
1993   05   554.0475
1993   06   318.4489
1993   07   258.3110
1993   08   145.8932
1993   09   24.2368
1993   10   68.3606
1993   11   31.9598
1993   12   23.1829
1994   01   9.2656
1994   02   8.5775
1994   03   16.1883
1994   04   122.4766
1994   05   154.4784
1994   06   366.7789
1994   07   190.1372
1994   08   51.0486
1994   09   136.9068
1994   10   82.7140
1994   11   23.9376
1994   12   43.3090
1995   01   9.1037
1995   02   6.3471
1995   03   16.0657
1995   04   127.6334
1995   05   91.2872
1995   06   265.9745
1995   07   310.1776
1995   08   177.8564
1995   09   29.3492
1995   10   48.6318
1995   11   13.0732
1995   12   11.1123
1996   01   8.6649
1996   02   15.2500
1996   03   18.0529
1996   04   83.2706
1996   05   93.8580
1996   06   174.1620
1996   07   36.0310
1996   08   243.4568
1996   09   28.5042
1996   10   33.8531
1996   11   31.9285
1996   12   30.5276
1997   01   13.7796
1997   02   16.7908
1997   03   9.3979
1997   04   201.6830
1997   05   152.8423
1997   06   426.9441
1997   07   207.4165
1997   08   159.2277
1997   09   118.6747
1997   10   139.1669
1997   11   39.0069
1997   12   21.9543
1998   01   11.1023
1998   02   7.3695
1998   03   14.8152
1998   04   54.2124
1998   05   139.1719
1998   06   71.2292
1998   07   102.3913
1998   08   155.1964
1998   09   36.7020
1998   10   13.8138
1998   11   23.6347
1998   12   20.4110
1999   01   13.9759
1999   02   18.4163
1999   03   26.5222
1999   04   37.9625
1999   05   236.8061
1999   06   272.1420
1999   07   144.1203
1999   08   199.4929
1999   09   150.6090
1999   10   37.3674
1999   11   15.2855
1999   12   14.7095
2000   01   8.6653
2000   02   98.8163
2000   03   20.6098
2000   04   75.3709
2000   05   156.3317
2000   06   676.6740
2000   07   123.9882
2000   08   168.2003
2000   09   191.3160
2000   10   41.8028
2000   11   40.4393
2000   12   28.3732
2001   01   44.2740
2001   02   20.2058
2001   03   29.2811
2001   04   72.3816
2001   05   414.6245
2001   06   154.6509
2001   07   442.7322
2001   08   191.6548
2001   09   34.0193
2001   10   33.1274
2001   11   40.6430
2001   12   10.9553
2002   01   12.3106
2002   02   40.1287
2002   03   82.5341
2002   04   87.0019
2002   05   282.8688
2002   06   194.3432
2002   07   180.5566
2002   08   306.9094
2002   09   118.6821
2002   10   165.0837
2002   11   60.5364
2002   12   30.6227
2003   01   15.2859
2003   02   5.7236
2003   03   16.0798
2003   04   41.8542
2003   05   138.0800
2003   06   322.3404
2003   07   169.6138
2003   08   113.1703
2003   09   119.7953
2003   10   60.3133
2003   11   69.4155
2003   12   23.0569
2004   01   8.6393
2004   02   11.2980
2004   03   63.2010
2004   04   169.7672
2004   05   71.5040
2004   06   355.9361
2004   07   241.4440
2004   08   199.4021
2004   09   89.3898
2004   10   100.7858
2004   11   60.4491
2004   12   38.3218
2005   01   8.8681
2005   02   6.9053
2005   03   39.3900
2005   04   30.6530
2005   05   356.3375
2005   06   488.2106
2005   07   158.6503
2005   08   409.0388
2005   09   47.9284
2005   10   37.3689
2005   11   51.7118
2005   12   43.5462
2006   01   32.9923
2006   02   13.8067
2006   03   17.3758
2006   04   84.0094
2006   05   91.6275
2006   06   360.5615
2006   07   528.5747
2006   08   174.7927
2006   09   85.0419
2006   10   106.1221
2006   11   15.6131
2006   12   92.8628
2007   01   21.3348
2007   02   51.7257
2007   03   30.4479
2007   04   133.2293
2007   05   96.5226
2007   06   142.8867
2007   07   225.5395
2007   08   142.6200
2007   09   57.7246
2007   10   43.0778
2007   11   19.7493
2007   12   46.9469
2008   01   10.5111
2008   02   15.3013
2008   03   15.9854
2008   04   59.2914
2008   05   287.9100
2008   06   107.3220
2008   07   207.3851
2008   08   168.0753
2008   09   64.3038
2008   10   31.5820
2008   11   27.6842
2008   12   15.0615
2009   01   13.5760
2009   02   24.1682
2009   03   12.4787
2009   04   37.3501
2009   05   220.8182
2009   06   262.0659
2009   07   130.6047
2009   08   302.8908
2009   09   52.6181
2009   10   66.2774
2009   11   54.8808
2009   12   20.0035
2010   01   15.5221
2010   02   47.8948
2010   03   15.3338
2010   04   19.8279
2010   05   84.3848
2010   06   226.9369
2010   07   230.7322
2010   08   107.0191
2010   09   22.4212
2010   10   64.4926
2010   11   27.0353
2010   12   23.7412
2011   01   20.8964
2011   02   9.0999
2011   03   34.3238
2011   04   139.3078
2011   05   119.7526
2011   06   215.6417
2011   07   104.5212
2011   08   193.9681
2011   09   73.8339
2011   10   28.9326
2011   11   29.9428
2011   12   14.3108
2012   01   16.5825
2012   02   45.1583
2012   03   14.7901
2012   04   23.8265
2012   05   295.5209
2012   06   263.6066
2012   07   55.0390
2012   08   227.3694
2012   09   28.4880
2012   10   68.6574
2012   11   56.8559
2012   12   95.2381
2013   01   10.1577
2013   02   6.8544
2013   03   20.5458
2013   04   32.9202
2013   05   153.1865
2013   06   99.4408
2013   07   102.0365
2013   08   137.8844
2013   09   83.1976
2013   10   47.5536
2013   11   41.8068
2013   12   11.5736
2014   01   14.9626
2014   02   9.1474
2014   03   65.7346
2014   04   46.9793
2014   05   223.9926
2014   06   233.1638
2014   07   171.3629
2014   08   100.9339
2014   09   88.0325
2014   10   33.6294
2014   11   28.0919
2014   12   27.2072
2015   01   8.2413
2015   02   21.9332
2015   03   21.3145
2015   04   48.2543
2015   05   163.3967
2015   06   151.8580
2015   07   297.2782
2015   08   248.6733
2015   09   114.3205
2015   10   90.0769
2015   11   30.4325
2015   12   29.2731
2016   01   18.6029
2016   02   5.0416
2016   03   22.3955
2016   04   111.9021
2016   05   99.2944
2016   06   31.2094
2016   07   215.3259
2016   08   96.7638
2016   09   32.0977
2016   10   83.0550
2016   11   29.3649
2016   12   37.9336
2017   01   9.2538
2017   02   15.1985
2017   03   30.6951
2017   04   73.8667
2017   05   114.0436
2017   06   237.3422
2017   07   76.0574
2017   08   255.0584
2017   09   76.8202
2017   10   93.0319
2017   11   43.1716
2017   12   21.3351
2018   01   15.9897
2018   02   17.3767
2018   03   43.0414
2018   04   100.3528
2018   05   157.9879
2018   06   128.4993
2018   07   100.4080
2018   08   92.9878
2018   09   137.0867
2018   10   94.7966
2018   11   55.2938
2018   12   28.6739
2019   01   18.2555
2019   02   14.1442
2019   03   18.1343
2019   04   27.5702
2019   05   160.5509
2019   06   279.8845
2019   07   111.3456
2019   08   74.6363
2019   09   41.4435
2019   10   57.3904
2019   11   16.0656
2019   12   12.0825
2020   01   10.0782
2020   02   2.9526
2020   03   19.1677
2020   04   65.3162
2020   05   73.8521
2020   06   281.0350
2020   07   178.8243
2020   08   80.0858
2020   09   28.2131
2020   10   25.0325
2020   11   10.7345
2020   12   17.7314
2021   01   48.0328
2021   02   7.8625
2021   03   12.3635
2021   04   63.0278
2021   05   167.7151
2021   06   102.9820
2021   07   93.8214
2021   08   125.1742
2021   09   57.8587
2021   10   24.0808
2021   11   11.6172
2021   12   9.3986
2022   01   7.8625
2022   02   5.1860
2022   03   17.2477
2022   04   209.6250
2022   05   90.8433
2022   06   194.2974
2022   07   165.8828
2022   08   116.7619
2022   09   25.0659
2022   10   33.9571
2022   11   26.7188
2022   12   10.4538
2023   01   9.7145
2023   02   2.1015
2023   03   13.0747
2023   04   99.2114
2023   05   85.9666
2023   06   162.7849
2023   07   119.1950
2023   08   311.4494
2023   09   85.9738
2023   10   34.9992
2023   11   42.5952
2023   12   10.5968
2024   01   5.4743
2024   02   3.1082
2024   03   30.4309
2024   04   100.9915
2024   05   153.0997
2024   06   367.5033
2024   07   46.4248
2024   08   129.5350
2024   09   83.8265
2024   10   47.4909
2024   11   19.8689
2024   11   19.8689
2024   12   8.7639
2025   01   6.0929
2025   02   2.1423
2025   03   52.6016
2025   04   86.6606
2025   05   137.4056
2025   06   162.5938
