1991   01   120.7123
1991   02   119.4343
1991   03   207.0845
1991   04   223.7877
1991   05   112.3764
1991   06   96.2533
1991   07   108.6615
1991   08   166.2853
1991   09   199.6436
1991   10   52.0247
1991   11   69.4379
1991   12   97.1029
1992   01   52.6374
1992   02   139.3934
1992   03   255.9459
1992   04   89.6351
1992   05   158.4130
1992   06   141.9318
1992   07   74.9530
1992   08   121.2917
1992   09   169.3634
1992   10   169.0416
1992   11   57.0811
1992   12   113.7069
1993   01   162.4716
1993   02   198.2010
1993   03   515.7521
1993   04   379.4267
1993   05   326.0331
1993   06   116.0358
1993   07   163.6867
1993   08   111.3061
1993   09   87.3696
1993   10   184.5984
1993   11   61.3397
1993   12   78.5450
1994   01   170.5970
1994   02   214.8499
1994   03   337.6667
1994   04   341.4089
1994   05   180.0516
1994   06   183.4190
1994   07   86.5472
1994   08   89.2228
1994   09   217.2107
1994   10   98.6335
1994   11   78.4817
1994   12   97.6714
1995   01   170.8527
1995   02   118.4194
1995   03   398.6154
1995   04   277.0060
1995   05   192.6216
1995   06   206.1668
1995   07   210.5439
1995   08   79.1332
1995   09   60.0071
1995   10   145.5754
1995   11   44.4168
1995   12   48.9165
1996   01   99.5583
1996   02   234.8168
1996   03   378.7624
1996   04   169.9929
1996   05   267.7924
1996   06   137.3235
1996   07   116.1826
1996   08   173.3909
1996   09   91.4787
1996   10   70.4079
1996   11   138.8882
1996   12   63.2577
1997   01   237.8141
1997   02   124.5300
1997   03   104.8018
1997   04   639.1694
1997   05   196.3792
1997   06   127.8921
1997   07   200.8527
1997   08   162.8430
1997   09   65.4890
1997   10   99.1158
1997   11   60.6129
1997   12   45.8237
1998   01   134.3397
1998   02   100.2919
1998   03   149.2770
1998   04   253.6034
1998   05   406.4895
1998   06   146.7884
1998   07   468.3260
1998   08   140.9843
1998   09   86.2700
1998   10   138.0908
1998   11   48.8357
1998   12   56.7987
1999   01   81.3777
1999   02   175.2952
1999   03   127.5890
1999   04   155.1977
1999   05   101.5177
1999   06   202.9680
1999   07   122.5088
1999   08   172.7117
1999   09   195.9034
1999   10   30.8075
1999   11   57.6628
1999   12   38.8043
2000   01   70.3973
2000   02   183.6154
2000   03   281.0240
2000   04   430.8904
2000   05   112.4459
2000   06   228.5546
2000   07   190.2070
2000   08   53.6053
2000   09   262.1745
2000   10   237.9159
2000   11   67.6549
2000   12   235.9702
2001   01   545.9999
2001   02   216.7604
2001   03   316.7987
2001   04   200.4362
2001   05   242.4705
2001   06   238.5775
2001   07   184.1628
2001   08   174.8900
2001   09   65.2171
2001   10   49.6494
2001   11   84.0782
2001   12   66.3644
2002   01   243.1286
2002   02   245.0740
2002   03   426.2102
2002   04   446.2865
2002   05   356.7165
2002   06   67.2577
2002   07   182.6847
2002   08   175.1914
2002   09   272.7812
2002   10   311.9322
2002   11   85.5719
2002   12   104.5263
2003   01   392.4074
2003   02   181.8048
2003   03   326.9047
2003   04   411.3657
2003   05   299.7164
2003   06   308.2921
2003   07   94.0534
2003   08   159.3490
2003   09   198.6998
2003   10   357.4196
2003   11   84.7407
2003   12   115.1066
2004   01   136.0351
2004   02   146.3686
2004   03   381.4264
2004   04   905.1753
2004   05   62.2049
2004   06   338.3354
2004   07   160.1117
2004   08   64.7808
2004   09   283.4615
2004   10   92.4133
2004   11   132.3998
2004   12   165.9339
2005   01   112.6956
2005   02   151.6720
2005   03   438.2377
2005   04   539.0186
2005   05   332.1804
2005   06   456.4504
2005   07   127.0889
2005   08   121.2750
2005   09   112.0839
2005   10   261.9620
2005   11   102.6172
2005   12   61.7916
2006   01   463.2230
2006   02   280.0914
2006   03   296.8606
2006   04   771.1488
2006   05   276.9413
2006   06   158.2775
2006   07   169.4408
2006   08   116.9960
2006   09   164.5955
2006   10   316.8364
2006   11   106.5820
2006   12   186.4153
2007   01   99.1903
2007   02   226.5092
2007   03   222.6736
2007   04   440.2182
2007   05   120.5187
2007   06   231.1131
2007   07   80.4007
2007   08   82.7852
2007   09   139.3063
2007   10   246.4267
2007   11   53.8038
2007   12   41.4596
2008   01   115.8253
2008   02   143.8532
2008   03   112.3016
2008   04   291.7950
2008   05   217.0933
2008   06   222.2524
2008   07   148.6502
2008   08   127.2460
2008   09   85.3491
2008   10   92.0227
2008   11   120.6138
2008   12   57.3923
2009   01   113.6851
2009   02   229.4265
2009   03   248.0078
2009   04   483.2448
2009   05   312.6528
2009   06   161.1536
2009   07   102.2324
2009   08   227.2852
2009   09   78.0601
2009   10   105.5758
2009   11   105.0672
2009   12   136.5368
2010   01   336.8330
2010   02   259.4758
2010   03   126.7728
2010   04   223.3576
2010   05   150.7928
2010   06   422.1879
2010   07   251.1827
2010   08   114.7037
2010   09   87.3059
2010   10   168.0449
2010   11   127.4175
2010   12   75.3917
2011   01   227.2833
2011   02   242.5262
2011   03   537.7869
2011   04   345.8890
2011   05   204.4480
2011   06   205.3939
2011   07   202.2721
2011   08   126.3081
2011   09   197.8772
2011   10   139.8306
2011   11   97.4832
2011   12   33.7299
2012   01   155.3622
2012   02   252.9823
2012   03   292.2065
2012   04   224.6295
2012   05   309.1619
2012   06   291.7037
2012   07   159.5820
2012   08   31.2660
2012   09   18.0896
2012   10   11.6287
2012   11   0.0000
2012   12   0.0000
2013   01   0.0000
2013   02   0.0000
2013   03   0.0000
2013   04   0.0000
2013   05   85.9201
2013   06   0.0000
2013   07   0.0000
2013   08   0.0000
2013   09   0.0000
2013   10   44.9374
2013   11   0.0000
2013   12   0.0000
2014   01   0.0000
2014   02   0.0000
2014   03   0.0000
2014   04   0.0000
2014   05   0.0000
2014   06   0.0000
2014   07   0.0000
2014   08   0.0000
2014   09   0.0000
2014   10   0.0000
2014   11   0.0000
2014   12   0.0000
2015   01   0.0000
2015   02   0.0000
2015   03   0.0000
2015   04   0.0000
2015   05   0.0000
2015   06   0.0000
2015   07   0.0000
2015   08   0.0000
2015   09   0.0000
2015   10   0.0000
2015   11   0.0000
2015   12   0.0000
2016   01   0.0000
2016   02   0.0000
2016   03   0.0000
2016   04   0.0000
2016   05   0.0000
2016   06   0.0000
2016   07   0.0000
2016   08   0.0000
2016   09   0.0000
2016   10   0.0000
2016   11   0.0000
2016   12   0.0000
2017   01   0.0000
2017   02   0.0000
2017   03   0.0000
2017   04   0.0000
2017   05   0.0000
2017   06   0.0000
2017   07   0.0000
2017   08   0.0000
2017   09   0.0000
2017   10   0.0000
2017   11   0.0000
2017   12   0.0000
2018   01   137.6331
2018   02   132.8610
2018   03   212.0983
2018   04   835.2650
2018   05   124.0002
2018   06   176.6979
2018   07   46.1859
2018   08   93.8380
2018   09   248.1198
2018   10   30.3027
2018   11   70.3943
2018   12   55.4300
2019   01   105.8871
2019   02   168.5857
2019   03   253.1408
2019   04   413.1583
2019   05   118.6968
2019   06   172.0123
2019   07   147.0817
2019   08   117.6649
2019   09   54.4731
2019   10   58.6968
2019   11   132.2777
2019   12   106.3009
2020   01   139.2118
2020   02   204.4779
2020   03   131.0574
2020   04   202.5217
2020   05   195.1617
2020   06   339.1428
2020   07   172.9477
2020   08   111.9082
2020   09   73.7828
2020   10   41.3457
2020   11   69.2804
2020   12   57.0418
2021   01   195.3976
2021   02   117.2735
2021   03   146.0192
2021   04   486.0699
2021   05   115.0732
2021   06   146.5312
2021   07   171.0506
2021   08   110.6827
2021   09   64.1468
2021   10   92.3415
2021   11   48.2929
2021   12   47.4960
2022   01   142.3098
2022   02   245.8795
2022   03   199.7738
2022   04   305.1791
2022   05   172.0952
2022   06   108.2912
2022   07   148.5088
2022   08   160.5357
2022   09   149.6570
2022   10   58.5514
2022   11   33.4698
2022   12   116.5162
2023   01   145.0975
2023   02   121.2016
2023   03   466.3215
2023   04   203.7390
2023   05   156.8470
2023   06   212.6050
2023   07   226.8090
2023   08   134.6006
2023   09   107.4665
2023   10   79.7543
2023   11   48.9666
2023   12   103.6504
2024   01   63.6519
2024   02   127.7521
2024   03   336.4555
2024   04   348.5144
2024   05   92.2275
2024   06   284.4317
2024   07   107.2700
2024   08   97.2139
2024   09   132.1935
2024   10   18.6562
2024   11   93.6292
2024   11   93.6292
2024   12   105.0262
2025   01   109.9683
2025   02   215.8523
2025   03   586.7411
2025   04   256.5565
2025   05   189.6321
2025   06   113.1762
