1991   01   16.1791
1991   02   12.1948
1991   03   5.5843
1991   04   15.1330
1991   05   98.5940
1991   06   95.4915
1991   07   136.5716
1991   08   45.5473
1991   09   56.8836
1991   10   17.1849
1991   11   18.7750
1991   12   11.7625
1992   01   16.1959
1992   02   12.4677
1992   03   13.4752
1992   04   33.9562
1992   05   157.0033
1992   06   79.8834
1992   07   34.3625
1992   08   68.1530
1992   09   24.2763
1992   10   10.0071
1992   11   35.7236
1992   12   11.0015
1993   01   17.3189
1993   02   24.7743
1993   03   6.6595
1993   04   54.9473
1993   05   150.8491
1993   06   80.9101
1993   07   98.5892
1993   08   40.1270
1993   09   19.2339
1993   10   14.7456
1993   11   19.9621
1993   12   6.6754
1994   01   17.5484
1994   02   16.7189
1994   03   5.8692
1994   04   26.3269
1994   05   51.9965
1994   06   75.0829
1994   07   98.4210
1994   08   20.1406
1994   09   38.7181
1994   10   20.0593
1994   11   21.5585
1994   12   15.1979
1995   01   19.2209
1995   02   16.2756
1995   03   9.8561
1995   04   32.4201
1995   05   17.8418
1995   06   61.3160
1995   07   110.5378
1995   08   56.4004
1995   09   40.7200
1995   10   11.3891
1995   11   17.0379
1995   12   6.5667
1996   01   17.6196
1996   02   16.2242
1996   03   6.8768
1996   04   35.2793
1996   05   54.9637
1996   06   56.6019
1996   07   63.8771
1996   08   24.5374
1996   09   15.5562
1996   10   13.1686
1996   11   15.5038
1996   12   7.1851
1997   01   19.2016
1997   02   16.1528
1997   03   9.1614
1997   04   14.7738
1997   05   112.0947
1997   06   266.1057
1997   07   89.4518
1997   08   72.2923
1997   09   33.9493
1997   10   41.5659
1997   11   28.4693
1997   12   9.0124
1998   01   18.9414
1998   02   16.4136
1998   03   9.7761
1998   04   41.2015
1998   05   39.9568
1998   06   43.8549
1998   07   30.7753
1998   08   20.4652
1998   09   45.8442
1998   10   5.9392
1998   11   30.8289
1998   12   6.7990
1999   01   19.1479
1999   02   23.0172
1999   03   7.9994
1999   04   40.5215
1999   05   31.0692
1999   06   60.2882
1999   07   45.9899
1999   08   133.9716
1999   09   67.0162
1999   10   32.8331
1999   11   14.7457
1999   12   8.3374
2000   01   17.2269
2000   02   12.5168
2000   03   5.2303
2000   04   56.6090
2000   05   52.6882
2000   06   242.8753
2000   07   50.1046
2000   08   16.7649
2000   09   98.7652
2000   10   11.3648
2000   11   34.4083
2000   12   10.4110
2001   01   14.6613
2001   02   11.9624
2001   03   9.1433
2001   04   30.6004
2001   05   86.0361
2001   06   39.2462
2001   07   264.4057
2001   08   75.3293
2001   09   34.8528
2001   10   12.8450
2001   11   18.0245
2001   12   8.2672
2002   01   14.3928
2002   02   11.6945
2002   03   7.6958
2002   04   32.8089
2002   05   246.2652
2002   06   150.6622
2002   07   89.9478
2002   08   118.5832
2002   09   50.2223
2002   10   24.8623
2002   11   18.8536
2002   12   10.1141
2003   01   12.9392
2003   02   11.3205
2003   03   7.8214
2003   04   20.5589
2003   05   92.4266
2003   06   80.8479
2003   07   68.8681
2003   08   29.8984
2003   09   40.5653
2003   10   11.1444
2003   11   46.4681
2003   12   8.9416
2004   01   18.3428
2004   02   15.2797
2004   03   8.6899
2004   04   41.2315
2004   05   27.5020
2004   06   67.9488
2004   07   126.8271
2004   08   48.0163
2004   09   32.3462
2004   10   12.1806
2004   11   90.7340
2004   12   8.7493
2005   01   14.0880
2005   02   16.0675
2005   03   17.3443
2005   04   15.6295
2005   05   122.2402
2005   06   144.3374
2005   07   79.5409
2005   08   136.7171
2005   09   26.8316
2005   10   10.7705
2005   11   39.2870
2005   12   5.6553
2006   01   14.6678
2006   02   11.5105
2006   03   4.4889
2006   04   15.1197
2006   05   53.4728
2006   06   132.7936
2006   07   229.7086
2006   08   122.2891
2006   09   38.3581
2006   10   47.8389
2006   11   17.3481
2006   12   5.6015
2007   01   16.4301
2007   02   21.2549
2007   03   13.2559
2007   04   19.5836
2007   05   60.0484
2007   06   113.8964
2007   07   73.0590
2007   08   53.1921
2007   09   14.9651
2007   10   13.5130
2007   11   14.5373
2007   12   4.6693
2008   01   14.3935
2008   02   11.5096
2008   03   6.3354
2008   04   24.7536
2008   05   153.3906
2008   06   63.9804
2008   07   85.2812
2008   08   103.8419
2008   09   27.5783
2008   10   8.7706
2008   11   13.7590
2008   12   4.4694
2009   01   16.2919
2009   02   12.4778
2009   03   4.5358
2009   04   9.7466
2009   05   34.0889
2009   06   83.0791
2009   07   60.8097
2009   08   85.1180
2009   09   38.6811
2009   10   21.7418
2009   11   19.8055
2009   12   4.4665
2010   01   17.4282
2010   02   11.2420
2010   03   4.3431
2010   04   12.2404
2010   05   78.7932
2010   06   60.4764
2010   07   56.6257
2010   08   25.8829
2010   09   18.9454
2010   10   15.3470
2010   11   30.7036
2010   12   4.5022
2011   01   14.4648
2011   02   13.2461
2011   03   5.5490
2011   04   18.5736
2011   05   14.2841
2011   06   55.9126
2011   07   64.9296
2011   08   69.2380
2011   09   12.8125
2011   10   8.2390
2011   11   20.3873
2011   12   4.4455
2012   01   14.3650
2012   02   13.2443
2012   03   4.2886
2012   04   24.4842
2012   05   78.8593
2012   06   79.3978
2012   07   26.7115
2012   08   51.9352
2012   09   26.4375
2012   10   39.8069
2012   11   20.3547
2012   12   9.5455
2013   01   19.3222
2013   02   14.2871
2013   03   13.2199
2013   04   12.3390
2013   05   103.5578
2013   06   28.3364
2013   07   48.3998
2013   08   38.4559
2013   09   25.7621
2013   10   13.4179
2013   11   18.4172
2013   12   8.1812
2014   01   16.3411
2014   02   25.5531
2014   03   8.2463
2014   04   13.7545
2014   05   53.2782
2014   06   62.0934
2014   07   57.8228
2014   08   56.1656
2014   09   51.5494
2014   10   15.9950
2014   11   29.1419
2014   12   12.6303
2015   01   16.1120
2015   02   15.4444
2015   03   18.5356
2015   04   13.4536
2015   05   26.9231
2015   06   14.1995
2015   07   71.0725
2015   08   115.5797
2015   09   43.8685
2015   10   45.2249
2015   11   29.4309
2015   12   13.3108
2016   01   23.1105
2016   02   13.4820
2016   03   9.1915
2016   04   147.6972
2016   05   72.1568
2016   06   40.7942
2016   07   92.7565
2016   08   19.5107
2016   09   12.8524
2016   10   23.5908
2016   11   18.6731
2016   12   20.3461
2017   01   16.1265
2017   02   21.9074
2017   03   7.7437
2017   04   32.8491
2017   05   83.2659
2017   06   69.8922
2017   07   54.3090
2017   08   59.6056
2017   09   28.3524
2017   10   33.1390
2017   11   25.6451
2017   12   8.0980
2018   01   18.6408
2018   02   13.4066
2018   03   8.6759
2018   04   14.8408
2018   05   51.7716
2018   06   41.0414
2018   07   60.7224
2018   08   24.0980
2018   09   44.3853
2018   10   18.1308
2018   11   16.2664
2018   12   12.5108
2019   01   17.9050
2019   02   13.4252
2019   03   11.1829
2019   04   32.9590
2019   05   41.6481
2019   06   46.4167
2019   07   37.8405
2019   08   19.5534
2019   09   19.8180
2019   10   15.4985
2019   11   11.5317
2019   12   9.2637
2020   01   15.7836
2020   02   12.6752
2020   03   7.0301
2020   04   17.6738
2020   05   24.5758
2020   06   114.3368
2020   07   86.6716
2020   08   20.1941
2020   09   11.6781
2020   10   4.3641
2020   11   19.5662
2020   12   8.0093
2021   01   75.6245
2021   02   18.6056
2021   03   7.3101
2021   04   7.5694
2021   05   43.5090
2021   06   29.5441
2021   07   16.3798
2021   08   32.5369
2021   09   30.3958
2021   10   8.6931
2021   11   12.4880
2021   12   7.3636
2022   01   19.7919
2022   02   27.9246
2022   03   6.5533
2022   04   42.1983
2022   05   18.9073
2022   06   31.0792
2022   07   99.5278
2022   08   24.2129
2022   09   18.5741
2022   10   3.6422
2022   11   14.4586
2022   12   7.5215
2023   01   16.5027
2023   02   11.8713
2023   03   6.8397
2023   04   16.9145
2023   05   28.3502
2023   06   45.9034
2023   07   47.4694
2023   08   88.7950
2023   09   120.3370
2023   10   9.9116
2023   11   50.9671
2023   12   9.9677
2024   01   16.0825
2024   02   15.0437
2024   03   7.0134
2024   04   9.8938
2024   05   173.0767
2024   06   152.1762
2024   07   31.3487
2024   08   87.0155
2024   09   23.9439
2024   10   17.5794
2024   11   11.1015
2024   11   11.1015
2024   12   8.0021
2025   01   13.9315
2025   02   10.5199
2025   03   10.9154
2025   04   7.6390
2025   05   117.1658
2025   06   72.5176
