1991   01   0.9185
1991   02   8.3522
1991   03   3.9573
1991   04   4.3024
1991   05   93.6044
1991   06   137.0754
1991   07   106.0505
1991   08   62.9651
1991   09   14.8005
1991   10   14.7589
1991   11   6.6821
1991   12   4.1167
1992   01   0.9185
1992   02   8.7711
1992   03   10.4335
1992   04   11.2268
1992   05   247.1555
1992   06   135.1601
1992   07   10.8328
1992   08   80.7906
1992   09   10.4930
1992   10   6.7434
1992   11   8.0159
1992   12   3.2726
1993   01   0.9931
1993   02   17.6422
1993   03   4.4499
1993   04   13.6576
1993   05   119.1739
1993   06   60.5298
1993   07   46.1999
1993   08   41.9699
1993   09   6.5747
1993   10   11.8671
1993   11   6.2102
1993   12   2.6621
1994   01   1.0362
1994   02   12.0528
1994   03   4.9016
1994   04   6.5335
1994   05   47.8200
1994   06   65.6275
1994   07   50.5231
1994   08   21.6021
1994   09   10.9338
1994   10   14.7938
1994   11   5.5758
1994   12   4.3550
1995   01   1.0351
1995   02   11.9383
1995   03   5.3919
1995   04   10.6153
1995   05   28.0135
1995   06   67.7072
1995   07   58.4139
1995   08   38.7462
1995   09   11.0680
1995   10   8.6680
1995   11   6.2932
1995   12   2.6271
1996   01   1.0289
1996   02   11.9356
1996   03   5.0179
1996   04   10.0976
1996   05   38.5575
1996   06   37.2200
1996   07   49.5782
1996   08   24.1101
1996   09   5.0308
1996   10   11.3130
1996   11   6.2300
1996   12   2.8367
1997   01   1.0548
1997   02   12.1861
1997   03   4.8880
1997   04   5.1636
1997   05   113.8965
1997   06   279.4502
1997   07   93.7094
1997   08   118.4742
1997   09   15.0181
1997   10   28.2480
1997   11   15.3214
1997   12   2.7754
1998   01   1.0328
1998   02   11.8575
1998   03   6.5120
1998   04   13.6146
1998   05   53.9016
1998   06   50.2697
1998   07   8.5094
1998   08   23.8853
1998   09   11.9383
1998   10   6.0178
1998   11   7.2644
1998   12   2.6895
1999   01   1.0336
1999   02   11.9787
1999   03   5.4417
1999   04   9.4760
1999   05   21.9079
1999   06   41.3409
1999   07   21.6943
1999   08   116.0009
1999   09   42.0409
1999   10   15.2106
1999   11   5.4081
1999   12   2.5360
2000   01   0.9819
2000   02   10.7706
2000   03   3.3616
2000   04   14.7269
2000   05   52.0338
2000   06   275.7912
2000   07   15.3172
2000   08   14.7633
2000   09   36.2756
2000   10   13.5294
2000   11   9.2960
2000   12   2.6284
2001   01   1.0349
2001   02   10.4248
2001   03   3.5756
2001   04   8.5531
2001   05   104.9727
2001   06   39.4893
2001   07   192.0049
2001   08   99.5274
2001   09   12.4202
2001   10   11.1366
2001   11   5.0155
2001   12   2.6748
2002   01   0.9827
2002   02   9.9127
2002   03   5.4560
2002   04   10.4728
2002   05   209.6616
2002   06   170.2310
2002   07   70.5863
2002   08   168.5458
2002   09   23.3196
2002   10   13.0025
2002   11   4.7792
2002   12   3.7405
2003   01   0.8836
2003   02   9.6165
2003   03   3.4677
2003   04   5.8522
2003   05   104.6446
2003   06   101.7850
2003   07   50.2001
2003   08   38.2180
2003   09   11.9536
2003   10   9.4817
2003   11   16.5356
2003   12   2.9963
2004   01   0.9825
2004   02   9.0279
2004   03   5.7415
2004   04   12.1479
2004   05   37.9940
2004   06   95.5176
2004   07   85.8061
2004   08   64.3477
2004   09   9.1539
2004   10   9.2444
2004   11   38.8289
2004   12   2.5890
2005   01   0.9525
2005   02   9.5960
2005   03   14.5838
2005   04   4.3619
2005   05   116.7695
2005   06   182.6681
2005   07   52.8750
2005   08   164.5630
2005   09   10.4306
2005   10   12.7229
2005   11   12.4044
2005   12   2.4079
2006   01   1.0329
2006   02   10.0222
2006   03   3.3790
2006   04   4.4129
2006   05   47.1074
2006   06   108.4376
2006   07   139.2747
2006   08   81.1882
2006   09   9.2481
2006   10   42.1735
2006   11   5.6566
2006   12   2.1899
2007   01   1.0355
2007   02   17.9268
2007   03   6.7502
2007   04   4.8426
2007   05   31.7113
2007   06   89.2005
2007   07   39.9408
2007   08   58.6388
2007   09   4.3983
2007   10   9.7668
2007   11   4.1058
2007   12   2.3737
2008   01   0.9828
2008   02   9.6688
2008   03   3.5713
2008   04   5.1360
2008   05   138.1322
2008   06   66.4776
2008   07   60.2577
2008   08   131.7782
2008   09   7.7760
2008   10   6.1774
2008   11   3.9581
2008   12   2.1994
2009   01   0.9826
2009   02   9.5383
2009   03   3.4690
2009   04   2.6360
2009   05   41.8065
2009   06   101.4690
2009   07   36.5638
2009   08   86.4646
2009   09   21.3595
2009   10   14.3154
2009   11   5.1446
2009   12   2.1994
2010   01   0.9721
2010   02   9.4671
2010   03   3.3790
2010   04   3.4212
2010   05   78.3458
2010   06   60.9952
2010   07   24.5845
2010   08   29.4870
2010   09   6.7394
2010   10   12.7179
2010   11   9.2110
2010   12   2.2099
2011   01   0.9948
2011   02   10.7310
2011   03   3.9607
2011   04   5.1352
2011   05   11.1145
2011   06   67.2691
2011   07   30.9944
2011   08   107.8811
2011   09   3.2219
2011   10   6.1624
2011   11   5.1202
2011   12   2.1994
2012   01   0.9828
2012   02   9.7728
2012   03   3.3672
2012   04   6.1889
2012   05   102.1366
2012   06   85.8570
2012   07   10.7690
2012   08   76.0317
2012   09   5.0199
2012   10   27.0421
2012   11   5.6053
2012   12   3.0923
2013   01   1.1019
2013   02   11.8319
2013   03   6.4858
2013   04   3.2841
2013   05   144.0328
2013   06   27.8542
2013   07   27.0034
2013   08   53.0086
2013   09   14.8350
2013   10   13.5762
2013   11   5.2288
2013   12   2.2637
2014   01   1.0588
2014   02   20.9057
2014   03   4.3885
2014   04   4.2629
2014   05   48.4743
2014   06   67.6260
2014   07   47.4156
2014   08   59.6486
2014   09   25.6139
2014   10   12.4232
2014   11   10.1162
2014   12   2.3105
2015   01   1.0444
2015   02   13.2670
2015   03   9.3211
2015   04   4.1366
2015   05   29.8211
2015   06   11.6608
2015   07   58.9469
2015   08   168.9156
2015   09   15.6592
2015   10   37.2408
2015   11   10.2707
2015   12   3.6329
2016   01   0.9219
2016   02   10.6574
2016   03   5.4195
2016   04   42.8442
2016   05   77.3741
2016   06   43.8211
2016   07   88.2949
2016   08   17.0447
2016   09   4.2436
2016   10   20.7863
2016   11   4.8721
2016   12   6.5971
2017   01   1.0454
2017   02   15.1186
2017   03   4.6222
2017   04   6.5723
2017   05   100.5352
2017   06   87.6451
2017   07   30.3117
2017   08   87.9335
2017   09   9.8947
2017   10   24.3186
2017   11   9.0359
2017   12   2.2704
2018   01   1.0396
2018   02   10.6613
2018   03   4.4070
2018   04   5.4917
2018   05   56.2850
2018   06   39.2748
2018   07   29.3360
2018   08   28.5009
2018   09   14.4939
2018   10   15.9123
2018   11   3.7994
2018   12   3.9834
2019   01   1.0439
2019   02   10.6981
2019   03   6.9891
2019   04   9.1825
2019   05   44.2650
2019   06   33.7703
2019   07   27.0584
2019   08   23.9921
2019   09   10.6217
2019   10   12.9741
2019   11   2.6726
2019   12   2.6310
2020   01   1.0347
2020   02   9.7528
2020   03   3.7406
2020   04   4.2791
2020   05   14.9634
2020   06   126.4159
2020   07   44.4761
2020   08   16.6203
2020   09   4.2542
2020   10   4.4219
2020   11   7.2458
2020   12   2.2441
2021   01   2.3758
2021   02   10.0757
2021   03   3.5084
2021   04   2.6658
2021   05   29.5274
2021   06   32.5858
2021   07   4.0281
2021   08   38.9382
2021   09   10.1577
2021   10   11.1785
2021   11   3.2047
2021   12   2.0206
2022   01   1.2326
2022   02   19.9721
2022   03   3.4887
2022   04   15.1206
2022   05   16.0161
2022   06   36.1646
2022   07   50.8257
2022   08   27.5876
2022   09   6.7486
2022   10   4.3306
2022   11   5.0987
2022   12   2.0961
2023   01   1.1004
2023   02   9.6450
2023   03   3.4625
2023   04   4.8659
2023   05   27.7630
2023   06   53.0707
2023   07   33.7077
2023   08   124.7558
2023   09   35.2877
2023   10   7.0604
2023   11   17.6415
2023   12   2.2599
2024   01   1.0349
2024   02   12.0999
2024   03   3.3961
2024   04   2.5111
2024   05   116.4460
2024   06   159.4552
2024   07   24.6422
2024   08   120.4218
2024   09   7.7283
2024   10   13.7390
2024   11   2.6744
2024   11   2.6744
2024   12   1.9890
2025   01   1.0102
2025   02   8.9883
2025   03   6.3317
2025   04   2.1949
2025   05   77.6476
2025   06   60.5342
