1991   01   75.2333
1991   02   35.5108
1991   03   126.3435
1991   04   127.7217
1991   05   388.2743
1991   06   97.9395
1991   07   333.5945
1991   08   196.7667
1991   09   188.9341
1991   10   287.2789
1991   11   208.8068
1991   12   350.7226
1992   01   61.8399
1992   02   54.3794
1992   03   161.8412
1992   04   241.9969
1992   05   298.5407
1992   06   191.8282
1992   07   98.7948
1992   08   91.3500
1992   09   186.1957
1992   10   671.5649
1992   11   276.8785
1992   12   271.1622
1993   01   74.0286
1993   02   36.1528
1993   03   659.3499
1993   04   232.2367
1993   05   365.6653
1993   06   323.4092
1993   07   304.6716
1993   08   214.9751
1993   09   68.9109
1993   10   300.2766
1993   11   345.6551
1993   12   182.5916
1994   01   75.3452
1994   02   40.9450
1994   03   154.7293
1994   04   289.2407
1994   05   545.1320
1994   06   310.0511
1994   07   273.2692
1994   08   204.5694
1994   09   284.8856
1994   10   328.2365
1994   11   285.7934
1994   12   238.8806
1995   01   102.0988
1995   02   46.7599
1995   03   103.5196
1995   04   230.7239
1995   05   198.6238
1995   06   305.7863
1995   07   333.5685
1995   08   321.2556
1995   09   146.0525
1995   10   235.8567
1995   11   159.0712
1995   12   143.9723
1996   01   84.9618
1996   02   43.9282
1996   03   221.6479
1996   04   188.0750
1996   05   278.7395
1996   06   111.0206
1996   07   148.5826
1996   08   342.7942
1996   09   74.7091
1996   10   261.3261
1996   11   236.9980
1996   12   184.3272
1997   01   140.7652
1997   02   64.6867
1997   03   123.6607
1997   04   462.2949
1997   05   169.7704
1997   06   215.7943
1997   07   339.7137
1997   08   263.9356
1997   09   116.8939
1997   10   288.0024
1997   11   345.2509
1997   12   186.0660
1998   01   57.7905
1998   02   47.2725
1998   03   200.6021
1998   04   190.9890
1998   05   248.5446
1998   06   114.7889
1998   07   216.1581
1998   08   120.7827
1998   09   106.2623
1998   10   145.8315
1998   11   206.5643
1998   12   142.1886
1999   01   75.8177
1999   02   34.2320
1999   03   197.6146
1999   04   88.4174
1999   05   142.9907
1999   06   228.1194
1999   07   244.6025
1999   08   313.9730
1999   09   166.2509
1999   10   166.0352
1999   11   325.1979
1999   12   121.4641
2000   01   66.2043
2000   02   78.4002
2000   03   123.3155
2000   04   155.7368
2000   05   141.2183
2000   06   366.8294
2000   07   406.8504
2000   08   168.8683
2000   09   179.5062
2000   10   463.6533
2000   11   282.5624
2000   12   193.7919
2001   01   271.6462
2001   02   41.2123
2001   03   227.1238
2001   04   94.7920
2001   05   501.6438
2001   06   239.0781
2001   07   419.5186
2001   08   168.9837
2001   09   70.0431
2001   10   168.3882
2001   11   168.6974
2001   12   83.7155
2002   01   78.1866
2002   02   112.5292
2002   03   387.8152
2002   04   255.2626
2002   05   525.6437
2002   06   158.9062
2002   07   154.6326
2002   08   349.9298
2002   09   206.7780
2002   10   697.0085
2002   11   515.5209
2002   12   222.1984
2003   01   87.7758
2003   02   33.3128
2003   03   185.5774
2003   04   129.3138
2003   05   98.7206
2003   06   349.7319
2003   07   181.7797
2003   08   215.9455
2003   09   149.6859
2003   10   186.7485
2003   11   317.6141
2003   12   262.7126
2004   01   48.2987
2004   02   72.1288
2004   03   150.5689
2004   04   456.1548
2004   05   89.7474
2004   06   440.3708
2004   07   212.2608
2004   08   279.1861
2004   09   148.5125
2004   10   239.3653
2004   11   403.9320
2004   12   164.3972
2005   01   83.5986
2005   02   67.0012
2005   03   319.1828
2005   04   176.8467
2005   05   687.5013
2005   06   242.2931
2005   07   230.9890
2005   08   329.6988
2005   09   80.1025
2005   10   260.6575
2005   11   477.6406
2005   12   176.7393
2006   01   254.2193
2006   02   105.2493
2006   03   204.4326
2006   04   191.6690
2006   05   212.4263
2006   06   291.3441
2006   07   462.4329
2006   08   255.4665
2006   09   136.4118
2006   10   221.1790
2006   11   188.6508
2006   12   365.6850
2007   01   61.8206
2007   02   60.3573
2007   03   191.5469
2007   04   214.8681
2007   05   54.1478
2007   06   184.7959
2007   07   209.0988
2007   08   199.8887
2007   09   170.7254
2007   10   325.7544
2007   11   242.6307
2007   12   115.0865
2008   01   117.8773
2008   02   35.5289
2008   03   103.2038
2008   04   149.0646
2008   05   525.1317
2008   06   179.5756
2008   07   358.7639
2008   08   393.1984
2008   09   61.4275
2008   10   174.5768
2008   11   228.6354
2008   12   137.1828
2009   01   50.6375
2009   02   69.3933
2009   03   170.5914
2009   04   261.8883
2009   05   597.1985
2009   06   144.0872
2009   07   87.4580
2009   08   572.1122
2009   09   99.3048
2009   10   461.4623
2009   11   290.6747
2009   12   260.6882
2010   01   128.0877
2010   02   91.4305
2010   03   228.6855
2010   04   212.0002
2010   05   157.3837
2010   06   240.3024
2010   07   205.0986
2010   08   423.3485
2010   09   68.8671
2010   10   218.1316
2010   11   223.7681
2010   12   217.9136
2011   01   116.7838
2011   02   31.5059
2011   03   240.5347
2011   04   318.6148
2011   05   157.6373
2011   06   134.4597
2011   07   325.2393
2011   08   296.1376
2011   09   217.7695
2011   10   168.7086
2011   11   179.3905
2011   12   98.0384
2012   01   118.9169
2012   02   176.9955
2012   03   126.2337
2012   04   105.5690
2012   05   341.6302
2012   06   322.7418
2012   07   206.0830
2012   08   257.8069
2012   09   106.8463
2012   10   131.0892
2012   11   155.7263
2012   12   539.5250
2013   01   52.4530
2013   02   98.0072
2013   03   175.3975
2013   04   183.7095
2013   05   302.3510
2013   06   170.0048
2013   07   272.0289
2013   08   398.0171
2013   09   203.3948
2013   10   152.2734
2013   11   134.0222
2013   12   109.7424
2014   01   109.4126
2014   02   28.9636
2014   03   160.7427
2014   04   261.9951
2014   05   281.2776
2014   06   322.9099
2014   07   235.3643
2014   08   222.7845
2014   09   138.6701
2014   10   285.4956
2014   11   353.6340
2014   12   78.0076
2015   01   28.3866
2015   02   38.3444
2015   03   69.5487
2015   04   165.6830
2015   05   449.5656
2015   06   290.5441
2015   07   336.5198
2015   08   337.7814
2015   09   80.0335
2015   10   172.7845
2015   11   121.3004
2015   12   137.3639
2016   01   43.5625
2016   02   39.6850
2016   03   96.0305
2016   04   130.3062
2016   05   105.3551
2016   06   26.5785
2016   07   177.6095
2016   08   351.8379
2016   09   113.4683
2016   10   318.0962
2016   11   227.3684
2016   12   135.7299
2017   01   89.3899
2017   02   70.9484
2017   03   247.1717
2017   04   205.8658
2017   05   156.7849
2017   06   257.0402
2017   07   213.5058
2017   08   393.5865
2017   09   82.7447
2017   10   372.5083
2017   11   174.4335
2017   12   198.6239
2018   01   81.1102
2018   02   55.4775
2018   03   278.0469
2018   04   209.7445
2018   05   146.5191
2018   06   203.5427
2018   07   141.9023
2018   08   209.1736
2018   09   224.7154
2018   10   272.5418
2018   11   345.3671
2018   12   87.6638
2019   01   38.7120
2019   02   26.0613
2019   03   93.0526
2019   04   125.1989
2019   05   212.3507
2019   06   222.2013
2019   07   340.1936
2019   08   160.4099
2019   09   82.3099
2019   10   177.3860
2019   11   482.4195
2019   12   116.8807
2020   01   103.3354
2020   02   39.1902
2020   03   135.0615
2020   04   114.8199
2020   05   369.1567
2020   06   203.1696
2020   07   289.0465
2020   08   134.9752
2020   09   79.3814
2020   10   158.4031
2020   11   273.9252
2020   12   148.8171
2021   01   51.1966
2021   02   12.8197
2021   03   116.3113
2021   04   141.2219
2021   05   148.0002
2021   06   156.4604
2021   07   101.1940
2021   08   235.8618
2021   09   67.4688
2021   10   158.3109
2021   11   312.8647
2021   12   102.2076
2022   01   101.9145
2022   02   64.7954
2022   03   195.8547
2022   04   336.8235
2022   05   169.1847
2022   06   220.4577
2022   07   470.0494
2022   08   198.2672
2022   09   119.0056
2022   10   211.5720
2022   11   295.5469
2022   12   144.0272
2023   01   42.3723
2023   02   38.0951
2023   03   200.8237
2023   04   162.7849
2023   05   175.8858
2023   06   324.9586
2023   07   359.4405
2023   08   321.6915
2023   09   178.8535
2023   10   321.0466
2023   11   259.6317
2023   12   45.6371
2024   01   28.7617
2024   02   15.4756
2024   03   426.3894
2024   04   317.6290
2024   05   191.5952
2024   06   188.1610
2024   07   91.5939
2024   08   133.3929
2024   09   276.9747
2024   10   84.2275
2024   11   842.3038
2024   11   842.3038
2024   12   152.2787
2025   01   27.0039
2025   02   25.7582
2025   03   114.0986
2025   04   146.9797
2025   05   272.2318
2025   06   83.6568
