1991   01   17.3571
1991   02   7.8123
1991   03   18.7525
1991   04   131.8565
1991   05   221.5706
1991   06   127.4552
1991   07   204.1435
1991   08   121.6398
1991   09   100.9739
1991   10   72.0593
1991   11   35.0100
1991   12   69.5520
1992   01   10.3138
1992   02   20.3411
1992   03   28.8129
1992   04   55.0713
1992   05   440.7230
1992   06   368.7827
1992   07   89.5899
1992   08   202.3372
1992   09   93.8512
1992   10   62.3226
1992   11   28.1919
1992   12   47.0888
1993   01   12.9769
1993   02   12.2331
1993   03   31.1167
1993   04   144.6809
1993   05   512.8212
1993   06   253.8852
1993   07   194.9458
1993   08   163.5383
1993   09   28.4454
1993   10   53.4387
1993   11   34.2517
1993   12   19.2772
1994   01   11.6839
1994   02   8.9413
1994   03   12.9380
1994   04   113.0005
1994   05   112.6698
1994   06   325.8932
1994   07   209.7631
1994   08   61.1397
1994   09   97.3442
1994   10   79.1079
1994   11   25.7017
1994   12   35.4415
1995   01   16.4009
1995   02   6.5353
1995   03   13.2707
1995   04   122.9616
1995   05   82.1313
1995   06   259.8168
1995   07   255.7002
1995   08   192.8531
1995   09   29.5506
1995   10   50.8902
1995   11   14.6167
1995   12   9.1140
1996   01   10.9806
1996   02   15.6309
1996   03   15.4730
1996   04   71.0466
1996   05   67.0712
1996   06   212.1154
1996   07   75.3636
1996   08   298.6619
1996   09   24.3416
1996   10   46.8246
1996   11   34.5317
1996   12   16.8399
1997   01   15.9119
1997   02   17.0287
1997   03   7.9383
1997   04   187.4161
1997   05   213.2765
1997   06   394.2935
1997   07   145.4984
1997   08   150.3311
1997   09   118.0750
1997   10   88.8453
1997   11   41.0914
1997   12   17.4696
1998   01   10.7118
1998   02   8.2001
1998   03   12.4617
1998   04   38.3104
1998   05   157.8064
1998   06   74.1092
1998   07   104.5628
1998   08   150.2825
1998   09   53.8801
1998   10   15.0929
1998   11   25.5494
1998   12   11.6111
1999   01   17.3909
1999   02   19.5596
1999   03   21.5100
1999   04   31.4746
1999   05   141.2801
1999   06   285.1759
1999   07   108.3974
1999   08   237.5457
1999   09   121.9517
1999   10   45.4190
1999   11   15.6986
1999   12   12.5112
2000   01   10.9741
2000   02   60.7388
2000   03   16.5066
2000   04   59.9746
2000   05   125.6718
2000   06   595.2806
2000   07   123.1070
2000   08   163.4630
2000   09   166.7572
2000   10   45.4769
2000   11   30.5026
2000   12   19.1099
2001   01   64.1378
2001   02   22.0286
2001   03   23.4073
2001   04   60.6188
2001   05   368.0788
2001   06   166.5634
2001   07   402.8167
2001   08   186.8861
2001   09   41.6503
2001   10   31.7197
2001   11   41.4178
2001   12   8.9714
2002   01   15.0946
2002   02   37.8176
2002   03   56.9246
2002   04   58.0579
2002   05   234.0799
2002   06   184.0121
2002   07   174.2101
2002   08   320.9109
2002   09   85.2706
2002   10   143.4407
2002   11   54.8781
2002   12   27.3340
2003   01   16.0510
2003   02   6.2584
2003   03   14.0761
2003   04   36.5205
2003   05   151.9957
2003   06   333.0077
2003   07   157.9020
2003   08   113.6991
2003   09   113.1507
2003   10   55.3535
2003   11   67.5605
2003   12   17.3962
2004   01   10.9274
2004   02   12.2999
2004   03   45.9563
2004   04   121.3788
2004   05   72.8409
2004   06   309.8082
2004   07   222.4677
2004   08   172.7290
2004   09   78.3156
2004   10   94.3475
2004   11   58.1105
2004   12   27.7885
2005   01   11.3854
2005   02   7.3736
2005   03   30.7334
2005   04   31.3222
2005   05   352.7423
2005   06   457.9857
2005   07   152.1038
2005   08   389.2097
2005   09   53.6697
2005   10   35.5427
2005   11   67.7321
2005   12   35.2533
2006   01   36.0968
2006   02   11.5466
2006   03   15.3148
2006   04   86.9774
2006   05   100.9281
2006   06   355.0515
2006   07   384.8710
2006   08   200.9338
2006   09   71.9105
2006   10   87.9233
2006   11   18.8940
2006   12   64.9709
2007   01   28.7803
2007   02   30.2452
2007   03   21.8181
2007   04   113.7713
2007   05   71.1882
2007   06   170.4926
2007   07   216.4219
2007   08   157.4254
2007   09   55.0574
2007   10   56.0567
2007   11   18.9030
2007   12   33.7604
2008   01   13.1125
2008   02   12.1898
2008   03   13.6947
2008   04   57.5555
2008   05   286.8602
2008   06   129.3194
2008   07   191.5414
2008   08   183.7797
2008   09   56.7108
2008   10   30.0768
2008   11   29.8728
2008   12   13.3772
2009   01   17.4227
2009   02   17.8119
2009   03   11.6054
2009   04   32.8799
2009   05   195.3010
2009   06   253.5689
2009   07   126.3001
2009   08   322.1660
2009   09   52.6030
2009   10   62.6227
2009   11   52.4521
2009   12   14.8475
2010   01   22.2949
2010   02   39.2356
2010   03   13.4425
2010   04   17.0579
2010   05   74.6985
2010   06   193.7583
2010   07   167.5904
2010   08   99.7524
2010   09   17.7473
2010   10   54.4854
2010   11   23.5157
2010   12   18.8698
2011   01   24.4242
2011   02   9.8281
2011   03   29.5406
2011   04   97.6364
2011   05   93.9253
2011   06   204.9047
2011   07   111.7555
2011   08   204.7323
2011   09   60.0690
2011   10   29.3129
2011   11   36.4363
2011   12   10.4823
2012   01   19.8314
2012   02   38.3038
2012   03   12.7571
2012   04   23.6564
2012   05   269.7392
2012   06   236.0439
2012   07   55.7910
2012   08   185.2882
2012   09   27.9619
2012   10   50.0046
2012   11   48.5571
2012   12   62.2220
2013   01   11.6576
2013   02   14.0695
2013   03   10.5945
2013   04   26.6226
2013   05   128.9907
2013   06   108.2990
2013   07   87.4569
2013   08   136.0650
2013   09   63.9622
2013   10   38.6637
2013   11   39.8597
2013   12   8.2577
2014   01   18.1195
2014   02   10.0883
2014   03   42.3064
2014   04   44.6787
2014   05   187.4993
2014   06   233.4725
2014   07   183.2865
2014   08   108.6953
2014   09   59.7284
2014   10   19.6147
2014   11   24.6227
2014   12   19.8565
2015   01   10.7990
2015   02   13.4600
2015   03   12.8557
2015   04   38.8007
2015   05   152.2596
2015   06   132.8412
2015   07   283.5901
2015   08   251.6836
2015   09   80.9694
2015   10   62.6415
2015   11   25.0117
2015   12   18.3589
2016   01   24.5239
2016   02   7.9114
2016   03   16.3445
2016   04   84.5023
2016   05   96.9815
2016   06   32.1928
2016   07   238.7690
2016   08   71.0433
2016   09   23.7802
2016   10   69.2568
2016   11   23.5932
2016   12   28.6016
2017   01   12.8658
2017   02   13.0049
2017   03   24.7783
2017   04   59.7311
2017   05   82.6462
2017   06   211.3766
2017   07   57.2596
2017   08   257.1030
2017   09   61.3573
2017   10   56.9617
2017   11   27.9347
2017   12   14.1812
2018   01   17.5248
2018   02   13.3456
2018   03   29.3613
2018   04   76.5564
2018   05   115.2281
2018   06   113.3724
2018   07   110.6158
2018   08   100.9655
2018   09   105.2407
2018   10   77.2839
2018   11   38.9201
2018   12   16.4178
2019   01   20.0500
2019   02   11.8186
2019   03   14.5982
2019   04   25.4202
2019   05   137.8369
2019   06   301.9917
2019   07   101.8489
2019   08   71.3739
2019   09   35.0890
2019   10   46.6745
2019   11   13.0644
2019   12   8.1978
2020   01   16.0551
2020   02   6.2786
2020   03   16.7097
2020   04   52.2723
2020   05   54.3732
2020   06   287.1517
2020   07   159.3307
2020   08   91.5043
2020   09   25.9188
2020   10   21.6330
2020   11   7.3848
2020   12   11.3444
2021   01   53.0102
2021   02   8.7561
2021   03   9.3891
2021   04   52.5500
2021   05   150.4731
2021   06   116.9399
2021   07   78.9488
2021   08   121.2094
2021   09   47.7446
2021   10   18.8378
2021   11   10.6820
2021   12   5.7999
2022   01   12.0285
2022   02   7.1413
2022   03   12.4337
2022   04   157.2655
2022   05   81.7177
2022   06   207.2162
2022   07   176.7346
2022   08   111.4166
2022   09   17.9053
2022   10   25.6913
2022   11   23.7539
2022   12   8.6650
2023   01   11.4272
2023   02   4.1435
2023   03   10.4231
2023   04   72.0043
2023   05   68.6148
2023   06   153.5041
2023   07   132.3808
2023   08   313.5463
2023   09   83.1448
2023   10   26.2443
2023   11   36.1152
2023   12   8.1215
2024   01   7.3793
2024   02   7.5824
2024   03   23.9225
2024   04   73.7023
2024   05   107.4602
2024   06   401.5745
2024   07   48.1474
2024   08   131.7359
2024   09   68.0663
2024   10   31.2993
2024   11   23.8179
2024   11   23.8179
2024   12   7.2024
2025   01   7.9154
2025   02   4.2354
2025   03   38.4464
2025   04   77.5093
2025   05   130.5490
2025   06   178.6676
