1981 1 78.3
1981 2 7.9
1981 3 34.5
1981 4 98.4
1981 5 501.0
1981 6 93.9
1981 7 199.1
1981 8 99.1
1981 9 39.4
1981 10 27.1
1981 11 3.4
1981 12 2.6
1982 1 83.7
1982 2 24.3
1982 3 4.4
1982 4 24.7
1982 5 211.7
1982 6 357.2
1982 7 225.4
1982 8 130.4
1982 9 172.5
1982 10 86.9
1982 11 33.7
1982 12 0.0
1983 1 24.3
1983 2 6.7
1983 3 20.0
1983 4 67.8
1983 5 115.9
1983 6 225.6
1983 7 204.2
1983 8 126.1
1983 9 57.3
1983 10 24.9
1983 11 0.0
1983 12 28.1
1984 1 7.9
1984 2 33.0
1984 3 14.9
1984 4 24.1
1984 5 389.9
1984 6 205.9
1984 7 255.4
1984 8 75.6
1984 9 112.1
1984 10 163.7
1984 11 10.4
1984 12 0.1
1985 1 45.1
1985 2 1.2
1985 3 19.1
1985 4 80.3
1985 5 185.1
1985 6 167.2
1985 7 211.0
1985 8 26.2
1985 9 92.0
1985 10 67.0
1985 11 44.2
1985 12 0.5
1986 1 6.1
1986 2 10.0
1986 3 47.2
1986 4 142.0
1986 5 259.2
1986 6 223.9
1986 7 85.7
1986 8 180.0
1986 9 69.0
1986 10 27.5
1986 11 207.5
1986 12 6.5
1987 1 0.0
1987 2 4.0
1987 3 58.7
1987 4 55.1
1987 5 137.1
1987 6 112.8
1987 7 436.0
1987 8 194.6
1987 9 127.6
1987 10 37.3
1987 11 20.3
1987 12 0.4
1988 1 8.5
1988 2 0.0
1988 3 10.7
1988 4 24.6
1988 5 81.4
1988 6 210.5
1988 7 286.9
1988 8 222.7
1988 9 90.3
1988 10 26.2
1988 11 18.6
1988 12 15.0
1989 1 3.3
1989 2 3.3
1989 3 28.3
1989 4 2.5
1989 5 36.8
1989 6 259.8
1989 7 225.8
1989 8 176.0
1989 9 35.4
1989 10 33.3
1989 11 4.9
1989 12 88.2
1990 1 6.4
1990 2 32.7
1990 3 126.8
1990 4 50.4
1990 5 97.3
1990 6 104.5
1990 7 98.1
1990 8 134.6
1990 9 114.8
1990 10 50.7
1990 11 27.2
1990 12 4.5
1991 1 8.7
1991 2 3.1
1991 3 9.0
1991 4 115.5
1991 5 267.3
1991 6 142.8
1991 7 234.2
1991 8 87.7
1991 9 62.4
1991 10 64.0
1991 11 50.6
1991 12 97.1
1992 1 0.0
1992 2 17.7
1992 3 48.2
1992 4 112.7
1992 5 449.7
1992 6 293.5
1992 7 100.5
1992 8 166.0
1992 9 122.9
1992 10 56.5
1992 11 15.3
1992 12 71.9
1993 1 2.7
1993 2 0.0
1993 3 17.4
1993 4 96.7
1993 5 283.1
1993 6 309.0
1993 7 210.1
1993 8 99.5
1993 9 21.0
1993 10 45.4
1993 11 40.0
1993 12 21.3
1994 1 0.6
1994 2 1.5
1994 3 9.0
1994 4 123.8
1994 5 71.9
1994 6 202.6
1994 7 177.1
1994 8 21.9
1994 9 139.0
1994 10 44.6
1994 11 17.7
1994 12 34.6
1995 1 4.1
1995 2 0.1
1995 3 14.4
1995 4 139.2
1995 5 57.0
1995 6 219.1
1995 7 252.9
1995 8 197.3
1995 9 9.9
1995 10 55.6
1995 11 3.3
1995 12 0.0
1996 1 0.0
1996 2 12.3
1996 3 12.8
1996 4 65.4
1996 5 66.2
1996 6 151.5
1996 7 77.9
1996 8 173.2
1996 9 6.7
1996 10 25.1
1996 11 19.1
1996 12 20.6
1997 1 23.2
1997 2 25.9
1997 3 0.3
1997 4 239.3
1997 5 218.7
1997 6 360.4
1997 7 231.6
1997 8 127.5
1997 9 82.7
1997 10 162.4
1997 11 89.4
1997 12 3.6
1998 1 0.0
1998 2 0.0
1998 3 8.7
1998 4 33.9
1998 5 149.6
1998 6 141.9
1998 7 78.0
1998 8 94.7
1998 9 57.6
1998 10 0.1
1998 11 29.8
1998 12 4.3
1999 1 13.2
1999 2 16.8
1999 3 20.8
1999 4 21.1
1999 5 198.8
1999 6 273.0
1999 7 148.6
1999 8 213.9
1999 9 155.8
1999 10 15.5
1999 11 1.8
1999 12 11.9
2000 1 2.0
2000 2 94.9
2000 3 6.1
2000 4 46.2
2000 5 58.8
2000 6 565.7
2000 7 81.1
2000 8 218.5
2000 9 257.5
2000 10 33.0
2000 11 27.4
2000 12 15.2
2001 1 58.2
2001 2 7.2
2001 3 44.3
2001 4 40.0
2001 5 293.7
2001 6 235.8
2001 7 375.5
2001 8 195.4
2001 9 49.6
2001 10 24.4
2001 11 34.5
2001 12 0.0
2002 1 1.2
2002 2 66.8
2002 3 90.7
2002 4 84.6
2002 5 180.9
2002 6 114.4
2002 7 158.2
2002 8 300.7
2002 9 116.5
2002 10 182.3
2002 11 51.5
2002 12 15.4
2003 1 8.8
2003 2 0.0
2003 3 10.0
2003 4 18.6
2003 5 73.0
2003 6 309.9
2003 7 110.0
2003 8 64.4
2003 9 129.6
2003 10 60.6
2003 11 76.7
2003 12 11.0
2004 1 0.1
2004 2 19.0
2004 3 49.2
2004 4 127.0
2004 5 64.0
2004 6 255.0
2004 7 205.9
2004 8 145.6
2004 9 73.6
2004 10 126.4
2004 11 47.1
2004 12 19.2
2005 1 1.0
2005 2 0.4
2005 3 22.8
2005 4 9.4
2005 5 353.9
2005 6 431.8
2005 7 165.7
2005 8 177.7
2005 9 74.4
2005 10 28.6
2005 11 48.6
2005 12 64.8
2006 1 29.4
2006 2 1.8
2006 3 10.2
2006 4 120.6
2006 5 107.4
2006 6 309.6
2006 7 312.3
2006 8 236.2
2006 9 41.3
2006 10 91.2
2006 11 3.0
2006 12 52.2
2007 1 24.4
2007 2 36.6
2007 3 9.0
2007 4 134.0
2007 5 73.0
2007 6 89.2
2007 7 158.7
2007 8 112.4
2007 9 58.4
2007 10 31.7
2007 11 4.0
2007 12 25.8
2008 1 3.6
2008 2 2.4
2008 3 3.8
2008 4 53.2
2008 5 323.0
2008 6 95.6
2008 7 291.0
2008 8 237.8
2008 9 80.0
2008 10 30.2
2008 11 11.6
2008 12 5.4
2009 1 8.4
2009 2 10.9
2009 3 6.8
2009 4 14.2
2009 5 133.4
2009 6 254.4
2009 7 116.2
2009 8 215.4
2009 9 51.4
2009 10 49.4
2009 11 43.8
2009 12 0.6
2010 1 18.8
2010 2 28.8
2010 3 5.4
2010 4 7.2
2010 5 37.2
2010 6 186.0
2010 7 248.2
2010 8 133.2
2010 9 21.0
2010 10 42.4
2010 11 16.8
2010 12 13.4
2011 1 23.8
2011 2 6.4
2011 3 35.8
2011 4 82.2
2011 5 31.6
2011 6 143.8
2011 7 124.0
2011 8 190.2
2011 9 71.4
2011 10 30.0
2011 11 27.6
2011 12 2.0
2012 1 15.4
2012 2 38.2
2012 3 9.2
2012 4 3.2
2012 5 131.6
2012 6 204.2
2012 7 50.8
2012 8 130.8
2012 9 15.0
2012 10 37.6
2012 11 33.6
2012 12 70.4
2013 1 2.0
2013 2 23.0
2013 3 2.4
2013 4 10.0
2013 5 195.8
2013 6 102.0
2013 7 79.8
2013 8 103.4
2013 9 45.4
2013 10 24.4
2013 11 11.0
2013 12 0.0
2014 1 7.2
2014 2 4.0
2014 3 66.8
2014 4 66.6
2014 5 114.2
2014 6 266.4
2014 7 223.8
2014 8 108.4
2014 9 98.4
2014 10 12.6
2014 11 3.2
2014 12 9.2
2015 1 0.0
2015 2 2.0
2015 3 1.2
2015 4 27.8
2015 5 56.4
2015 6 107.0
2015 7 165.0
2015 8 177.0
2015 9 115.2
2015 10 42.2
2015 11 17.2
2015 12 4.4
2016 1 1.8
2016 2 0.0
2016 3 14.2
2016 4 67.2
2016 5 117.6
2016 6 3.4
2016 7 189.4
2016 8 54.0
2016 9 49.8
2016 10 71.8
2016 11 14.4
2016 12 32.4
2017 1 7.6
2017 2 13.6
2017 3 31.8
2017 4 71.6
2017 5 96.2
2017 6 156.8
2017 7 90.2
2017 8 277.4
2017 9 72.0
2017 10 75.8
2017 11 29.2
2017 12 7.6
2018 1 13.4
2018 2 5.0
2018 3 59.2
2018 4 74.6
2018 5 146.8
2018 6 87.1
2018 7 106.2
2018 8 55.6
2018 9 129.4
2018 10 63.8
2018 11 31.8
2018 12 8.4
2019 1 9.2
2019 2 0.2
2019 3 8.4
2019 4 4.2
2019 5 135.4
2019 6 251.2
2019 7 105.4
2019 8 65.0
2019 9 79.4
2019 10 43.8
2019 11 13.4
2019 12 0.0
2020 1 10.6
2020 2 4.2
2020 3 42.4
2020 4 53.6
2020 5 58.0
2020 6 344.8
2020 7 157.0
2020 8 79.4
2020 9 29.6
2020 10 21.6
2020 11 0.6
2020 12 7.0
2021 1 37.4
2021 2 0.4
2021 3 4.4
2021 4 56.6
2021 5 59.0
2021 6 77.8
2021 7 78.0
2021 8 93.6
2021 9 42.8
2021 10 14.6
2021 11 0.4
2021 12 0.0
2022 1 11.0
2022 2 2.0
2022 3 4.6
2022 4 127.2
2022 5 82.8
2022 6 206.6
2022 7 220.5
2022 8 36.4
2022 9 3.8
2022 10 27.4
2022 11 1.2
2022 12 4.2
2023 1 3.2
2023 2 0.0
2023 3 5.3
2023 4 75.0
2023 5 57.8
2023 6 155.4
2023 7 114.2
2023 8 143.8
2023 9 120.4
2023 10 28.6
2023 11 42.4
2023 12 12.4
2024 1 0.0
2024 2 0.2
2024 3 5.4
2024 4 29.6
2024 5 36.8
2024 6 188.4
2024 7 17.8
2024 8 68.4
2024 9 33.0
2024 10 6.0
2024 11 16.0
2024 12 5.2
2025 1 1.4
2025 2 0.4
2025 3 16.0
2025 4 20.2
2025 5 31.8
2025 6 148.0
