1991   01   39.5654
1991   02   20.5668
1991   03   23.4570
1991   04   2.1703
1991   05   8.6280
1991   06   2.3987
1991   07   1.0509
1991   08   4.2373
1991   09   8.6126
1991   10   5.6132
1991   11   7.5985
1991   12   9.2236
1992   01   23.8520
1992   02   10.1274
1992   03   6.5982
1992   04   3.5033
1992   05   10.7060
1992   06   2.3074
1992   07   1.4025
1992   08   4.7053
1992   09   8.4990
1992   10   5.9652
1992   11   9.0270
1992   12   21.8307
1993   01   81.7654
1993   02   17.1455
1993   03   25.0356
1993   04   2.4337
1993   05   7.8559
1993   06   2.2672
1993   07   1.1178
1993   08   9.5164
1993   09   8.0938
1993   10   6.5483
1993   11   9.0379
1993   12   17.6158
1994   01   53.4517
1994   02   80.8747
1994   03   17.0386
1994   04   2.5233
1994   05   7.5366
1994   06   2.0921
1994   07   1.0297
1994   08   4.9124
1994   09   8.6346
1994   10   5.7560
1994   11   7.8949
1994   12   14.3847
1995   01   24.8568
1995   02   14.8027
1995   03   29.9843
1995   04   2.2483
1995   05   8.4586
1995   06   2.0385
1995   07   1.0583
1995   08   4.4324
1995   09   8.8336
1995   10   5.7005
1995   11   6.9590
1995   12   6.0996
1996   01   39.0901
1996   02   50.4401
1996   03   9.4300
1996   04   2.3723
1996   05   8.3637
1996   06   2.0431
1996   07   1.5499
1996   08   4.4710
1996   09   8.9034
1996   10   5.8904
1996   11   10.7105
1996   12   17.7756
1997   01   75.0867
1997   02   81.8779
1997   03   19.4602
1997   04   2.5596
1997   05   8.6621
1997   06   2.0884
1997   07   1.2075
1997   08   7.6440
1997   09   13.5050
1997   10   6.1861
1997   11   10.5521
1997   12   8.7233
1998   01   76.8086
1998   02   22.7182
1998   03   6.5342
1998   04   2.3019
1998   05   7.9817
1998   06   2.0796
1998   07   1.0703
1998   08   4.6845
1998   09   8.9919
1998   10   6.0338
1998   11   9.6029
1998   12   16.8751
1999   01   28.8991
1999   02   104.8213
1999   03   54.7006
1999   04   2.8512
1999   05   8.0756
1999   06   2.0567
1999   07   1.0478
1999   08   4.2359
1999   09   10.2144
1999   10   6.2891
1999   11   6.8664
1999   12   12.0564
2000   01   65.5467
2000   02   58.2065
2000   03   26.3388
2000   04   1.9407
2000   05   6.2797
2000   06   1.6396
2000   07   0.7734
2000   08   3.6207
2000   09   6.8940
2000   10   5.4485
2000   11   4.6818
2000   12   18.0866
2001   01   67.6569
2001   02   99.8917
2001   03   40.3435
2001   04   2.5594
2001   05   7.6484
2001   06   1.3991
2001   07   1.0034
2001   08   3.3180
2001   09   6.9713
2001   10   4.1873
2001   11   4.7137
2001   12   8.4029
2002   01   25.8770
2002   02   70.8667
2002   03   42.8961
2002   04   2.5953
2002   05   6.4212
2002   06   1.3320
2002   07   1.7825
2002   08   3.3264
2002   09   6.1277
2002   10   4.7066
2002   11   8.3264
2002   12   13.0806
2003   01   38.8045
2003   02   18.2222
2003   03   29.1039
2003   04   1.8861
2003   05   6.5098
2003   06   1.7755
2003   07   0.8927
2003   08   3.2993
2003   09   7.1820
2003   10   3.9975
2003   11   6.9958
2003   12   7.8689
2004   01   65.8466
2004   02   57.8316
2004   03   12.9274
2004   04   2.0699
2004   05   5.8406
2004   06   1.3290
2004   07   1.3044
2004   08   4.9521
2004   09   6.2916
2004   10   4.0021
2004   11   5.2920
2004   12   8.8612
2005   01   23.6017
2005   02   40.2692
2005   03   11.6773
2005   04   2.2156
2005   05   5.8813
2005   06   1.3386
2005   07   0.6907
2005   08   3.2256
2005   09   8.5758
2005   10   4.0268
2005   11   8.5934
2005   12   15.8735
2006   01   65.2596
2006   02   52.3009
2006   03   32.3166
2006   04   2.4648
2006   05   5.8961
2006   06   1.3606
2006   07   0.6878
2006   08   3.7637
2006   09   6.8738
2006   10   5.6927
2006   11   7.2530
2006   12   9.7532
2007   01   35.4401
2007   02   35.9164
2007   03   21.2658
2007   04   2.0896
2007   05   7.2553
2007   06   1.4344
2007   07   1.2427
2007   08   4.8188
2007   09   8.6515
2007   10   4.5200
2007   11   7.1157
2007   12   10.7015
2008   01   115.8475
2008   02   42.2274
2008   03   19.4589
2008   04   1.7814
2008   05   6.5504
2008   06   1.3676
2008   07   0.6833
2008   08   3.7466
2008   09   6.2689
2008   10   4.1128
2008   11   5.1727
2008   12   14.3770
2009   01   26.1735
2009   02   57.9587
2009   03   25.2820
2009   04   1.9774
2009   05   6.0616
2009   06   1.2913
2009   07   1.1731
2009   08   3.3620
2009   09   6.0933
2009   10   4.3519
2009   11   9.7890
2009   12   11.3851
2010   01   30.5130
2010   02   32.9989
2010   03   8.8601
2010   04   2.3620
2010   05   6.0952
2010   06   1.3560
2010   07   0.6908
2010   08   3.4617
2010   09   5.9922
2010   10   4.4195
2010   11   4.6677
2010   12   14.4624
2011   01   59.7176
2011   02   85.1818
2011   03   9.7594
2011   04   2.8198
2011   05   5.8576
2011   06   1.4036
2011   07   1.6032
2011   08   3.8034
2011   09   8.6364
2011   10   8.2392
2011   11   5.6959
2011   12   57.3166
2012   01   109.3824
2012   02   137.9099
2012   03   61.9764
2012   04   2.6943
2012   05   7.6958
2012   06   1.4897
2012   07   0.8497
2012   08   3.6612
2012   09   8.4940
2012   10   5.5057
2012   11   6.9796
2012   12   43.2487
2013   01   98.6245
2013   02   77.0480
2013   03   27.3088
2013   04   2.6843
2013   05   18.1711
2013   06   3.7975
2013   07   2.0273
2013   08   10.4007
2013   09   18.5858
2013   10   11.4742
2013   11   8.9253
2013   12   37.5649
2014   01   124.8369
2014   02   32.6085
2014   03   14.6369
2014   04   4.7344
2014   05   17.8311
2014   06   3.3328
2014   07   1.9279
2014   08   8.6634
2014   09   20.5539
2014   10   8.0750
2014   11   5.7996
2014   12   11.9308
2015   01   111.6568
2015   02   103.4330
2015   03   56.1469
2015   04   4.3160
2015   05   18.5671
2015   06   3.3145
2015   07   2.2585
2015   08   8.8136
2015   09   18.2990
2015   10   8.2643
2015   11   6.8678
2015   12   13.7722
2016   01   33.4160
2016   02   113.7639
2016   03   15.3323
2016   04   3.3939
2016   05   18.0943
2016   06   3.4875
2016   07   2.0709
2016   08   7.7462
2016   09   18.3292
2016   10   8.1752
2016   11   7.2928
2016   12   20.8151
2017   01   137.4340
2017   02   52.6336
2017   03   50.1433
2017   04   3.5686
2017   05   18.7898
2017   06   3.3376
2017   07   1.9068
2017   08   7.0858
2017   09   19.0341
2017   10   8.5292
2017   11   7.2799
2017   12   40.2324
2018   01   109.2596
2018   02   84.3463
2018   03   56.7444
2018   04   3.0934
2018   05   17.6772
2018   06   4.5539
2018   07   2.8710
2018   08   8.7587
2018   09   17.9948
2018   10   9.4470
2018   11   7.7993
2018   12   45.5270
2019   01   168.1265
2019   02   112.1112
2019   03   14.8103
2019   04   3.5135
2019   05   18.0943
2019   06   3.4019
2019   07   1.8724
2019   08   7.0977
2019   09   19.1187
2019   10   7.9584
2019   11   9.4829
2019   12   10.0844
2020   01   74.5335
2020   02   106.0436
2020   03   40.9463
2020   04   3.6537
2020   05   18.8080
2020   06   3.2359
2020   07   1.6653
2020   08   6.5410
2020   09   14.9919
2020   10   7.2634
2020   11   6.2153
2020   12   33.8586
2021   01   85.1253
2021   02   34.6592
2021   03   30.1695
2021   04   3.1174
2021   05   16.3146
2021   06   2.5733
2021   07   1.8360
2021   08   6.3174
2021   09   16.9279
2021   10   7.3314
2021   11   8.6924
2021   12   62.3093
2022   01   72.8067
2022   02   60.5122
2022   03   51.0110
2022   04   2.5536
2022   05   19.4172
2022   06   3.6504
2022   07   1.6223
2022   08   5.8132
2022   09   19.6234
2022   10   7.1876
2022   11   6.9162
2022   12   44.4665
2023   01   52.3990
2023   02   35.5354
2023   03   26.1583
2023   04   3.9413
2023   05   17.1425
2023   06   3.9946
2023   07   1.7413
2023   08   6.5904
2023   09   10.7478
2023   10   5.7945
2023   11   7.8095
2023   12   27.9432
2024   01   52.6390
2024   02   81.5476
2024   03   35.3416
2024   04   4.2018
2024   05   16.1368
2024   06   2.8160
2024   07   1.4956
2024   08   7.1514
2024   09   14.2988
2024   10   9.2056
2024   11   14.5460
2024   11   14.5460
2024   12   8.8106
2025   01   111.1190
2025   02   58.1359
2025   03   46.0355
2025   04   3.6073
2025   05   15.7009
2025   06   3.8932
