1991   01   36.4762
1991   02   29.7316
1991   03   78.9377
1991   04   130.2607
1991   05   490.4844
1991   06   204.1430
1991   07   399.0087
1991   08   210.4086
1991   09   182.2647
1991   10   105.1676
1991   11   77.2041
1991   12   183.5003
1992   01   31.6654
1992   02   28.2793
1992   03   119.1979
1992   04   153.6410
1992   05   319.0784
1992   06   335.6897
1992   07   185.5339
1992   08   154.4739
1992   09   179.6340
1992   10   157.8474
1992   11   114.9240
1992   12   129.0072
1993   01   34.7132
1993   02   29.8351
1993   03   80.7916
1993   04   295.6139
1993   05   386.1173
1993   06   387.2278
1993   07   441.9091
1993   08   149.7549
1993   09   99.5314
1993   10   108.4550
1993   11   109.7791
1993   12   90.1893
1994   01   37.0290
1994   02   21.8917
1994   03   33.9763
1994   04   118.7119
1994   05   228.8609
1994   06   343.2257
1994   07   343.1582
1994   08   151.2669
1994   09   163.3461
1994   10   157.2175
1994   11   114.0887
1994   12   143.0678
1995   01   56.2878
1995   02   14.4874
1995   03   37.8082
1995   04   209.0742
1995   05   81.2784
1995   06   460.8825
1995   07   365.4011
1995   08   405.9148
1995   09   108.4223
1995   10   133.5932
1995   11   53.5566
1995   12   20.8385
1996   01   40.3297
1996   02   68.3844
1996   03   77.9784
1996   04   109.1694
1996   05   308.5218
1996   06   157.5685
1996   07   137.6296
1996   08   334.3033
1996   09   90.1325
1996   10   115.2609
1996   11   100.1034
1996   12   60.4172
1997   01   75.8105
1997   02   57.1466
1997   03   22.7200
1997   04   317.0542
1997   05   264.7834
1997   06   507.2408
1997   07   425.4449
1997   08   239.4992
1997   09   121.0435
1997   10   255.6149
1997   11   154.0910
1997   12   53.6761
1998   01   24.4042
1998   02   31.2910
1998   03   45.6920
1998   04   105.3825
1998   05   163.2887
1998   06   183.3771
1998   07   214.1904
1998   08   267.5126
1998   09   97.9381
1998   10   41.9636
1998   11   57.5764
1998   12   66.8104
1999   01   40.6885
1999   02   38.7754
1999   03   57.2823
1999   04   50.2195
1999   05   237.0005
1999   06   384.4932
1999   07   159.7245
1999   08   339.3069
1999   09   174.6764
1999   10   96.1072
1999   11   86.3785
1999   12   39.3470
2000   01   28.6824
2000   02   172.1107
2000   03   51.6213
2000   04   119.9347
2000   05   125.8708
2000   06   713.1607
2000   07   267.6951
2000   08   217.5308
2000   09   210.6897
2000   10   105.3473
2000   11   92.5112
2000   12   53.9634
2001   01   80.0218
2001   02   24.6331
2001   03   59.8272
2001   04   84.5278
2001   05   394.3434
2001   06   345.7269
2001   07   579.0340
2001   08   179.8503
2001   09   94.2265
2001   10   83.9297
2001   11   94.5962
2001   12   23.8817
2002   01   38.1996
2002   02   34.3226
2002   03   137.1025
2002   04   154.1846
2002   05   286.9501
2002   06   192.0027
2002   07   236.2489
2002   08   294.2874
2002   09   200.1981
2002   10   389.2262
2002   11   191.9960
2002   12   99.8378
2003   01   30.1621
2003   02   21.2313
2003   03   54.1038
2003   04   94.0447
2003   05   100.7013
2003   06   521.5777
2003   07   257.7120
2003   08   176.1611
2003   09   230.6535
2003   10   143.0647
2003   11   145.0248
2003   12   58.7317
2004   01   22.9821
2004   02   31.2626
2004   03   66.5884
2004   04   240.5324
2004   05   69.5824
2004   06   396.3663
2004   07   314.0133
2004   08   317.4102
2004   09   148.5727
2004   10   174.5474
2004   11   128.0316
2004   12   97.1761
2005   01   38.3594
2005   02   21.2132
2005   03   70.2014
2005   04   81.7677
2005   05   573.0242
2005   06   407.3087
2005   07   276.2770
2005   08   365.8435
2005   09   86.1905
2005   10   105.3217
2005   11   213.7038
2005   12   66.2558
2006   01   101.7208
2006   02   34.4516
2006   03   72.1899
2006   04   172.2901
2006   05   133.0492
2006   06   466.5290
2006   07   427.2016
2006   08   291.8874
2006   09   165.9194
2006   10   161.2633
2006   11   52.4153
2006   12   120.4874
2007   01   31.1084
2007   02   55.9323
2007   03   46.1074
2007   04   188.3934
2007   05   103.8760
2007   06   227.6756
2007   07   303.1189
2007   08   196.4939
2007   09   144.6546
2007   10   105.5272
2007   11   58.9311
2007   12   52.6285
2008   01   28.2590
2008   02   24.5610
2008   03   43.5096
2008   04   86.5859
2008   05   279.5840
2008   06   163.6369
2008   07   360.8458
2008   08   394.3258
2008   09   60.1625
2008   10   75.1878
2008   11   88.1304
2008   12   49.7434
2009   01   25.1098
2009   02   49.8126
2009   03   35.0559
2009   04   90.8325
2009   05   333.1770
2009   06   267.0627
2009   07   159.9561
2009   08   444.4883
2009   09   86.3318
2009   10   212.8146
2009   11   126.3119
2009   12   93.7681
2010   01   52.0172
2010   02   91.0948
2010   03   49.2935
2010   04   51.2910
2010   05   101.0726
2010   06   259.3055
2010   07   207.9316
2010   08   269.1318
2010   09   52.3868
2010   10   101.1719
2010   11   63.2510
2010   12   69.8761
2011   01   55.0455
2011   02   33.3236
2011   03   63.9788
2011   04   160.4067
2011   05   134.5192
2011   06   215.2059
2011   07   178.0370
2011   08   275.1200
2011   09   172.7540
2011   10   95.5144
2011   11   117.8666
2011   12   33.1304
2012   01   32.7538
2012   02   107.8069
2012   03   47.8551
2012   04   59.1042
2012   05   293.8466
2012   06   298.7397
2012   07   136.0455
2012   08   228.0648
2012   09   92.7315
2012   10   97.8123
2012   11   69.9877
2012   12   151.0670
2013   01   28.0909
2013   02   43.8360
2013   03   41.5369
2013   04   115.7442
2013   05   233.3610
2013   06   128.0671
2013   07   121.2164
2013   08   277.3925
2013   09   155.0638
2013   10   76.4785
2013   11   74.5357
2013   12   29.1438
2014   01   73.2587
2014   02   32.6497
2014   03   86.7759
2014   04   64.8154
2014   05   259.5544
2014   06   300.9506
2014   07   363.2572
2014   08   231.0406
2014   09   187.8818
2014   10   106.0512
2014   11   67.2846
2014   12   39.4446
2015   01   16.3409
2015   02   19.2676
2015   03   29.8879
2015   04   109.4430
2015   05   284.6383
2015   06   278.2198
2015   07   423.7733
2015   08   389.5845
2015   09   122.7623
2015   10   121.0445
2015   11   50.5233
2015   12   69.0372
2016   01   35.6211
2016   02   23.9649
2016   03   29.6654
2016   04   116.9582
2016   05   126.4308
2016   06   36.5898
2016   07   312.8629
2016   08   235.8068
2016   09   72.9551
2016   10   142.5658
2016   11   71.7823
2016   12   81.3558
2017   01   35.9587
2017   02   56.9939
2017   03   58.9168
2017   04   110.4833
2017   05   138.2950
2017   06   287.3975
2017   07   172.8310
2017   08   355.6883
2017   09   115.9779
2017   10   180.7404
2017   11   49.0331
2017   12   61.3540
2018   01   40.2705
2018   02   32.4778
2018   03   121.8689
2018   04   191.0737
2018   05   148.6256
2018   06   154.2553
2018   07   138.1957
2018   08   231.0833
2018   09   199.9338
2018   10   154.7505
2018   11   126.3451
2018   12   52.3720
2019   01   22.5677
2019   02   16.4981
2019   03   37.9817
2019   04   50.4292
2019   05   197.4165
2019   06   294.3017
2019   07   287.9185
2019   08   149.2202
2019   09   70.4158
2019   10   114.0514
2019   11   84.9990
2019   12   30.9834
2020   01   24.5216
2020   02   28.5771
2020   03   43.8424
2020   04   89.3180
2020   05   154.6790
2020   06   359.5673
2020   07   388.5644
2020   08   164.0579
2020   09   76.9019
2020   10   78.4203
2020   11   58.7555
2020   12   53.8649
2021   01   53.5477
2021   02   11.0600
2021   03   25.8301
2021   04   94.9122
2021   05   178.4863
2021   06   198.6015
2021   07   125.3935
2021   08   224.4379
2021   09   104.3444
2021   10   63.7645
2021   11   65.2928
2021   12   32.2810
2022   01   64.6549
2022   02   32.2029
2022   03   104.2412
2022   04   232.7309
2022   05   121.2895
2022   06   254.8635
2022   07   268.8588
2022   08   170.7594
2022   09   90.2549
2022   10   115.8963
2022   11   54.6246
2022   12   36.6075
2023   01   18.0075
2023   02   17.3954
2023   03   76.3507
2023   04   90.8569
2023   05   137.5014
2023   06   209.8128
2023   07   245.5115
2023   08   232.8605
2023   09   157.5618
2023   10   71.3265
2023   11   83.4589
2023   12   28.4341
2024   01   9.1393
2024   02   19.4921
2024   03   95.1279
2024   04   157.1792
2024   05   170.2989
2024   06   326.8428
2024   07   93.6568
2024   08   125.1909
2024   09   238.0566
2024   10   36.8713
2024   11   107.2819
2024   11   107.2819
2024   12   21.8413
2025   01   28.5156
2025   02   22.9110
2025   03   80.1122
2025   04   201.6551
2025   05   156.4968
2025   06   178.2535
