1991   01   80.0900
1991   02   106.9224
1991   03   111.6191
1991   04   75.3937
1991   05   197.3330
1991   06   122.6061
1991   07   177.4873
1991   08   239.8752
1991   09   332.1499
1991   10   77.1883
1991   11   141.0577
1991   12   126.7713
1992   01   33.5135
1992   02   88.1457
1992   03   137.0434
1992   04   79.4005
1992   05   300.2889
1992   06   140.9492
1992   07   33.1982
1992   08   92.0301
1992   09   127.6330
1992   10   196.1185
1992   11   59.3414
1992   12   195.7138
1993   01   91.8796
1993   02   79.2388
1993   03   252.8934
1993   04   154.9792
1993   05   176.5958
1993   06   260.3261
1993   07   148.5605
1993   08   163.9480
1993   09   48.5359
1993   10   158.3653
1993   11   70.3497
1993   12   121.5876
1994   01   68.3939
1994   02   165.3504
1994   03   153.6632
1994   04   161.5893
1994   05   378.0935
1994   06   320.4023
1994   07   149.3735
1994   08   189.2928
1994   09   241.1407
1994   10   70.2188
1994   11   111.5637
1994   12   78.8775
1995   01   70.2478
1995   02   103.7534
1995   03   153.0178
1995   04   142.8072
1995   05   266.6378
1995   06   304.0956
1995   07   209.1193
1995   08   86.7999
1995   09   76.9556
1995   10   62.1180
1995   11   49.3482
1995   12   45.0818
1996   01   37.3034
1996   02   152.9179
1996   03   147.1263
1996   04   209.9620
1996   05   193.6838
1996   06   112.9757
1996   07   134.8947
1996   08   303.9218
1996   09   72.2715
1996   10   45.8413
1996   11   91.6266
1996   12   76.7880
1997   01   136.3370
1997   02   81.9350
1997   03   75.6742
1997   04   268.5759
1997   05   131.4182
1997   06   184.5749
1997   07   240.7432
1997   08   236.8386
1997   09   41.1945
1997   10   119.6382
1997   11   86.8829
1997   12   91.7565
1998   01   59.5027
1998   02   67.1436
1998   03   106.9848
1998   04   125.1084
1998   05   193.9050
1998   06   104.7534
1998   07   569.8906
1998   08   136.9930
1998   09   86.3357
1998   10   51.0818
1998   11   34.9168
1998   12   95.5150
1999   01   83.1970
1999   02   135.4348
1999   03   136.1725
1999   04   47.4198
1999   05   100.1195
1999   06   246.3502
1999   07   267.9315
1999   08   195.1468
1999   09   205.5259
1999   10   38.9438
1999   11   88.6477
1999   12   70.1516
2000   01   48.4304
2000   02   103.3605
2000   03   164.0346
2000   04   176.0719
2000   05   113.7921
2000   06   271.4278
2000   07   219.2500
2000   08   124.6759
2000   09   145.2599
2000   10   154.0285
2000   11   105.9808
2000   12   298.2204
2001   01   375.0186
2001   02   181.3457
2001   03   192.1439
2001   04   69.4615
2001   05   272.0505
2001   06   251.5546
2001   07   158.1267
2001   08   232.6071
2001   09   52.6336
2001   10   65.5549
2001   11   58.3736
2001   12   83.3606
2002   01   149.6938
2002   02   191.7838
2002   03   223.3583
2002   04   154.0122
2002   05   344.9070
2002   06   104.9424
2002   07   137.3207
2002   08   224.2139
2002   09   212.3211
2002   10   249.9357
2002   11   168.7579
2002   12   131.6572
2003   01   144.9925
2003   02   71.7663
2003   03   130.3961
2003   04   83.3256
2003   05   168.2615
2003   06   385.0199
2003   07   68.4991
2003   08   325.2632
2003   09   155.0846
2003   10   256.3260
2003   11   71.0601
2003   12   135.9641
2004   01   42.0453
2004   02   69.0588
2004   03   107.0417
2004   04   320.0269
2004   05   65.1338
2004   06   396.0577
2004   07   185.2154
2004   08   68.0989
2004   09   167.2702
2004   10   89.1396
2004   11   115.1559
2004   12   227.5184
2005   01   46.2534
2005   02   144.8865
2005   03   232.0821
2005   04   279.6951
2005   05   469.7833
2005   06   439.4403
2005   07   128.6594
2005   08   204.0736
2005   09   79.2049
2005   10   124.9442
2005   11   151.1663
2005   12   62.7509
2006   01   301.6970
2006   02   136.1455
2006   03   284.6451
2006   04   275.6306
2006   05   181.0995
2006   06   222.4513
2006   07   370.5512
2006   08   137.9502
2006   09   95.1626
2006   10   171.5453
2006   11   85.0300
2006   12   414.8434
2007   01   55.8584
2007   02   84.9878
2007   03   137.0988
2007   04   206.5343
2007   05   71.3679
2007   06   222.0440
2007   07   92.4847
2007   08   90.2156
2007   09   139.8749
2007   10   147.5116
2007   11   39.4471
2007   12   62.7489
2008   01   64.9784
2008   02   59.5161
2008   03   61.3144
2008   04   195.1497
2008   05   238.6589
2008   06   223.9211
2008   07   267.6355
2008   08   198.0604
2008   09   31.2793
2008   10   65.0852
2008   11   112.0367
2008   12   78.8815
2009   01   86.5052
2009   02   278.9358
2009   03   141.3590
2009   04   175.6948
2009   05   252.3223
2009   06   156.1139
2009   07   55.5567
2009   08   340.9627
2009   09   60.5798
2009   10   85.7952
2009   11   114.9604
2009   12   270.1066
2010   01   115.7459
2010   02   191.2802
2010   03   102.9340
2010   04   73.6406
2010   05   79.9593
2010   06   496.9722
2010   07   198.4527
2010   08   238.4990
2010   09   48.3287
2010   10   78.7322
2010   11   89.7038
2010   12   95.7415
2011   01   122.3500
2011   02   133.0385
2011   03   315.9134
2011   04   176.4855
2011   05   135.4088
2011   06   191.1504
2011   07   304.0674
2011   08   168.8986
2011   09   197.5408
2011   10   78.4378
2011   11   87.2196
2011   12   44.7169
2012   01   85.1093
2012   02   185.2150
2012   03   64.1630
2012   04   63.6298
2012   05   347.0790
2012   06   282.1501
2012   07   112.3010
2012   08   246.8262
2012   09   78.3478
2012   10   71.3599
2012   11   115.2024
2012   12   339.8009
2013   01   84.0117
2013   02   171.1336
2013   03   95.2052
2013   04   52.4378
2013   05   209.3726
2013   06   248.2487
2013   07   172.7858
2013   08   473.3202
2013   09   137.3286
2013   10   32.3562
2013   11   59.2619
2013   12   66.7649
2014   01   91.6943
2014   02   54.5923
2014   03   52.0488
2014   04   144.1102
2014   05   237.9083
2014   06   180.1698
2014   07   125.6120
2014   08   180.2564
2014   09   74.8775
2014   10   90.2255
2014   11   88.9456
2014   12   82.8966
2015   01   27.3736
2015   02   71.5490
2015   03   113.4766
2015   04   123.8523
2015   05   310.9995
2015   06   176.8707
2015   07   191.0127
2015   08   240.0562
2015   09   52.1929
2015   10   31.0244
2015   11   54.7142
2015   12   40.8420
2016   01   38.6522
2016   02   73.7055
2016   03   74.8194
2016   04   84.2813
2016   05   103.0511
2016   06   36.0191
2016   07   221.5294
2016   08   323.3011
2016   09   89.2903
2016   10   108.8696
2016   11   143.9370
2016   12   136.3537
2017   01   266.2101
2017   02   231.6207
2017   03   450.1813
2017   04   73.7159
2017   05   164.7814
2017   06   140.2691
2017   07   180.6962
2017   08   180.3952
2017   09   35.1803
2017   10   67.8466
2017   11   31.0601
2017   12   122.1104
2018   01   53.6501
2018   02   58.3247
2018   03   117.9371
2018   04   167.0551
2018   05   145.8764
2018   06   175.3792
2018   07   63.6768
2018   08   128.2138
2018   09   249.3312
2018   10   75.9178
2018   11   166.3924
2018   12   46.6918
2019   01   43.2478
2019   02   66.0708
2019   03   116.5067
2019   04   113.5583
2019   05   97.9728
2019   06   228.2467
2019   07   155.1485
2019   08   109.7386
2019   09   23.4264
2019   10   59.6555
2019   11   154.7207
2019   12   91.3093
2020   01   42.2391
2020   02   147.2020
2020   03   62.5961
2020   04   103.6083
2020   05   249.5246
2020   06   347.7269
2020   07   197.0174
2020   08   159.2205
2020   09   48.3581
2020   10   28.4277
2020   11   48.8932
2020   12   50.7767
2021   01   74.2075
2021   02   50.0034
2021   03   65.8383
2021   04   184.1837
2021   05   94.2026
2021   06   149.5085
2021   07   133.0432
2021   08   209.5713
2021   09   65.2937
2021   10   78.4236
2021   11   43.6873
2021   12   43.1778
2022   01   127.7187
2022   02   125.8520
2022   03   121.8180
2022   04   184.4420
2022   05   146.0394
2022   06   104.4788
2022   07   270.0700
2022   08   113.0812
2022   09   178.4991
2022   10   61.4490
2022   11   23.2077
2022   12   140.9472
2023   01   88.0019
2023   02   71.5987
2023   03   402.2819
2023   04   117.4065
2023   05   144.0161
2023   06   247.6179
2023   07   302.2064
2023   08   250.7035
2023   09   73.1818
2023   10   78.8926
2023   11   51.3463
2023   12   94.7586
2024   01   30.3659
2024   02   90.1428
2024   03   269.7582
2024   04   124.1425
2024   05   57.5252
2024   06   209.6075
2024   07   71.3758
2024   08   89.0067
2024   09   166.4286
2024   10   19.0047
2024   11   106.8060
2024   11   106.8060
2024   12   54.6999
2025   01   42.1381
2025   02   103.0877
2025   03   203.9978
2025   04   101.5210
2025   05   138.1725
2025   06   86.3562
