1991   01   65.9489
1991   02   40.3141
1991   03   87.9715
1991   04   81.5648
1991   05   259.0444
1991   06   177.7094
1991   07   274.5874
1991   08   151.0598
1991   09   197.8791
1991   10   102.9857
1991   11   102.7114
1991   12   172.6997
1992   01   32.7505
1992   02   71.5261
1992   03   71.6448
1992   04   137.4165
1992   05   245.7279
1992   06   210.9287
1992   07   177.2355
1992   08   97.6748
1992   09   142.8676
1992   10   153.9101
1992   11   77.9044
1992   12   136.5059
1993   01   61.7060
1993   02   44.0854
1993   03   335.0241
1993   04   222.9824
1993   05   341.7102
1993   06   455.5129
1993   07   281.2428
1993   08   90.2057
1993   09   63.7172
1993   10   88.6146
1993   11   131.7886
1993   12   40.3790
1994   01   74.4451
1994   02   49.6698
1994   03   51.5720
1994   04   201.5985
1994   05   303.0813
1994   06   467.5424
1994   07   198.9838
1994   08   228.9900
1994   09   241.5077
1994   10   143.3819
1994   11   162.2928
1994   12   145.0893
1995   01   67.4646
1995   02   51.8240
1995   03   48.8449
1995   04   125.1627
1995   05   214.0085
1995   06   361.6691
1995   07   288.4908
1995   08   265.7095
1995   09   127.0141
1995   10   150.7653
1995   11   65.8264
1995   12   33.8033
1996   01   41.7960
1996   02   71.5824
1996   03   113.1599
1996   04   134.4435
1996   05   164.1718
1996   06   150.5644
1996   07   88.5549
1996   08   287.7160
1996   09   63.2411
1996   10   54.8336
1996   11   82.8490
1996   12   90.7917
1997   01   138.1331
1997   02   91.4375
1997   03   38.9591
1997   04   196.7402
1997   05   173.2834
1997   06   317.5996
1997   07   427.4929
1997   08   243.1330
1997   09   89.9370
1997   10   150.5642
1997   11   136.4358
1997   12   83.3971
1998   01   32.5633
1998   02   29.1928
1998   03   81.4785
1998   04   138.9254
1998   05   216.6272
1998   06   227.3285
1998   07   174.1167
1998   08   153.2030
1998   09   82.9111
1998   10   29.7634
1998   11   52.2266
1998   12   86.5022
1999   01   56.8477
1999   02   49.8231
1999   03   52.1855
1999   04   63.7318
1999   05   165.5135
1999   06   283.8416
1999   07   260.4326
1999   08   228.6070
1999   09   181.6568
1999   10   26.8258
1999   11   126.9331
1999   12   113.7115
2000   01   39.6773
2000   02   148.2508
2000   03   79.8643
2000   04   149.9202
2000   05   105.6874
2000   06   538.5674
2000   07   323.1301
2000   08   165.6931
2000   09   114.2406
2000   10   205.2176
2000   11   116.5634
2000   12   74.2789
2001   01   267.2043
2001   02   50.3999
2001   03   123.7894
2001   04   102.3158
2001   05   321.3872
2001   06   287.2757
2001   07   397.3817
2001   08   184.9277
2001   09   87.3781
2001   10   93.2592
2001   11   113.1711
2001   12   36.2792
2002   01   87.7728
2002   02   128.5073
2002   03   173.3124
2002   04   206.1474
2002   05   412.0731
2002   06   170.0878
2002   07   175.8576
2002   08   264.0584
2002   09   208.1970
2002   10   338.0796
2002   11   249.5662
2002   12   154.5459
2003   01   85.9888
2003   02   33.9182
2003   03   73.3252
2003   04   110.4271
2003   05   76.8397
2003   06   363.2185
2003   07   192.5611
2003   08   196.9665
2003   09   226.4713
2003   10   158.4831
2003   11   143.8628
2003   12   131.8885
2004   01   30.8727
2004   02   29.7533
2004   03   84.7445
2004   04   320.4530
2004   05   66.1877
2004   06   506.4811
2004   07   196.0520
2004   08   310.0509
2004   09   111.3839
2004   10   175.3479
2004   11   192.2950
2004   12   168.6546
2005   01   45.3836
2005   02   60.7529
2005   03   199.7928
2005   04   162.5565
2005   05   451.9884
2005   06   311.0402
2005   07   283.2062
2005   08   288.4285
2005   09   83.8624
2005   10   76.4446
2005   11   128.3102
2005   12   70.6877
2006   01   201.3562
2006   02   87.7448
2006   03   120.4624
2006   04   211.0849
2006   05   173.7138
2006   06   371.6801
2006   07   385.0426
2006   08   226.4550
2006   09   149.6445
2006   10   185.1326
2006   11   50.3369
2006   12   231.2386
2007   01   69.2281
2007   02   71.0586
2007   03   63.2869
2007   04   174.8158
2007   05   28.9136
2007   06   170.0065
2007   07   172.6256
2007   08   168.6315
2007   09   109.1932
2007   10   129.0162
2007   11   70.3112
2007   12   37.1951
2008   01   55.6277
2008   02   52.7800
2008   03   37.0578
2008   04   178.8913
2008   05   363.6923
2008   06   246.7871
2008   07   412.7638
2008   08   251.3749
2008   09   23.5084
2008   10   35.3988
2008   11   79.2905
2008   12   77.3862
2009   01   41.3251
2009   02   85.9177
2009   03   66.7904
2009   04   190.7699
2009   05   400.8939
2009   06   190.4771
2009   07   86.7084
2009   08   357.2852
2009   09   59.5220
2009   10   156.1786
2009   11   111.1723
2009   12   111.2655
2010   01   55.5865
2010   02   94.2771
2010   03   93.2176
2010   04   67.0715
2010   05   121.2744
2010   06   340.1347
2010   07   198.1450
2010   08   234.6474
2010   09   58.0975
2010   10   78.5109
2010   11   125.1760
2010   12   92.4903
2011   01   99.3643
2011   02   39.1009
2011   03   130.5329
2011   04   203.9414
2011   05   178.7591
2011   06   232.7872
2011   07   276.4764
2011   08   267.9124
2011   09   246.5484
2011   10   58.5233
2011   11   87.5033
2011   12   36.3259
2012   01   102.9461
2012   02   165.8646
2012   03   54.9684
2012   04   61.1866
2012   05   314.6075
2012   06   344.3043
2012   07   161.3382
2012   08   266.5870
2012   09   70.8090
2012   10   44.4758
2012   11   77.2472
2012   12   244.0969
2013   01   36.9537
2013   02   91.7034
2013   03   113.9286
2013   04   172.9527
2013   05   233.8884
2013   06   280.8080
2013   07   237.9805
2013   08   266.5807
2013   09   143.3700
2013   10   79.6499
2013   11   68.3717
2013   12   45.9898
2014   01   82.0531
2014   02   38.4757
2014   03   60.8258
2014   04   133.1334
2014   05   241.6852
2014   06   344.7856
2014   07   285.0922
2014   08   211.4969
2014   09   76.7996
2014   10   99.4158
2014   11   80.7799
2014   12   30.1983
2015   01   16.2507
2015   02   41.5844
2015   03   51.3966
2015   04   118.7478
2015   05   363.2840
2015   06   214.5433
2015   07   402.6751
2015   08   299.9295
2015   09   90.4942
2015   10   56.9660
2015   11   56.1906
2015   12   66.2546
2016   01   28.5193
2016   02   44.3139
2016   03   52.7345
2016   04   115.4100
2016   05   70.5260
2016   06   44.5740
2016   07   185.1785
2016   08   262.2430
2016   09   86.4663
2016   10   83.8954
2016   11   96.6117
2016   12   92.1497
2017   01   56.1787
2017   02   134.8504
2017   03   92.5855
2017   04   123.6576
2017   05   207.7290
2017   06   364.0794
2017   07   272.4581
2017   08   419.8641
2017   09   101.6991
2017   10   208.8365
2017   11   56.9476
2017   12   65.5619
2018   01   67.5360
2018   02   53.8461
2018   03   137.3707
2018   04   159.9389
2018   05   176.9066
2018   06   236.8074
2018   07   157.6501
2018   08   232.9046
2018   09   168.4055
2018   10   78.7559
2018   11   171.8163
2018   12   65.8856
2019   01   33.0959
2019   02   29.2272
2019   03   55.0187
2019   04   107.0114
2019   05   158.5356
2019   06   220.6636
2019   07   236.6638
2019   08   167.4879
2019   09   36.8060
2019   10   72.8887
2019   11   278.0784
2019   12   72.7161
2020   01   44.6567
2020   02   45.7545
2020   03   79.4673
2020   04   156.3630
2020   05   296.9785
2020   06   310.2986
2020   07   293.0192
2020   08   148.8690
2020   09   78.4381
2020   10   44.9246
2020   11   137.7992
2020   12   57.0952
2021   01   49.5668
2021   02   14.7620
2021   03   30.9885
2021   04   122.8729
2021   05   127.7197
2021   06   285.8339
2021   07   134.2330
2021   08   226.6421
2021   09   59.6314
2021   10   66.3499
2021   11   108.7982
2021   12   28.3074
2022   01   95.0920
2022   02   54.2867
2022   03   105.8779
2022   04   199.8891
2022   05   120.4942
2022   06   259.5583
2022   07   375.2633
2022   08   105.9500
2022   09   98.8911
2022   10   63.9933
2022   11   93.4968
2022   12   89.6840
2023   01   36.9590
2023   02   30.4168
2023   03   135.1790
2023   04   128.8265
2023   05   134.2876
2023   06   289.6911
2023   07   382.4931
2023   08   274.0644
2023   09   78.9027
2023   10   50.4194
2023   11   101.7173
2023   12   44.8346
2024   01   31.5593
2024   02   18.7045
2024   03   174.6158
2024   04   145.3626
2024   05   115.9929
2024   06   231.9812
2024   07   103.5376
2024   08   131.6219
2024   09   212.3917
2024   10   16.1166
2024   11   381.1276
2024   11   381.1276
2024   12   35.5467
2025   01   40.6832
2025   02   39.1988
2025   03   83.3602
2025   04   134.7658
2025   05   232.5633
2025   06   191.7319
