1991   01   0.1517
1991   02   0.9402
1991   03   0.9660
1991   04   6.6632
1991   05   53.0641
1991   06   53.3411
1991   07   49.7278
1991   08   32.3878
1991   09   9.6354
1991   10   7.2641
1991   11   3.3117
1991   12   2.0072
1992   01   0.1522
1992   02   0.9611
1992   03   3.3735
1992   04   11.8112
1992   05   28.7409
1992   06   55.1772
1992   07   17.8476
1992   08   50.9406
1992   09   11.1053
1992   10   5.1285
1992   11   4.6377
1992   12   1.8888
1993   01   0.1516
1993   02   0.9877
1993   03   0.9581
1993   04   12.4904
1993   05   46.3654
1993   06   52.4914
1993   07   29.3634
1993   08   32.5640
1993   09   7.4209
1993   10   5.4409
1993   11   2.8894
1993   12   1.9092
1994   01   0.1516
1994   02   1.0597
1994   03   1.0706
1994   04   7.9129
1994   05   23.8066
1994   06   35.2255
1994   07   38.4291
1994   08   23.8776
1994   09   10.9053
1994   10   7.5339
1994   11   2.9220
1994   12   1.9653
1995   01   0.1516
1995   02   1.0579
1995   03   1.0520
1995   04   8.5172
1995   05   14.6725
1995   06   25.3022
1995   07   28.9296
1995   08   24.6599
1995   09   10.7869
1995   10   5.5079
1995   11   3.0679
1995   12   2.0379
1996   01   0.1516
1996   02   1.0675
1996   03   1.0564
1996   04   9.2419
1996   05   8.2382
1996   06   27.5853
1996   07   24.4706
1996   08   28.0175
1996   09   8.2210
1996   10   6.4145
1996   11   2.9363
1996   12   1.9967
1997   01   0.1516
1997   02   1.0568
1997   03   1.0658
1997   04   6.3953
1997   05   56.3890
1997   06   137.4814
1997   07   46.4354
1997   08   90.9517
1997   09   10.1998
1997   10   8.4631
1997   11   3.7165
1997   12   1.9798
1998   01   0.1516
1998   02   1.0778
1998   03   1.0420
1998   04   8.8222
1998   05   42.3975
1998   06   33.2260
1998   07   11.1450
1998   08   23.1066
1998   09   10.3329
1998   10   6.1157
1998   11   3.1342
1998   12   1.9713
1999   01   0.1516
1999   02   1.0576
1999   03   1.0500
1999   04   9.5378
1999   05   13.8813
1999   06   19.9786
1999   07   13.4954
1999   08   71.9962
1999   09   17.9208
1999   10   9.3480
1999   11   3.4052
1999   12   1.9749
2000   01   0.1516
2000   02   0.9941
2000   03   0.8787
2000   04   8.3958
2000   05   16.6886
2000   06   100.0310
2000   07   22.5943
2000   08   18.0196
2000   09   19.4885
2000   10   4.9393
2000   11   3.4369
2000   12   1.9485
2001   01   0.1516
2001   02   0.9638
2001   03   0.9623
2001   04   6.4531
2001   05   38.6707
2001   06   24.8581
2001   07   95.5312
2001   08   65.9845
2001   09   12.6757
2001   10   4.5107
2001   11   2.5505
2001   12   1.9460
2002   01   0.1516
2002   02   0.9633
2002   03   0.8999
2002   04   5.3155
2002   05   133.3273
2002   06   78.4592
2002   07   24.9123
2002   08   64.9935
2002   09   12.2341
2002   10   5.1196
2002   11   3.0388
2002   12   1.9561
2003   01   0.1516
2003   02   0.9633
2003   03   0.9070
2003   04   4.8336
2003   05   55.3065
2003   06   35.0734
2003   07   33.6823
2003   08   24.5743
2003   09   9.3157
2003   10   4.7063
2003   11   4.1072
2003   12   1.9442
2004   01   0.1516
2004   02   0.9628
2004   03   0.9080
2004   04   6.2173
2004   05   17.4294
2004   06   32.7157
2004   07   76.5541
2004   08   46.1852
2004   09   8.1586
2004   10   5.7485
2004   11   6.9841
2004   12   1.9506
2005   01   0.1516
2005   02   0.9627
2005   03   0.9850
2005   04   4.5958
2005   05   57.9734
2005   06   56.5018
2005   07   24.9070
2005   08   80.5266
2005   09   11.4328
2005   10   5.7523
2005   11   4.2003
2005   12   1.9448
2006   01   0.1516
2006   02   0.9635
2006   03   0.8778
2006   04   4.8540
2006   05   39.6266
2006   06   35.7872
2006   07   52.0097
2006   08   44.3071
2006   09   8.4807
2006   10   8.0445
2006   11   2.5375
2006   12   1.9441
2007   01   0.1516
2007   02   0.9624
2007   03   0.8860
2007   04   9.8819
2007   05   27.0527
2007   06   37.1692
2007   07   25.1684
2007   08   31.1376
2007   09   7.6462
2007   10   5.4859
2007   11   2.7583
2007   12   1.9548
2008   01   0.1516
2008   02   0.9634
2008   03   0.9414
2008   04   5.4440
2008   05   70.7779
2008   06   43.7792
2008   07   34.8683
2008   08   70.6383
2008   09   12.0959
2008   10   6.5716
2008   11   2.6802
2008   12   1.9534
2009   01   0.1516
2009   02   0.9626
2009   03   0.8808
2009   04   4.1327
2009   05   21.5098
2009   06   47.3564
2009   07   21.0349
2009   08   62.1490
2009   09   10.8128
2009   10   7.6680
2009   11   3.0124
2009   12   1.9467
2010   01   0.1516
2010   02   0.9632
2010   03   0.8778
2010   04   4.1453
2010   05   43.9864
2010   06   29.1917
2010   07   19.6692
2010   08   25.8526
2010   09   8.3240
2010   10   4.6427
2010   11   2.8690
2010   12   1.9519
2011   01   0.1516
2011   02   0.9745
2011   03   0.8801
2011   04   4.8703
2011   05   10.8961
2011   06   29.6168
2011   07   55.4840
2011   08   44.7864
2011   09   7.4769
2011   10   3.6589
2011   11   2.6778
2011   12   1.9512
2012   01   0.1516
2012   02   0.9634
2012   03   0.8770
2012   04   6.4221
2012   05   49.3142
2012   06   38.8123
2012   07   10.5796
2012   08   52.8337
2012   09   10.7644
2012   10   8.5401
2012   11   3.4246
2012   12   1.9481
2013   01   0.1538
2013   02   1.0256
2013   03   2.5974
2013   04   5.5139
2013   05   88.6032
2013   06   28.4909
2013   07   24.0601
2013   08   30.2812
2013   09   12.2521
2013   10   10.2861
2013   11   2.6315
2013   12   1.9656
2014   01   0.1538
2014   02   1.0231
2014   03   1.1736
2014   04   4.7747
2014   05   16.5134
2014   06   44.9567
2014   07   37.9888
2014   08   36.4440
2014   09   14.8193
2014   10   6.4198
2014   11   3.2999
2014   12   1.9538
2015   01   0.1538
2015   02   1.0243
2015   03   2.6520
2015   04   4.8469
2015   05   16.3706
2015   06   18.0497
2015   07   40.3053
2015   08   82.5666
2015   09   17.9761
2015   10   11.6759
2015   11   3.4354
2015   12   1.9528
2016   01   0.1538
2016   02   1.0248
2016   03   1.1648
2016   04   15.0291
2016   05   66.0249
2016   06   43.6840
2016   07   59.7290
2016   08   24.9512
2016   09   7.4842
2016   10   12.0103
2016   11   2.6886
2016   12   1.9829
2017   01   0.1538
2017   02   1.0221
2017   03   1.2333
2017   04   7.6709
2017   05   69.9932
2017   06   60.6157
2017   07   35.6645
2017   08   44.5193
2017   09   8.5084
2017   10   8.1993
2017   11   4.4314
2017   12   1.9797
2018   01   0.1538
2018   02   1.0248
2018   03   1.1561
2018   04   5.7881
2018   05   32.6830
2018   06   47.0485
2018   07   21.3775
2018   08   26.9340
2018   09   11.2505
2018   10   8.2289
2018   11   2.7538
2018   12   1.9531
2019   01   0.1538
2019   02   1.0248
2019   03   1.8176
2019   04   6.4392
2019   05   31.8680
2019   06   25.9593
2019   07   27.3171
2019   08   21.8028
2019   09   10.3483
2019   10   7.2150
2019   11   2.9012
2019   12   1.9378
2020   01   0.1538
2020   02   1.0206
2020   03   1.1383
2020   04   6.9253
2020   05   11.8526
2020   06   60.6937
2020   07   20.3550
2020   08   18.6457
2020   09   7.3479
2020   10   4.9234
2020   11   3.2717
2020   12   1.9572
2021   01   0.1538
2021   02   1.0210
2021   03   1.1295
2021   04   4.7441
2021   05   15.6631
2021   06   25.3401
2021   07   12.4116
2021   08   25.1593
2021   09   9.0523
2021   10   5.8924
2021   11   3.0148
2021   12   1.9506
2022   01   0.1538
2022   02   1.0586
2022   03   1.1288
2022   04   10.1304
2022   05   16.3468
2022   06   25.1526
2022   07   50.4336
2022   08   22.6203
2022   09   7.8865
2022   10   4.6094
2022   11   3.3164
2022   12   1.9437
2023   01   0.1538
2023   02   1.0205
2023   03   1.1325
2023   04   7.1357
2023   05   16.2225
2023   06   26.3152
2023   07   22.3305
2023   08   58.4214
2023   09   9.4511
2023   10   6.8550
2023   11   5.0715
2023   12   1.9556
2024   01   0.1538
2024   02   1.0411
2024   03   1.2384
2024   04   6.5798
2024   05   65.5815
2024   06   76.5738
2024   07   25.1777
2024   08   91.0165
2024   09   8.1716
2024   10   12.3500
2024   11   2.3821
2024   11   2.3821
2024   12   1.8797
2025   01   0.1536
2025   02   0.9842
2025   03   2.2047
2025   04   4.5628
2025   05   18.9798
2025   06   49.0542
