1991   01   0.8248
1991   02   3.0254
1991   03   1.6309
1991   04   8.1297
1991   05   73.6961
1991   06   90.0031
1991   07   130.9316
1991   08   49.5935
1991   09   22.3698
1991   10   8.4942
1991   11   3.9078
1991   12   2.3132
1992   01   0.8264
1992   02   3.1380
1992   03   5.4088
1992   04   18.0530
1992   05   118.8067
1992   06   85.4248
1992   07   30.4472
1992   08   58.3879
1992   09   13.7645
1992   10   4.4382
1992   11   5.9588
1992   12   1.9454
1993   01   0.8823
1993   02   6.7660
1993   03   1.9968
1993   04   31.2711
1993   05   78.9221
1993   06   67.9993
1993   07   55.9207
1993   08   39.7267
1993   09   9.2088
1993   10   8.6779
1993   11   4.1580
1993   12   1.5786
1994   01   0.9245
1994   02   4.5463
1994   03   1.9535
1994   04   16.9480
1994   05   34.0003
1994   06   69.0576
1994   07   63.3881
1994   08   31.3943
1994   09   15.3701
1994   10   8.9327
1994   11   4.0580
1994   12   2.5312
1995   01   1.0473
1995   02   4.3468
1995   03   2.1102
1995   04   17.7810
1995   05   21.8840
1995   06   53.7093
1995   07   55.3890
1995   08   46.6318
1995   09   22.7666
1995   10   7.0488
1995   11   4.3338
1995   12   2.0928
1996   01   0.9304
1996   02   4.3209
1996   03   2.1249
1996   04   15.0443
1996   05   33.8221
1996   06   52.1367
1996   07   40.5820
1996   08   37.4288
1996   09   10.3268
1996   10   6.7438
1996   11   3.1495
1996   12   1.7487
1997   01   0.9417
1997   02   4.2253
1997   03   3.1622
1997   04   7.8948
1997   05   72.3233
1997   06   214.0799
1997   07   63.2406
1997   08   85.9432
1997   09   14.0251
1997   10   18.5786
1997   11   10.3334
1997   12   1.7652
1998   01   0.9252
1998   02   5.4505
1998   03   3.1480
1998   04   25.4006
1998   05   44.2995
1998   06   43.3016
1998   07   26.8310
1998   08   23.0362
1998   09   19.9521
1998   10   6.0669
1998   11   4.2596
1998   12   1.5977
1999   01   0.9701
1999   02   4.3117
1999   03   2.4861
1999   04   17.5530
1999   05   15.8077
1999   06   46.9284
1999   07   40.0478
1999   08   109.2622
1999   09   35.8308
1999   10   15.8703
1999   11   3.8977
1999   12   1.5258
2000   01   0.9094
2000   02   3.2066
2000   03   1.5757
2000   04   33.1296
2000   05   30.9887
2000   06   216.9472
2000   07   36.8818
2000   08   21.2118
2000   09   40.2077
2000   10   6.6660
2000   11   9.4779
2000   12   1.2796
2001   01   0.7478
2001   02   3.1530
2001   03   2.6844
2001   04   15.5067
2001   05   45.4074
2001   06   47.5891
2001   07   183.7160
2001   08   59.5162
2001   09   17.4912
2001   10   6.4691
2001   11   5.5855
2001   12   1.4793
2002   01   0.7353
2002   02   3.0446
2002   03   2.4058
2002   04   19.5756
2002   05   150.6276
2002   06   148.3561
2002   07   60.2953
2002   08   85.8559
2002   09   24.5461
2002   10   10.7354
2002   11   4.5136
2002   12   2.1602
2003   01   0.6821
2003   02   3.3582
2003   03   1.7450
2003   04   9.0142
2003   05   66.4065
2003   06   73.3477
2003   07   48.5900
2003   08   30.2418
2003   09   17.3092
2003   10   6.9975
2003   11   12.5485
2003   12   1.8511
2004   01   0.7879
2004   02   3.9323
2004   03   2.3526
2004   04   17.4164
2004   05   21.3548
2004   06   74.9767
2004   07   85.0030
2004   08   58.6600
2004   09   13.5109
2004   10   7.9474
2004   11   25.3578
2004   12   1.6710
2005   01   0.7239
2005   02   4.2985
2005   03   5.6750
2005   04   8.4581
2005   05   75.2540
2005   06   135.9243
2005   07   57.5230
2005   08   110.7029
2005   09   14.2782
2005   10   7.8135
2005   11   8.7688
2005   12   1.0954
2006   01   0.7480
2006   02   3.0506
2006   03   1.5132
2006   04   8.2555
2006   05   38.9458
2006   06   127.9470
2006   07   153.9984
2006   08   96.2087
2006   09   16.5958
2006   10   30.9593
2006   11   4.6879
2006   12   1.2353
2007   01   0.7496
2007   02   5.1463
2007   03   4.7974
2007   04   11.6207
2007   05   35.2185
2007   06   103.3210
2007   07   50.8049
2007   08   52.8561
2007   09   7.0529
2007   10   7.1543
2007   11   3.8520
2007   12   1.1739
2008   01   0.7351
2008   02   3.0223
2008   03   1.7318
2008   04   9.8027
2008   05   104.6639
2008   06   58.3532
2008   07   53.3155
2008   08   104.2022
2008   09   14.3733
2008   10   6.7601
2008   11   3.4487
2008   12   1.4424
2009   01   0.8303
2009   02   3.1888
2009   03   1.5318
2009   04   4.4867
2009   05   22.0082
2009   06   81.2427
2009   07   42.1521
2009   08   71.6362
2009   09   18.4656
2009   10   11.8491
2009   11   4.2990
2009   12   1.3540
2010   01   0.7299
2010   02   2.9228
2010   03   1.4826
2010   04   6.1088
2010   05   45.8519
2010   06   49.7281
2010   07   41.1112
2010   08   26.5877
2010   09   9.9714
2010   10   8.8969
2010   11   6.7152
2010   12   1.1142
2011   01   0.7369
2011   02   3.4878
2011   03   1.6182
2011   04   9.0658
2011   05   10.7763
2011   06   65.6350
2011   07   52.5573
2011   08   64.8540
2011   09   6.0549
2011   10   4.9419
2011   11   5.1049
2011   12   1.1087
2012   01   0.8004
2012   02   3.0359
2012   03   1.4673
2012   04   14.1082
2012   05   57.8418
2012   06   78.8923
2012   07   18.5019
2012   08   46.3650
2012   09   12.2089
2012   10   21.8271
2012   11   4.6313
2012   12   1.3133
2013   01   0.8787
2013   02   3.7453
2013   03   4.1686
2013   04   5.1739
2013   05   87.1538
2013   06   35.5345
2013   07   36.2916
2013   08   38.6144
2013   09   14.2490
2013   10   7.8560
2013   11   3.3821
2013   12   1.2332
2014   01   0.8719
2014   02   6.0410
2014   03   1.7699
2014   04   7.8933
2014   05   30.5406
2014   06   68.7642
2014   07   45.2199
2014   08   52.8163
2014   09   23.7537
2014   10   10.4557
2014   11   5.4858
2014   12   1.6985
2015   01   0.8583
2015   02   4.0614
2015   03   6.0503
2015   04   5.9826
2015   05   19.9647
2015   06   16.4638
2015   07   52.8585
2015   08   105.5721
2015   09   19.3685
2015   10   24.5818
2015   11   7.3539
2015   12   2.3112
2016   01   1.4361
2016   02   3.5132
2016   03   2.3817
2016   04   70.4067
2016   05   75.1283
2016   06   50.6199
2016   07   70.8104
2016   08   22.6484
2016   09   5.2310
2016   10   14.9052
2016   11   3.8453
2016   12   3.6362
2017   01   0.8584
2017   02   5.2165
2017   03   1.8924
2017   04   25.1675
2017   05   71.0377
2017   06   72.9572
2017   07   42.1857
2017   08   56.8592
2017   09   12.7617
2017   10   20.1070
2017   11   6.0419
2017   12   1.2229
2018   01   0.9988
2018   02   3.4840
2018   03   1.7910
2018   04   8.8168
2018   05   44.4646
2018   06   48.8953
2018   07   36.5689
2018   08   26.3735
2018   09   16.8657
2018   10   10.4352
2018   11   3.2627
2018   12   2.4950
2019   01   0.9417
2019   02   3.4851
2019   03   3.1464
2019   04   12.6049
2019   05   38.6613
2019   06   39.3379
2019   07   27.1834
2019   08   20.2627
2019   09   11.3206
2019   10   9.4280
2019   11   2.4781
2019   12   1.6630
2020   01   0.8517
2020   02   3.3817
2020   03   1.5936
2020   04   8.2585
2020   05   14.1720
2020   06   119.9565
2020   07   66.7824
2020   08   17.6089
2020   09   5.4366
2020   10   3.6731
2020   11   4.1612
2020   12   1.2241
2021   01   3.3698
2021   02   3.4288
2021   03   2.1293
2021   04   4.0181
2021   05   27.9539
2021   06   31.1637
2021   07   11.3734
2021   08   29.8317
2021   09   11.6232
2021   10   6.7807
2021   11   2.8863
2021   12   1.1148
2022   01   1.0207
2022   02   7.8268
2022   03   1.5975
2022   04   19.1094
2022   05   12.8164
2022   06   36.0654
2022   07   81.5128
2022   08   24.7070
2022   09   8.2595
2022   10   2.9315
2022   11   3.1597
2022   12   1.3777
2023   01   0.8775
2023   02   3.5373
2023   03   1.5192
2023   04   6.3958
2023   05   19.6875
2023   06   49.7170
2023   07   31.9180
2023   08   73.8054
2023   09   41.3039
2023   10   5.5879
2023   11   9.3822
2023   12   1.0622
2024   01   0.8587
2024   02   4.4361
2024   03   1.9026
2024   04   4.9628
2024   05   120.8551
2024   06   168.7157
2024   07   23.3305
2024   08   85.1809
2024   09   9.3060
2024   10   10.1664
2024   11   2.4831
2024   11   2.4831
2024   12   1.0358
2025   01   0.7912
2025   02   2.9330
2025   03   3.3210
2025   04   3.7415
2025   05   63.1169
2025   06   67.6585
