1981 1 0.0
1981 2 0.0
1981 3 0.0
1981 4 0.0
1981 5 12.2647
1981 6 0.0
1981 7 4.5484
1981 8 3.6575
1981 9 0.0
1981 10 0.0
1981 11 0.0
1981 12 0.0
1982 1 0.0
1982 2 0.0
1982 3 0.0
1982 4 0.0
1982 5 5.5019
1982 6 16.8757
1982 7 2.6425
1982 8 5.6249
1982 9 0.0
1982 10 0.0
1982 11 0.0
1982 12 0.0
1983 1 0.0
1983 2 0.0
1983 3 0.0
1983 4 0.0
1983 5 0.0
1983 6 0.0
1983 7 38.7011
1983 8 3.3501
1983 9 0.0
1983 10 0.0
1983 11 0.0
1983 12 0.0
1984 1 0.0
1984 2 0.0
1984 3 4.8871
1984 4 0.0
1984 5 0.0
1984 6 0.0
1984 7 70.2381
1984 8 0.0
1984 9 0.0
1984 10 0.0
1984 11 0.0
1984 12 0.0
1985 1 0.0
1985 2 0.0
1985 3 0.0
1985 4 0.0
1985 5 0.0
1985 6 0.0
1985 7 10.389
1985 8 0.0
1985 9 0.0
1985 10 0.1
1985 11 0.0
1985 12 0.0
1986 1 0.0
1986 2 0.0
1986 3 0.0
1986 4 0.0
1986 5 5.1575
1986 6 0.0
1986 7 0.0
1986 8 2.1205
1986 9 0.0
1986 10 0.0
1986 11 0.0
1986 12 0.0
1987 1 0.0
1987 2 0.0
1987 3 0.0
1987 4 0.0
1987 5 25.7903
1987 6 0.0
1987 7 40.3901
1987 8 1.0
1987 9 0.0
1987 10 0.0
1987 11 0.0
1987 12 0.0
1988 1 0.0
1988 2 0.0
1988 3 0.0
1988 4 0.0
1988 5 0.0
1988 6 0.0
1988 7 0.0
1988 8 0.0
1988 9 0.0
1988 10 0.0
1988 11 0.0
1988 12 0.0
1989 1 0.0
1989 2 0.0
1989 3 0.0
1989 4 0.0
1989 5 0.0
1989 6 0.0
1989 7 4.8871
1989 8 13.1556
1989 9 0.0
1989 10 0.0
1989 11 0.0
1989 12 0.0
1990 1 0.0
1990 2 0.0
1990 3 0.0
1990 4 0.0
1990 5 0.0
1990 6 0.0
1990 7 0.0
1990 8 0.0
1990 9 0.0
1990 10 0.0
1990 11 0.0
1990 12 0.0
1991 1 0.0
1991 2 0.0
1991 3 0.0
1991 4 0.0
1991 5 0.0
1991 6 59.7417
1991 7 9.1907
1991 8 0.0
1991 9 0.0
1991 10 0.0
1991 11 0.0
1991 12 0.0
1992 1 0.0
1992 2 0.0
1992 3 6.0
1992 4 0.0
1992 5 18.0
1992 6 9.5
1992 7 0.0
1992 8 0.5
1992 9 0.0
1992 10 0.0
1992 11 0.0
1992 12 0.0
1993 1 0.0
1993 2 0.0
1993 3 0.0
1993 4 0.0
1993 5 0.0
1993 6 0.0
1993 7 0.0
1993 8 0.0
1993 9 0.0
1993 10 0.0
1993 11 0.0
1993 12 0.0
1994 1 0.0
1994 2 0.0
1994 3 0.0
1994 4 0.0
1994 5 0.0
1994 6 0.0
1994 7 0.0
1994 8 0.0
1994 9 0.0
1994 10 0.0
1994 11 0.0
1994 12 0.0
1995 1 0.0
1995 2 0.0
1995 3 0.0
1995 4 0.0
1995 5 0.0
1995 6 0.0
1995 7 0.0
1995 8 0.0
1995 9 0.0
1995 10 0.0
1995 11 0.0
1995 12 0.0
1996 1 0.0
1996 2 0.0
1996 3 0.0
1996 4 0.0
1996 5 0.0
1996 6 0.0
1996 7 0.0
1996 8 0.0
1996 9 0.0
1996 10 0.0
1996 11 0.0
1996 12 0.0
1997 1 0.0
1997 2 0.0
1997 3 0.0
1997 4 0.0
1997 5 1.0
1997 6 48.5
1997 7 0.0
1997 8 64.1
1997 9 0.0
1997 10 0.0
1997 11 0.0
1997 12 0.0
1998 1 0.0
1998 2 0.0
1998 3 0.0
1998 4 0.0
1998 5 0.0
1998 6 0.5
1998 7 0.0
1998 8 0.0
1998 9 0.0
1998 10 0.0
1998 11 0.0
1998 12 0.0
1999 1 0.0
1999 2 0.0
1999 3 0.5
1999 4 0.0
1999 5 0.0
1999 6 0.0
1999 7 0.0
1999 8 2.4
1999 9 0.0
1999 10 0.0
1999 11 0.0
1999 12 0.0
2000 1 0.0
2000 2 0.0
2000 3 0.0
2000 4 0.0
2000 5 2.0
2000 6 32.0
2000 7 0.0
2000 8 0.0
2000 9 0.0
2000 10 0.0
2000 11 0.0
2000 12 0.0
2001 1 0.0
2001 2 0.0
2001 3 0.0
2001 4 0.0
2001 5 0.0
2001 6 0.0
2001 7 0.0
2001 8 0.0
2001 9 0.0
2001 10 0.0
2001 11 0.0
2001 12 0.0
2002 1 0.0
2002 2 0.0
2002 3 0.0
2002 4 1.5
2002 5 0.0
2002 6 0.0
2002 7 0.0
2002 8 11.5
2002 9 0.0
2002 10 0.0
2002 11 0.0
2002 12 0.0
2003 1 0.0
2003 2 0.0
2003 3 0.0
2003 4 0.0
2003 5 0.0
2003 6 0.0
2003 7 0.0
2003 8 0.0
2003 9 0.0
2003 10 0.0
2003 11 0.0
2003 12 0.0
2004 1 0.0
2004 2 0.0
2004 3 0.0
2004 4 0.0
2004 5 0.0
2004 6 0.0
2004 7 21.0
2004 8 0.0
2004 9 0.0
2004 10 0.0
2004 11 0.0
2004 12 0.0
2005 1 0.0
2005 2 0.0
2005 3 0.0
2005 4 0.2
2005 5 0.0
2005 6 0.0
2005 7 18.0
2005 8 3.9
2005 9 0.0
2005 10 0.0
2005 11 0.0
2005 12 0.2
2006 1 0.0
2006 2 0.0
2006 3 0.0
2006 4 0.2
2006 5 0.0
2006 6 0.4
2006 7 0.4
2006 8 0.0
2006 9 0.0
2006 10 0.0
2006 11 0.0
2006 12 0.2
2007 1 0.2
2007 2 0.0
2007 3 0.0
2007 4 0.0
2007 5 0.0
2007 6 0.0
2007 7 0.0
2007 8 0.4
2007 9 0.2
2007 10 0.0
2007 11 0.2
2007 12 0.0
2008 1 0.0
2008 2 0.0
2008 3 0.0
2008 4 1.2
2008 5 0.6
2008 6 0.8
2008 7 7.6
2008 8 0.0
2008 9 0.0
2008 10 0.0
2008 11 0.0
2008 12 0.8
2009 1 0.0
2009 2 1.1
2009 3 0.0
2009 4 0.3
2009 5 0.2
2009 6 0.2
2009 7 3.6
2009 8 0.0
2009 9 0.0
2009 10 0.0
2009 11 0.0
2009 12 0.0
2010 1 0.0
2010 2 0.0
2010 3 0.0
2010 4 0.0
2010 5 26.3
2010 6 0.0
2010 7 0.0
2010 8 1.9
2010 9 0.4
2010 10 0.0
2010 11 0.0
2010 12 0.0
2011 1 0.0
2011 2 0.0
2011 3 0.0
2011 4 0.0
2011 5 0.2
2011 6 1.2
2011 7 29.4
2011 8 2.6
2011 9 0.9
2011 10 0.0
2011 11 0.0
2011 12 0.0
2012 1 0.0
2012 2 0.0
2012 3 0.0
2012 4 0.0
2012 5 0.2
2012 6 0.6
2012 7 0.0
2012 8 0.0
2012 9 1.5
2012 10 0.4
2012 11 0.2
2012 12 0.0
2013 1 0.0
2013 2 0.0
2013 3 0.0
2013 4 0.0
2013 5 5.4
2013 6 0.0
2013 7 1.0
2013 8 0.0
2013 9 0.4
2013 10 0.4
2013 11 0.2
2013 12 0.8
2014 1 0.0
2014 2 0.0
2014 3 0.3
2014 4 0.2
2014 5 4.0
2014 6 1.2
2014 7 0.8
2014 8 0.8
2014 9 1.8
2014 10 1.2
2014 11 0.0
2014 12 0.0
2015 1 0.2
2015 2 0.0
2015 3 9.8
2015 4 0.0
2015 5 0.0
2015 6 0.0
2015 7 14.4
2015 8 11.0
2015 9 0.2
2015 10 0.4
2015 11 0.0
2015 12 0.0
2016 1 0.0
2016 2 0.2
2016 3 0.2
2016 4 0.6
2016 5 0.0
2016 6 0.0
2016 7 0.4
2016 8 0.0
2016 9 1.4
2016 10 0.0
2016 11 0.0
2016 12 0.0
2017 1 0.0
2017 2 0.0
2017 3 0.0
2017 4 2.0
2017 5 12.6
2017 6 4.8
2017 7 0.0
2017 8 16.4
2017 9 1.0
2017 10 0.2
2017 11 0.0
2017 12 0.2
2018 1 0.0
2018 2 0.0
2018 3 0.0
2018 4 0.0
2018 5 0.0
2018 6 0.2
2018 7 0.0
2018 8 0.4
2018 9 0.0
2018 10 0.0
2018 11 0.0
2018 12 0.0
2019 1 0.0
2019 2 0.0
2019 3 0.0
2019 4 0.0
2019 5 0.0
2019 6 0.0
2019 7 0.0
2019 8 0.0
2019 9 0.0
2019 10 0.0
2019 11 0.8
2019 12 0.0
2020 1 0.0
2020 2 0.0
2020 3 0.0
2020 4 0.0
2020 5 0.0
2020 6 0.0
2020 7 0.0
2020 8 0.2
2020 9 0.0
2020 10 0.0
2020 11 0.0
2020 12 0.0
2021 1 0.3
2021 2 0.0
2021 3 0.0
2021 4 0.0
2021 5 0.0
2021 6 0.0
2021 7 0.0
2021 8 0.5
2021 9 0.1
2021 10 0.4
2021 11 0.2
2021 12 0.0
2022 1 0.1
2022 2 0.0
2022 3 0.0
2022 4 0.5
2022 5 0.0
2022 6 1.1
2022 7 34.3
2022 8 0.1
2022 9 0.0
2022 10 0.1
2022 11 0.7
2022 12 0.0
2023 1 0.1
2023 2 0.4
2023 3 0.0
2023 4 0.0
2023 5 0.0
2023 6 0.6
2023 7 0.0
2023 8 0.1
2023 9 1.2
2023 10 0.0
2023 11 0.3
2023 12 0.3
2024 1 0.0
2024 2 0.5
2024 3 0.1
2024 4 5.9
2024 5 0.2
2024 6 0.3
2024 7 0.1
2024 8 0.5
2024 9 0.0
2024 10 0.0
2024 11 0.3
2024 12 0.0
2025 1 0.5
2025 2 0.0
2025 3 0.0
2025 4 0.1
2025 5 0.1
2025 6 0.3
