1991   01   0.0000
1991   02   0.0000
1991   03   0.1369
1991   04   2.6077
1991   05   2.1537
1991   06   16.8859
1991   07   10.0081
1991   08   5.5803
1991   09   5.3428
1991   10   2.2815
1991   11   1.5981
1991   12   0.0900
1992   01   0.0000
1992   02   0.0000
1992   03   0.1885
1992   04   5.4360
1992   05   0.3663
1992   06   14.4451
1992   07   5.3497
1992   08   9.5218
1992   09   2.7982
1992   10   2.4048
1992   11   2.2226
1992   12   0.0867
1993   01   0.0000
1993   02   0.0000
1993   03   0.1263
1993   04   4.7358
1993   05   0.3676
1993   06   10.3376
1993   07   6.0046
1993   08   8.8957
1993   09   2.6095
1993   10   1.8718
1993   11   1.3630
1993   12   0.0948
1994   01   0.0000
1994   02   0.0000
1994   03   0.1416
1994   04   3.0137
1994   05   1.8890
1994   06   22.9489
1994   07   12.1728
1994   08   5.2484
1994   09   4.1176
1994   10   2.6461
1994   11   1.5537
1994   12   0.0867
1995   01   0.0000
1995   02   0.0000
1995   03   0.1312
1995   04   3.0732
1995   05   0.3779
1995   06   10.2039
1995   07   4.6790
1995   08   4.5644
1995   09   5.5736
1995   10   2.3065
1995   11   1.4962
1995   12   0.1030
1996   01   0.0000
1996   02   0.0000
1996   03   0.1320
1996   04   2.9001
1996   05   0.3474
1996   06   13.3147
1996   07   10.1339
1996   08   6.6232
1996   09   2.5301
1996   10   2.9851
1996   11   1.5327
1996   12   0.0867
1997   01   0.0000
1997   02   0.0000
1997   03   0.1302
1997   04   2.6777
1997   05   1.7228
1997   06   64.8454
1997   07   8.8161
1997   08   23.1194
1997   09   4.4242
1997   10   2.2939
1997   11   2.3747
1997   12   0.0866
1998   01   0.0000
1998   02   0.0000
1998   03   0.1253
1998   04   3.2412
1998   05   1.1485
1998   06   18.5088
1998   07   4.8163
1998   08   5.0720
1998   09   2.5299
1998   10   2.5286
1998   11   1.5328
1998   12   0.0867
1999   01   0.0000
1999   02   0.0000
1999   03   0.1302
1999   04   4.1749
1999   05   0.4302
1999   06   8.6844
1999   07   6.8206
1999   08   11.6841
1999   09   7.8075
1999   10   2.8195
1999   11   1.5341
1999   12   0.0867
2000   01   0.0000
2000   02   0.0000
2000   03   0.0936
2000   04   3.1332
2000   05   0.6997
2000   06   19.4968
2000   07   6.5974
2000   08   4.6421
2000   09   13.1330
2000   10   2.1430
2000   11   1.3647
2000   12   0.0780
2001   01   0.0000
2001   02   0.0000
2001   03   0.0936
2001   04   2.0388
2001   05   0.4473
2001   06   7.7883
2001   07   25.0028
2001   08   16.7727
2001   09   9.7497
2001   10   2.0693
2001   11   1.7185
2001   12   0.0779
2002   01   0.0000
2002   02   0.0000
2002   03   0.0936
2002   04   2.5106
2002   05   2.2018
2002   06   24.4329
2002   07   10.0304
2002   08   16.4760
2002   09   4.4489
2002   10   1.9446
2002   11   1.5267
2002   12   0.0780
2003   01   0.0000
2003   02   0.0000
2003   03   0.1104
2003   04   1.8934
2003   05   1.1677
2003   06   12.0228
2003   07   9.7970
2003   08   4.7236
2003   09   2.5828
2003   10   1.7308
2003   11   1.3818
2003   12   0.0779
2004   01   0.0000
2004   02   0.0000
2004   03   0.0938
2004   04   1.6652
2004   05   0.6562
2004   06   11.3081
2004   07   20.1086
2004   08   9.1690
2004   09   2.2723
2004   10   2.2707
2004   11   2.7300
2004   12   0.0812
2005   01   0.0000
2005   02   0.0000
2005   03   0.1084
2005   04   1.9382
2005   05   0.8564
2005   06   10.2212
2005   07   5.5340
2005   08   11.4559
2005   09   3.3087
2005   10   2.0275
2005   11   1.6561
2005   12   0.0780
2006   01   0.0000
2006   02   0.0000
2006   03   0.0924
2006   04   2.3425
2006   05   1.0849
2006   06   15.8379
2006   07   18.1473
2006   08   12.0123
2006   09   2.6114
2006   10   2.1528
2006   11   1.3640
2006   12   0.0780
2007   01   0.0000
2007   02   0.0000
2007   03   0.0937
2007   04   5.0479
2007   05   0.7169
2007   06   18.0381
2007   07   6.5782
2007   08   9.3736
2007   09   3.0574
2007   10   1.8694
2007   11   1.3401
2007   12   0.0853
2008   01   0.0000
2008   02   0.0000
2008   03   0.0960
2008   04   2.0245
2008   05   1.6738
2008   06   22.7726
2008   07   9.7428
2008   08   20.6091
2008   09   2.7684
2008   10   1.7120
2008   11   1.3647
2008   12   0.0780
2009   01   0.0000
2009   02   0.0000
2009   03   0.0937
2009   04   1.6018
2009   05   0.2572
2009   06   18.5446
2009   07   5.9677
2009   08   13.2172
2009   09   2.6003
2009   10   1.6747
2009   11   1.3380
2009   12   0.0779
2010   01   0.0000
2010   02   0.0000
2010   03   0.0923
2010   04   2.1204
2010   05   0.8742
2010   06   11.1677
2010   07   6.2813
2010   08   6.2862
2010   09   2.4193
2010   10   1.7393
2010   11   1.7394
2010   12   0.0780
2011   01   0.0000
2011   02   0.0000
2011   03   0.0970
2011   04   1.5988
2011   05   0.5404
2011   06   12.9855
2011   07   11.8593
2011   08   6.1958
2011   09   3.0279
2011   10   1.8797
2011   11   1.3647
2011   12   0.0802
2012   01   0.0000
2012   02   0.0000
2012   03   0.0923
2012   04   3.1321
2012   05   2.0221
2012   06   9.9604
2012   07   4.7637
2012   08   7.4607
2012   09   4.7100
2012   10   1.9101
2012   11   1.3832
2012   12   0.0779
2013   01   0.0000
2013   02   0.0000
2013   03   0.1237
2013   04   2.6485
2013   05   1.8292
2013   06   8.3523
2013   07   5.2033
2013   08   3.7995
2013   09   4.2125
2013   10   3.6835
2013   11   1.4912
2013   12   0.0855
2014   01   0.0000
2014   02   0.0000
2014   03   0.1369
2014   04   2.0346
2014   05   0.3187
2014   06   11.1201
2014   07   5.2745
2014   08   4.1598
2014   09   7.4626
2014   10   2.0981
2014   11   1.4339
2014   12   0.0934
2015   01   0.0000
2015   02   0.0000
2015   03   0.4441
2015   04   1.9012
2015   05   0.3269
2015   06   7.4853
2015   07   11.8359
2015   08   11.4854
2015   09   8.4407
2015   10   3.6240
2015   11   1.4695
2015   12   0.0854
2016   01   0.0000
2016   02   0.0000
2016   03   0.1279
2016   04   4.1344
2016   05   2.1964
2016   06   17.7015
2016   07   12.6412
2016   08   4.2319
2016   09   2.2981
2016   10   4.1003
2016   11   1.7092
2016   12   0.0854
2017   01   0.0000
2017   02   0.0000
2017   03   0.1240
2017   04   3.2944
2017   05   0.6421
2017   06   23.7688
2017   07   4.8316
2017   08   5.8528
2017   09   3.0198
2017   10   2.1555
2017   11   2.0068
2017   12   0.0879
2018   01   0.0000
2018   02   0.0000
2018   03   0.2051
2018   04   2.2808
2018   05   0.9819
2018   06   23.6276
2018   07   5.7521
2018   08   4.1482
2018   09   3.3169
2018   10   3.4043
2018   11   1.4560
2018   12   0.0854
2019   01   0.0000
2019   02   0.0000
2019   03   0.1245
2019   04   2.6627
2019   05   2.8096
2019   06   10.7336
2019   07   5.9437
2019   08   3.8267
2019   09   3.6090
2019   10   3.1141
2019   11   1.4472
2019   12   0.0741
2020   01   0.0000
2020   02   0.0000
2020   03   0.1241
2020   04   2.9888
2020   05   0.2161
2020   06   35.8827
2020   07   2.7647
2020   08   3.4362
2020   09   1.6133
2020   10   1.9785
2020   11   2.0996
2020   12   0.0854
2021   01   0.0000
2021   02   0.0000
2021   03   0.1256
2021   04   2.1107
2021   05   0.1830
2021   06   16.7203
2021   07   2.9754
2021   08   2.8250
2021   09   1.6748
2021   10   2.0099
2021   11   1.4489
2021   12   0.0741
2022   01   0.0000
2022   02   0.0000
2022   03   0.1270
2022   04   2.0826
2022   05   0.1679
2022   06   7.4903
2022   07   14.6983
2022   08   2.5240
2022   09   2.5189
2022   10   1.8911
2022   11   2.5020
2022   12   0.0768
2023   01   0.0000
2023   02   0.0000
2023   03   0.1307
2023   04   3.4690
2023   05   0.5986
2023   06   4.8282
2023   07   3.4437
2023   08   2.8564
2023   09   3.4858
2023   10   1.7389
2023   11   1.4251
2023   12   0.0883
2024   01   0.0000
2024   02   0.0000
2024   03   0.1299
2024   04   3.5952
2024   05   0.7604
2024   06   24.7461
2024   07   4.2624
2024   08   9.5541
2024   09   2.1776
2024   10   4.4331
2024   11   1.5017
2024   11   1.5017
2024   12   0.0843
2025   01   0.0000
2025   02   0.0000
2025   03   0.2150
2025   04   2.1353
2025   05   0.1988
2025   06   29.8082
