1991   01   39.6391
1991   02   26.3174
1991   03   112.0637
1991   04   158.3097
1991   05   235.9729
1991   06   146.7369
1991   07   190.9446
1991   08   164.1760
1991   09   129.8003
1991   10   90.1467
1991   11   99.4944
1991   12   136.4001
1992   01   23.9303
1992   02   24.5919
1992   03   200.9335
1992   04   113.3784
1992   05   197.9179
1992   06   217.6768
1992   07   114.9002
1992   08   107.0645
1992   09   90.5133
1992   10   189.0325
1992   11   34.5387
1992   12   74.9779
1993   01   47.2273
1993   02   47.8361
1993   03   341.7821
1993   04   269.6951
1993   05   334.7679
1993   06   419.7099
1993   07   244.7026
1993   08   73.9007
1993   09   47.4178
1993   10   59.7487
1993   11   114.5935
1993   12   68.8667
1994   01   33.7617
1994   02   18.7544
1994   03   36.5904
1994   04   167.7409
1994   05   228.5108
1994   06   297.5903
1994   07   194.1939
1994   08   124.3624
1994   09   125.3394
1994   10   127.4942
1994   11   105.5596
1994   12   105.9545
1995   01   140.8783
1995   02   15.3790
1995   03   92.1402
1995   04   168.1589
1995   05   136.0759
1995   06   377.4049
1995   07   176.3940
1995   08   249.8290
1995   09   98.6134
1995   10   72.5039
1995   11   39.2056
1995   12   22.3931
1996   01   35.6761
1996   02   34.3394
1996   03   109.7123
1996   04   141.4199
1996   05   184.3344
1996   06   138.7291
1996   07   79.0826
1996   08   220.7759
1996   09   76.3977
1996   10   54.0149
1996   11   84.0258
1996   12   95.6847
1997   01   112.2602
1997   02   33.4186
1997   03   31.9370
1997   04   227.3467
1997   05   168.3059
1997   06   412.6440
1997   07   253.3350
1997   08   170.4771
1997   09   106.3387
1997   10   93.7418
1997   11   149.2006
1997   12   49.8308
1998   01   23.5494
1998   02   31.5610
1998   03   55.9802
1998   04   115.4575
1998   05   174.1071
1998   06   235.7733
1998   07   114.5894
1998   08   124.0008
1998   09   101.2675
1998   10   18.8845
1998   11   40.2235
1998   12   38.4955
1999   01   25.4800
1999   02   39.8728
1999   03   107.2213
1999   04   76.8013
1999   05   145.1741
1999   06   287.6409
1999   07   126.1006
1999   08   222.2301
1999   09   152.6493
1999   10   29.1823
1999   11   81.1078
1999   12   62.5632
2000   01   49.9558
2000   02   137.9888
2000   03   81.6440
2000   04   147.9523
2000   05   91.0919
2000   06   472.8046
2000   07   226.2615
2000   08   112.9516
2000   09   113.4340
2000   10   115.3703
2000   11   96.8182
2000   12   60.5188
2001   01   148.0585
2001   02   27.8297
2001   03   113.1619
2001   04   66.8989
2001   05   289.7833
2001   06   229.8414
2001   07   247.7470
2001   08   143.5509
2001   09   56.3991
2001   10   63.3490
2001   11   119.0080
2001   12   26.1588
2002   01   44.5695
2002   02   83.3910
2002   03   135.0997
2002   04   170.4029
2002   05   281.1028
2002   06   163.1560
2002   07   132.3335
2002   08   209.9117
2002   09   141.0120
2002   10   244.6215
2002   11   134.1093
2002   12   90.7236
2003   01   26.9881
2003   02   21.5145
2003   03   80.9262
2003   04   63.8971
2003   05   90.5503
2003   06   337.2735
2003   07   143.8331
2003   08   147.2160
2003   09   167.9572
2003   10   109.9446
2003   11   107.5788
2003   12   77.2893
2004   01   32.2372
2004   02   26.7438
2004   03   72.6349
2004   04   314.4063
2004   05   84.7034
2004   06   393.0717
2004   07   180.6829
2004   08   229.3802
2004   09   111.6901
2004   10   117.1186
2004   11   132.1809
2004   12   79.7142
2005   01   33.6571
2005   02   47.7815
2005   03   119.4461
2005   04   78.9754
2005   05   427.4073
2005   06   310.8492
2005   07   159.6764
2005   08   255.1134
2005   09   66.2973
2005   10   70.7468
2005   11   154.9715
2005   12   55.3183
2006   01   106.0740
2006   02   34.6735
2006   03   92.9654
2006   04   223.3810
2006   05   161.0196
2006   06   326.8956
2006   07   245.0104
2006   08   158.5631
2006   09   98.3371
2006   10   98.7117
2006   11   39.3222
2006   12   130.9408
2007   01   33.7305
2007   02   51.3084
2007   03   80.0575
2007   04   172.5870
2007   05   59.7853
2007   06   164.5389
2007   07   152.6070
2007   08   141.1814
2007   09   111.8119
2007   10   79.4441
2007   11   57.3162
2007   12   40.0185
2008   01   37.1140
2008   02   23.7072
2008   03   46.4568
2008   04   85.4144
2008   05   325.8593
2008   06   139.7929
2008   07   285.2572
2008   08   257.2793
2008   09   30.3000
2008   10   50.8623
2008   11   79.2045
2008   12   37.4538
2009   01   19.3162
2009   02   55.5753
2009   03   50.2603
2009   04   139.8845
2009   05   340.0856
2009   06   204.8279
2009   07   82.0490
2009   08   322.3436
2009   09   70.3613
2009   10   140.6652
2009   11   109.5539
2009   12   71.6298
2010   01   37.5294
2010   02   87.2060
2010   03   62.2882
2010   04   39.3794
2010   05   102.5886
2010   06   276.8797
2010   07   115.0256
2010   08   191.4428
2010   09   70.2280
2010   10   67.9975
2010   11   58.4272
2010   12   82.9626
2011   01   72.2722
2011   02   21.6492
2011   03   129.4041
2011   04   180.3913
2011   05   171.8812
2011   06   170.6745
2011   07   163.0283
2011   08   214.2786
2011   09   169.5402
2011   10   44.5592
2011   11   49.8402
2011   12   26.9724
2012   01   70.0649
2012   02   125.7152
2012   03   57.2077
2012   04   64.2093
2012   05   243.9051
2012   06   272.0331
2012   07   114.4404
2012   08   204.7857
2012   09   81.2070
2012   10   31.9445
2012   11   53.0513
2012   12   154.3179
2013   01   21.3277
2013   02   49.3359
2013   03   65.9561
2013   04   144.8865
2013   05   240.5883
2013   06   135.4712
2013   07   105.4030
2013   08   183.2363
2013   09   150.0588
2013   10   38.3917
2013   11   63.5225
2013   12   31.6075
2014   01   41.8912
2014   02   27.0154
2014   03   65.8260
2014   04   116.2202
2014   05   151.8352
2014   06   257.5181
2014   07   249.1904
2014   08   144.7283
2014   09   145.4515
2014   10   85.7969
2014   11   65.1415
2014   12   33.1359
2015   01   12.1972
2015   02   19.8408
2015   03   39.4151
2015   04   144.5309
2015   05   278.3369
2015   06   222.2525
2015   07   251.6693
2015   08   268.7368
2015   09   80.5817
2015   10   32.8579
2015   11   37.7654
2015   12   76.5154
2016   01   36.4926
2016   02   27.4066
2016   03   37.5693
2016   04   123.8052
2016   05   121.5661
2016   06   30.5614
2016   07   136.8904
2016   08   209.4128
2016   09   79.0291
2016   10   82.7003
2016   11   101.7108
2016   12   67.3678
2017   01   45.1355
2017   02   66.3223
2017   03   90.0528
2017   04   119.6837
2017   05   212.2125
2017   06   203.9177
2017   07   101.8922
2017   08   251.9455
2017   09   95.2155
2017   10   150.2445
2017   11   46.2937
2017   12   77.1357
2018   01   44.3708
2018   02   26.3791
2018   03   217.0211
2018   04   163.3827
2018   05   113.3383
2018   06   171.7915
2018   07   82.6525
2018   08   197.2312
2018   09   132.2115
2018   10   67.6949
2018   11   118.5048
2018   12   50.5286
2019   01   18.5470
2019   02   14.8924
2019   03   41.3991
2019   04   56.7047
2019   05   165.6732
2019   06   229.9777
2019   07   170.1446
2019   08   119.4264
2019   09   42.6679
2019   10   50.0506
2019   11   145.7040
2019   12   45.5446
2020   01   29.0229
2020   02   23.2252
2020   03   48.0943
2020   04   144.0382
2020   05   165.0835
2020   06   296.1888
2020   07   205.1844
2020   08   127.0490
2020   09   57.2298
2020   10   33.4407
2020   11   87.5331
2020   12   44.3795
2021   01   37.7183
2021   02   8.2226
2021   03   35.5391
2021   04   105.3470
2021   05   91.5109
2021   06   214.6045
2021   07   96.1457
2021   08   150.1709
2021   09   54.2023
2021   10   32.4414
2021   11   65.1794
2021   12   33.2189
2022   01   67.0338
2022   02   42.9103
2022   03   113.1643
2022   04   165.8879
2022   05   98.6528
2022   06   222.7851
2022   07   252.3031
2022   08   113.3998
2022   09   92.6940
2022   10   58.5089
2022   11   68.8901
2022   12   35.1626
2023   01   28.8180
2023   02   23.9249
2023   03   93.7405
2023   04   109.1359
2023   05   135.0432
2023   06   215.7233
2023   07   197.9108
2023   08   179.4220
2023   09   72.1107
2023   10   53.3727
2023   11   86.1462
2023   12   21.7807
2024   01   12.5100
2024   02   13.1209
2024   03   151.4707
2024   04   122.0513
2024   05   114.2296
2024   06   219.3391
2024   07   70.1079
2024   08   77.6288
2024   09   152.3826
2024   10   14.7549
2024   11   247.0140
2024   11   247.0140
2024   12   20.5747
2025   01   36.5573
2025   02   19.1083
2025   03   83.7673
2025   04   120.6638
2025   05   166.3857
2025   06   152.9802
