1991   01   45.7092
1991   02   30.0123
1991   03   89.2942
1991   04   282.5168
1991   05   595.3688
1991   06   235.1640
1991   07   470.3832
1991   08   283.1414
1991   09   342.7957
1991   10   253.4236
1991   11   119.1898
1991   12   302.7919
1992   01   34.4705
1992   02   42.6083
1992   03   176.3025
1992   04   206.6626
1992   05   776.6036
1992   06   427.3531
1992   07   169.2563
1992   08   228.2835
1992   09   481.1388
1992   10   395.6047
1992   11   155.2789
1992   12   186.5199
1993   01   44.9128
1993   02   21.6483
1993   03   114.4658
1993   04   283.5617
1993   05   763.6829
1993   06   496.3012
1993   07   541.3330
1993   08   281.9484
1993   09   234.5099
1993   10   277.9187
1993   11   206.9449
1993   12   136.5102
1994   01   46.4878
1994   02   28.7961
1994   03   69.5198
1994   04   268.5335
1994   05   390.7575
1994   06   594.9378
1994   07   491.3519
1994   08   145.5738
1994   09   433.4795
1994   10   324.5570
1994   11   200.7520
1994   12   221.7794
1995   01   71.2393
1995   02   28.1489
1995   03   87.1737
1995   04   330.5468
1995   05   187.6255
1995   06   504.6675
1995   07   486.5833
1995   08   488.3773
1995   09   232.2155
1995   10   281.8607
1995   11   114.2120
1995   12   49.8520
1996   01   46.9453
1996   02   87.3446
1996   03   106.8583
1996   04   216.7409
1996   05   288.5928
1996   06   280.1032
1996   07   164.8909
1996   08   403.1157
1996   09   125.4177
1996   10   231.2376
1996   11   190.3185
1996   12   93.0038
1997   01   69.3840
1997   02   41.0463
1997   03   37.7483
1997   04   510.7097
1997   05   380.8326
1997   06   549.0171
1997   07   396.7285
1997   08   308.5924
1997   09   332.3700
1997   10   513.4891
1997   11   281.6848
1997   12   115.3489
1998   01   36.3148
1998   02   43.7179
1998   03   78.2283
1998   04   155.7496
1998   05   312.4520
1998   06   243.9099
1998   07   235.1544
1998   08   291.6209
1998   09   300.8954
1998   10   90.5438
1998   11   147.5663
1998   12   120.4502
1999   01   45.4170
1999   02   50.8698
1999   03   106.7405
1999   04   110.8312
1999   05   447.5726
1999   06   526.4690
1999   07   233.0189
1999   08   584.9442
1999   09   588.6604
1999   10   167.8253
1999   11   120.1482
1999   12   72.7092
2000   01   33.9087
2000   02   170.1477
2000   03   107.7268
2000   04   234.8853
2000   05   370.9475
2000   06   792.4680
2000   07   359.7658
2000   08   359.9478
2000   09   565.5537
2000   10   198.3458
2000   11   165.9772
2000   12   127.1808
2001   01   101.8892
2001   02   31.6211
2001   03   114.6820
2001   04   106.5491
2001   05   715.8043
2001   06   388.4074
2001   07   841.2756
2001   08   249.7494
2001   09   180.8875
2001   10   138.8508
2001   11   245.4621
2001   12   47.6181
2002   01   67.7011
2002   02   70.4538
2002   03   202.4318
2002   04   142.0338
2002   05   418.9719
2002   06   296.6995
2002   07   313.2805
2002   08   414.9590
2002   09   396.7743
2002   10   611.0140
2002   11   226.9457
2002   12   162.6902
2003   01   40.5941
2003   02   22.4671
2003   03   72.1913
2003   04   103.3786
2003   05   178.3920
2003   06   583.9805
2003   07   277.0711
2003   08   252.1314
2003   09   484.6988
2003   10   213.0204
2003   11   228.9604
2003   12   111.5175
2004   01   31.1254
2004   02   38.0181
2004   03   123.8941
2004   04   358.4210
2004   05   100.3857
2004   06   501.2934
2004   07   408.7401
2004   08   236.1236
2004   09   266.0790
2004   10   262.0370
2004   11   242.4331
2004   12   157.9856
2005   01   50.8811
2005   02   18.5666
2005   03   134.0860
2005   04   91.3398
2005   05   692.9907
2005   06   448.7321
2005   07   203.2631
2005   08   518.2950
2005   09   195.5777
2005   10   186.3540
2005   11   389.4356
2005   12   132.5240
2006   01   121.9274
2006   02   41.4873
2006   03   104.8044
2006   04   233.6962
2006   05   186.7216
2006   06   497.2269
2006   07   585.2856
2006   08   372.7521
2006   09   387.7776
2006   10   268.0726
2006   11   112.2515
2006   12   222.0787
2007   01   39.4814
2007   02   71.5033
2007   03   90.3568
2007   04   257.3080
2007   05   124.4460
2007   06   306.2985
2007   07   370.1884
2007   08   288.1638
2007   09   263.3326
2007   10   178.1620
2007   11   118.0610
2007   12   124.7888
2008   01   34.4738
2008   02   36.2929
2008   03   72.9427
2008   04   169.4497
2008   05   429.7446
2008   06   176.6596
2008   07   370.0475
2008   08   457.5654
2008   09   245.8661
2008   10   117.6046
2008   11   192.4013
2008   12   77.0323
2009   01   33.7363
2009   02   57.6221
2009   03   52.1735
2009   04   139.1448
2009   05   516.0369
2009   06   320.7990
2009   07   217.6826
2009   08   604.8118
2009   09   194.6585
2009   10   353.5801
2009   11   218.5281
2009   12   130.3919
2010   01   53.7239
2010   02   92.2957
2010   03   87.3497
2010   04   81.7637
2010   05   188.9778
2010   06   332.1785
2010   07   324.2581
2010   08   306.6902
2010   09   163.3498
2010   10   188.8085
2010   11   144.3864
2010   12   170.0709
2011   01   86.1351
2011   02   47.5446
2011   03   125.4068
2011   04   333.5275
2011   05   282.4263
2011   06   302.1068
2011   07   223.1476
2011   08   374.3131
2011   09   355.7100
2011   10   137.1772
2011   11   210.1635
2011   12   56.6600
2012   01   53.8063
2012   02   109.8894
2012   03   82.2781
2012   04   71.9961
2012   05   382.9974
2012   06   408.6850
2012   07   171.2667
2012   08   258.8091
2012   09   205.8855
2012   10   158.8003
2012   11   156.1664
2012   12   284.5829
2013   01   33.9035
2013   02   41.0568
2013   03   66.6272
2013   04   112.4192
2013   05   248.3148
2013   06   166.7772
2013   07   137.2228
2013   08   337.7612
2013   09   307.9475
2013   10   132.9842
2013   11   189.2473
2013   12   60.5371
2014   01   88.7434
2014   02   54.1034
2014   03   192.6727
2014   04   100.1436
2014   05   346.9262
2014   06   298.6201
2014   07   340.5734
2014   08   257.9274
2014   09   468.5437
2014   10   157.9691
2014   11   111.3973
2014   12   87.6404
2015   01   22.4178
2015   02   20.3999
2015   03   42.3635
2015   04   139.0458
2015   05   319.4792
2015   06   327.6901
2015   07   503.7058
2015   08   513.3389
2015   09   381.6276
2015   10   199.1570
2015   11   142.4592
2015   12   114.3018
2016   01   45.2609
2016   02   21.2944
2016   03   66.9296
2016   04   178.6236
2016   05   171.5197
2016   06   85.1901
2016   07   333.2429
2016   08   239.0631
2016   09   235.8773
2016   10   218.2115
2016   11   161.2323
2016   12   165.8386
2017   01   42.0825
2017   02   58.9360
2017   03   104.2160
2017   04   144.7360
2017   05   225.4733
2017   06   323.8680
2017   07   191.4151
2017   08   444.3600
2017   09   321.4140
2017   10   268.9101
2017   11   151.0343
2017   12   105.3765
2018   01   57.2866
2018   02   33.6757
2018   03   163.8030
2018   04   282.5194
2018   05   233.0921
2018   06   211.8897
2018   07   138.3184
2018   08   189.3864
2018   09   435.7056
2018   10   255.5782
2018   11   263.6435
2018   12   111.1226
2019   01   33.6085
2019   02   16.7082
2019   03   60.9203
2019   04   65.8336
2019   05   267.0167
2019   06   379.7411
2019   07   284.1561
2019   08   213.2835
2019   09   215.9367
2019   10   183.1277
2019   11   135.3684
2019   12   53.0664
2020   01   32.1954
2020   02   26.0094
2020   03   67.1417
2020   04   170.1949
2020   05   175.6574
2020   06   368.6927
2020   07   308.7187
2020   08   195.9037
2020   09   205.7172
2020   10   167.5612
2020   11   72.4284
2020   12   99.8598
2021   01   93.4915
2021   02   11.8026
2021   03   53.6300
2021   04   142.2141
2021   05   318.5383
2021   06   201.6210
2021   07   180.4901
2021   08   229.4888
2021   09   265.7302
2021   10   128.4542
2021   11   79.8887
2021   12   36.3349
2022   01   63.5229
2022   02   27.3094
2022   03   122.4627
2022   04   401.2905
2022   05   199.9712
2022   06   349.7315
2022   07   335.2288
2022   08   241.2146
2022   09   170.0480
2022   10   172.3542
2022   11   110.2545
2022   12   66.7462
2023   01   25.6738
2023   02   12.9973
2023   03   89.2566
2023   04   132.8997
2023   05   170.2887
2023   06   311.3194
2023   07   365.0959
2023   08   461.0076
2023   09   250.9112
2023   10   130.6146
2023   11   191.8822
2023   12   67.1861
2024   01   13.4100
2024   02   16.9960
2024   03   145.6881
2024   04   309.9893
2024   05   295.2134
2024   06   528.1241
2024   07   70.3877
2024   08   197.3197
2024   09   659.3403
2024   10   89.8001
2024   11   161.5907
2024   11   161.5907
2024   12   33.6655
2025   01   28.3232
2025   02   17.3359
2025   03   137.7939
2025   04   243.6885
2025   05   302.0938
2025   06   166.5613
