1991   01   99.2671
1991   02   85.3001
1991   03   168.6521
1991   04   131.9860
1991   05   282.2380
1991   06   203.0135
1991   07   319.7881
1991   08   232.0352
1991   09   411.1579
1991   10   129.5632
1991   11   143.9493
1991   12   151.9616
1992   01   44.4516
1992   02   105.9358
1992   03   89.1847
1992   04   116.9750
1992   05   337.1057
1992   06   209.3528
1992   07   108.4373
1992   08   220.5955
1992   09   259.1541
1992   10   302.1309
1992   11   109.7986
1992   12   145.9258
1993   01   113.3661
1993   02   137.0263
1993   03   321.7495
1993   04   180.7700
1993   05   329.5710
1993   06   392.7582
1993   07   315.0694
1993   08   197.6425
1993   09   111.7907
1993   10   124.9524
1993   11   124.7600
1993   12   119.2127
1994   01   82.1494
1994   02   141.5021
1994   03   105.4591
1994   04   365.3751
1994   05   490.4276
1994   06   539.0537
1994   07   264.8380
1994   08   258.1609
1994   09   331.4045
1994   10   151.6502
1994   11   135.2836
1994   12   183.4133
1995   01   88.2068
1995   02   111.4486
1995   03   127.5942
1995   04   143.1065
1995   05   333.4617
1995   06   429.8123
1995   07   367.5118
1995   08   108.7568
1995   09   111.0195
1995   10   79.4379
1995   11   94.6870
1995   12   42.2781
1996   01   54.0061
1996   02   96.1935
1996   03   196.4725
1996   04   294.1497
1996   05   266.7644
1996   06   162.4839
1996   07   191.7987
1996   08   324.9696
1996   09   140.1025
1996   10   81.7823
1996   11   123.4270
1996   12   97.4657
1997   01   171.8198
1997   02   83.7498
1997   03   66.3285
1997   04   323.4720
1997   05   202.2851
1997   06   281.9045
1997   07   514.3171
1997   08   299.4646
1997   09   75.7121
1997   10   159.9403
1997   11   171.4774
1997   12   81.5223
1998   01   72.5345
1998   02   69.3572
1998   03   65.9238
1998   04   214.5867
1998   05   283.1306
1998   06   237.7773
1998   07   485.1407
1998   08   183.3777
1998   09   102.5224
1998   10   54.3756
1998   11   66.9779
1998   12   83.3585
1999   01   107.8367
1999   02   82.5104
1999   03   174.9850
1999   04   53.0644
1999   05   144.2540
1999   06   350.2831
1999   07   465.2387
1999   08   326.7794
1999   09   81.5744
1999   10   43.8301
1999   11   196.2576
1999   12   69.7671
2000   01   64.3546
2000   02   108.1514
2000   03   185.1156
2000   04   234.5827
2000   05   135.7097
2000   06   473.8630
2000   07   335.1314
2000   08   173.5727
2000   09   164.3484
2000   10   265.6928
2000   11   170.4261
2000   12   317.5841
2001   01   476.4297
2001   02   147.9432
2001   03   182.4358
2001   04   70.2944
2001   05   333.8253
2001   06   343.2123
2001   07   332.1318
2001   08   314.8873
2001   09   121.2827
2001   10   69.0219
2001   11   88.0747
2001   12   99.0252
2002   01   161.2633
2002   02   185.6196
2002   03   205.1192
2002   04   177.0330
2002   05   432.4227
2002   06   137.1240
2002   07   241.0667
2002   08   292.8434
2002   09   338.6754
2002   10   326.2692
2002   11   240.3360
2002   12   228.9931
2003   01   123.0266
2003   02   108.6388
2003   03   108.8480
2003   04   121.5241
2003   05   148.2455
2003   06   502.8071
2003   07   167.9808
2003   08   322.9059
2003   09   293.0063
2003   10   343.1067
2003   11   170.6799
2003   12   176.0642
2004   01   83.5730
2004   02   77.5615
2004   03   139.4228
2004   04   435.4255
2004   05   71.3111
2004   06   617.6921
2004   07   277.5588
2004   08   122.5559
2004   09   197.6883
2004   10   163.9349
2004   11   249.3484
2004   12   290.1730
2005   01   73.4047
2005   02   102.3379
2005   03   301.6115
2005   04   364.7565
2005   05   511.8378
2005   06   493.9020
2005   07   285.8728
2005   08   298.3907
2005   09   115.5753
2005   10   165.1933
2005   11   219.3670
2005   12   101.6801
2006   01   392.6337
2006   02   207.9496
2006   03   297.6592
2006   04   335.0179
2006   05   230.7957
2006   06   395.0260
2006   07   522.2881
2006   08   210.7079
2006   09   191.4885
2006   10   274.6699
2006   11   92.4492
2006   12   535.1711
2007   01   104.1142
2007   02   120.0990
2007   03   136.4677
2007   04   263.0942
2007   05   85.9909
2007   06   207.2054
2007   07   172.9780
2007   08   157.3914
2007   09   200.7985
2007   10   226.4439
2007   11   78.4941
2007   12   65.7716
2008   01   86.4155
2008   02   75.9098
2008   03   51.3427
2008   04   210.8365
2008   05   340.4020
2008   06   304.4967
2008   07   486.3876
2008   08   289.0204
2008   09   55.5666
2008   10   78.8301
2008   11   160.0770
2008   12   98.4710
2009   01   114.3272
2009   02   208.3592
2009   03   178.8244
2009   04   222.3610
2009   05   351.1567
2009   06   212.5668
2009   07   121.9838
2009   08   530.8558
2009   09   82.7036
2009   10   116.6753
2009   11   173.9731
2009   12   274.5747
2010   01   101.7399
2010   02   207.0933
2010   03   141.8235
2010   04   119.4202
2010   05   117.4689
2010   06   509.2426
2010   07   301.7547
2010   08   324.4309
2010   09   130.6839
2010   10   112.7074
2010   11   162.1447
2010   12   118.4702
2011   01   133.4809
2011   02   101.1326
2011   03   384.4883
2011   04   260.4162
2011   05   231.8116
2011   06   238.4232
2011   07   374.9916
2011   08   259.1719
2011   09   323.8929
2011   10   108.6853
2011   11   123.2124
2011   12   78.3673
2012   01   126.3264
2012   02   236.7891
2012   03   76.3796
2012   04   74.6588
2012   05   449.0937
2012   06   371.6625
2012   07   148.1353
2012   08   414.5812
2012   09   135.3266
2012   10   92.1449
2012   11   160.6147
2012   12   442.5112
2013   01   101.7205
2013   02   212.6372
2013   03   105.8815
2013   04   79.1523
2013   05   301.3485
2013   06   344.1813
2013   07   184.5563
2013   08   524.1132
2013   09   196.3963
2013   10   67.5925
2013   11   94.3503
2013   12   56.3689
2014   01   144.6628
2014   02   49.5361
2014   03   43.4400
2014   04   213.2086
2014   05   326.4189
2014   06   285.0916
2014   07   290.2998
2014   08   300.7270
2014   09   81.7517
2014   10   149.6489
2014   11   116.7871
2014   12   76.6031
2015   01   34.0129
2015   02   51.8740
2015   03   51.7695
2015   04   182.2202
2015   05   452.1616
2015   06   302.8916
2015   07   277.9100
2015   08   387.1178
2015   09   92.7951
2015   10   66.9063
2015   11   112.5908
2015   12   71.1639
2016   01   36.7120
2016   02   76.7656
2016   03   104.2183
2016   04   89.3890
2016   05   163.1548
2016   06   43.6981
2016   07   317.7639
2016   08   374.8294
2016   09   160.3119
2016   10   170.7996
2016   11   230.4866
2016   12   189.1390
2017   01   166.2809
2017   02   218.8691
2017   03   428.4887
2017   04   104.5315
2017   05   268.0897
2017   06   243.7106
2017   07   347.5835
2017   08   343.2490
2017   09   70.3593
2017   10   136.0649
2017   11   58.0261
2017   12   185.3917
2018   01   79.7142
2018   02   82.8058
2018   03   108.1973
2018   04   238.8144
2018   05   197.6021
2018   06   210.9007
2018   07   125.8797
2018   08   256.1511
2018   09   335.2232
2018   10   121.0333
2018   11   245.6015
2018   12   51.9165
2019   01   43.7803
2019   02   70.1072
2019   03   101.1351
2019   04   138.0333
2019   05   152.8013
2019   06   263.8822
2019   07   271.2269
2019   08   160.9174
2019   09   41.9099
2019   10   90.4914
2019   11   233.3209
2019   12   110.6001
2020   01   54.8175
2020   02   136.4297
2020   03   87.4234
2020   04   153.8248
2020   05   322.8755
2020   06   446.1505
2020   07   321.4192
2020   08   197.4953
2020   09   96.4835
2020   10   46.0984
2020   11   168.4513
2020   12   98.2711
2021   01   48.5308
2021   02   48.3460
2021   03   80.8882
2021   04   194.9437
2021   05   132.3682
2021   06   286.2826
2021   07   222.5175
2021   08   208.9371
2021   09   95.5961
2021   10   103.2556
2021   11   137.2433
2021   12   40.0448
2022   01   90.9382
2022   02   129.4028
2022   03   128.0154
2022   04   236.8830
2022   05   216.8295
2022   06   141.0481
2022   07   319.9620
2022   08   86.9520
2022   09   204.3142
2022   10   121.5998
2022   11   86.2379
2022   12   183.2962
2023   01   78.2534
2023   02   67.1742
2023   03   370.3602
2023   04   204.4176
2023   05   178.4793
2023   06   304.0819
2023   07   477.5464
2023   08   343.8364
2023   09   149.8405
2023   10   68.3426
2023   11   92.9246
2023   12   88.0386
2024   01   37.2558
2024   02   72.3479
2024   03   255.0717
2024   04   171.2016
2024   05   104.8702
2024   06   313.2498
2024   07   117.9251
2024   08   162.3637
2024   09   312.9715
2024   10   21.6184
2024   11   187.1990
2024   11   187.1990
2024   12   53.6194
2025   01   70.0514
2025   02   73.6079
2025   03   229.6257
2025   04   164.5763
2025   05   260.0191
2025   06   229.8952
