1991   01   22.3236
1991   02   14.1438
1991   03   8.1308
1991   04   1.2331
1991   05   3.5935
1991   06   4.6510
1991   07   1.2494
1991   08   1.1675
1991   09   6.0779
1991   10   4.9099
1991   11   8.5671
1991   12   12.3963
1992   01   30.3066
1992   02   10.3851
1992   03   7.2823
1992   04   1.3416
1992   05   3.6220
1992   06   4.7506
1992   07   1.3971
1992   08   1.2049
1992   09   6.2406
1992   10   5.6686
1992   11   8.4703
1992   12   11.0453
1993   01   37.6276
1993   02   10.4554
1993   03   19.7562
1993   04   1.1209
1993   05   3.5557
1993   06   4.6324
1993   07   1.1747
1993   08   1.1882
1993   09   5.9538
1993   10   6.4955
1993   11   7.1925
1993   12   12.3678
1994   01   22.6841
1994   02   12.4102
1994   03   10.6570
1994   04   1.3182
1994   05   3.5882
1994   06   4.3769
1994   07   1.2494
1994   08   1.1998
1994   09   6.1716
1994   10   4.9239
1994   11   7.2201
1994   12   16.9942
1995   01   30.1848
1995   02   10.3328
1995   03   10.0216
1995   04   1.1241
1995   05   4.5969
1995   06   4.4891
1995   07   1.2931
1995   08   1.2769
1995   09   6.4617
1995   10   6.0057
1995   11   7.1623
1995   12   13.9405
1996   01   20.0165
1996   02   13.5130
1996   03   6.8728
1996   04   1.1246
1996   05   3.8965
1996   06   4.7337
1996   07   1.2494
1996   08   1.1864
1996   09   5.7619
1996   10   4.8952
1996   11   7.8654
1996   12   12.2145
1997   01   17.6710
1997   02   21.3673
1997   03   13.3609
1997   04   1.1241
1997   05   5.2644
1997   06   5.2674
1997   07   1.2970
1997   08   1.4839
1997   09   9.6120
1997   10   4.8601
1997   11   9.9544
1997   12   12.3963
1998   01   22.2042
1998   02   10.1400
1998   03   7.4585
1998   04   1.2311
1998   05   4.1610
1998   06   4.6381
1998   07   1.2931
1998   08   1.1937
1998   09   5.8859
1998   10   4.9709
1998   11   7.1734
1998   12   12.3925
1999   01   20.1586
1999   02   27.8768
1999   03   14.0392
1999   04   1.1246
1999   05   3.5935
1999   06   4.5530
1999   07   1.2494
1999   08   1.1628
1999   09   5.9877
1999   10   7.1993
1999   11   7.1429
1999   12   12.3925
2000   01   51.9789
2000   02   13.1048
2000   03   7.3271
2000   04   0.8990
2000   05   3.4961
2000   06   3.3523
2000   07   1.2567
2000   08   1.2103
2000   09   5.3982
2000   10   4.3391
2000   11   5.7842
2000   12   8.6292
2001   01   26.4256
2001   02   34.5471
2001   03   21.4788
2001   04   1.3681
2001   05   3.7072
2001   06   3.2202
2001   07   1.2494
2001   08   0.9775
2001   09   4.3786
2001   10   3.8112
2001   11   5.8157
2001   12   10.0110
2002   01   15.5204
2002   02   7.5971
2002   03   10.1219
2002   04   1.0518
2002   05   3.1627
2002   06   3.3659
2002   07   2.1503
2002   08   1.0205
2002   09   3.7195
2002   10   7.4066
2002   11   5.7574
2002   12   11.6429
2003   01   18.1948
2003   02   9.9889
2003   03   5.6887
2003   04   0.8985
2003   05   4.4105
2003   06   2.7517
2003   07   1.3223
2003   08   0.9123
2003   09   3.7796
2003   10   4.4461
2003   11   5.7742
2003   12   8.5067
2004   01   16.9757
2004   02   10.5855
2004   03   5.6920
2004   04   0.8991
2004   05   2.5641
2004   06   2.8108
2004   07   1.6170
2004   08   1.2281
2004   09   4.0085
2004   10   4.0484
2004   11   5.7909
2004   12   10.5972
2005   01   13.7412
2005   02   21.9891
2005   03   5.4068
2005   04   0.9080
2005   05   2.5891
2005   06   2.7556
2005   07   1.2379
2005   08   0.9119
2005   09   3.3962
2005   10   3.7524
2005   11   8.0557
2005   12   8.1167
2006   01   14.1344
2006   02   19.6574
2006   03   5.4222
2006   04   0.7890
2006   05   2.7635
2006   06   2.6406
2006   07   1.4088
2006   08   0.9683
2006   09   3.7772
2006   10   3.8130
2006   11   5.7404
2006   12   8.1091
2007   01   28.4262
2007   02   12.4414
2007   03   13.7385
2007   04   0.9774
2007   05   4.7169
2007   06   7.6615
2007   07   1.6354
2007   08   1.2030
2007   09   4.6502
2007   10   3.9270
2007   11   7.5568
2007   12   8.8782
2008   01   42.5424
2008   02   9.7737
2008   03   5.7290
2008   04   0.7890
2008   05   2.2950
2008   06   3.4116
2008   07   1.2451
2008   08   0.9104
2008   09   3.3403
2008   10   3.0918
2008   11   5.7404
2008   12   12.8202
2009   01   13.1507
2009   02   7.3836
2009   03   7.1035
2009   04   0.8377
2009   05   2.6411
2009   06   3.0446
2009   07   1.3856
2009   08   1.2530
2009   09   4.4132
2009   10   3.9872
2009   11   5.7404
2009   12   12.3076
2010   01   22.7642
2010   02   8.8605
2010   03   5.5745
2010   04   0.8603
2010   05   2.7926
2010   06   3.7338
2010   07   1.2379
2010   08   0.9250
2010   09   3.0018
2010   10   3.0918
2010   11   5.7404
2010   12   8.1099
2011   01   15.9524
2011   02   17.6023
2011   03   5.7923
2011   04   0.7890
2011   05   2.6714
2011   06   3.3988
2011   07   1.2745
2011   08   0.9119
2011   09   2.9999
2011   10   3.0918
2011   11   5.7404
2011   12   12.2060
2012   01   18.1869
2012   02   24.2462
2012   03   13.7852
2012   04   0.7890
2012   05   2.2950
2012   06   2.8012
2012   07   1.2465
2012   08   0.9018
2012   09   3.4059
2012   10   3.0918
2012   11   5.7400
2012   12   12.7065
2013   01   36.4637
2013   02   8.5631
2013   03   5.6390
2013   04   0.8883
2013   05   4.1926
2013   06   4.6502
2013   07   1.2605
2013   08   1.3434
2013   09   4.2269
2013   10   5.4844
2013   11   6.7076
2013   12   10.9635
2014   01   13.5028
2014   02   6.6610
2014   03   5.5462
2014   04   1.3338
2014   05   2.5765
2014   06   3.6018
2014   07   1.2549
2014   08   1.0626
2014   09   5.6275
2014   10   4.8139
2014   11   6.7076
2014   12   11.0071
2015   01   26.2055
2015   02   16.7713
2015   03   11.6145
2015   04   0.8883
2015   05   3.6365
2015   06   3.0478
2015   07   1.8570
2015   08   1.2919
2015   09   3.5796
2015   10   6.9590
2015   11   6.7076
2015   12   19.9019
2016   01   14.1344
2016   02   9.7642
2016   03   5.4133
2016   04   0.9211
2016   05   4.7476
2016   06   5.1328
2016   07   1.6743
2016   08   1.0701
2016   09   4.1944
2016   10   4.7704
2016   11   10.0655
2016   12   14.4010
2017   01   32.1388
2017   02   15.9084
2017   03   6.4583
2017   04   0.8883
2017   05   6.0428
2017   06   6.5873
2017   07   1.2446
2017   08   1.0617
2017   09   3.5708
2017   10   3.9424
2017   11   6.7076
2017   12   11.5873
2018   01   22.7932
2018   02   20.5742
2018   03   5.8447
2018   04   1.0390
2018   05   2.5766
2018   06   4.0608
2018   07   1.4672
2018   08   1.1441
2018   09   3.5952
2018   10   3.8354
2018   11   6.8198
2018   12   15.7970
2019   01   40.4980
2019   02   30.7060
2019   03   5.6760
2019   04   0.8730
2019   05   2.5765
2019   06   3.4886
2019   07   1.2593
2019   08   1.0603
2019   09   4.0989
2019   10   3.9030
2019   11   7.9366
2019   12   15.5365
2020   01   39.7430
2020   02   13.8859
2020   03   7.9607
2020   04   0.8883
2020   05   2.5780
2020   06   3.2353
2020   07   1.2445
2020   08   1.0213
2020   09   4.1183
2020   10   3.4999
2020   11   6.7059
2020   12   9.5070
2021   01   15.9133
2021   02   9.0033
2021   03   7.1518
2021   04   0.8762
2021   05   3.7140
2021   06   3.7654
2021   07   1.2593
2021   08   1.0469
2021   09   4.8521
2021   10   3.8298
2021   11   6.7595
2021   12   15.1115
2022   01   15.1819
2022   02   7.2517
2022   03   10.6975
2022   04   1.0197
2022   05   2.9003
2022   06   3.0660
2022   07   1.3097
2022   08   1.0657
2022   09   4.2720
2022   10   4.2159
2022   11   6.7112
2022   12   35.9529
2023   01   12.2823
2023   02   9.4663
2023   03   11.7508
2023   04   1.5447
2023   05   3.6962
2023   06   3.0024
2023   07   1.2471
2023   08   1.0164
2023   09   2.9398
2023   10   2.5265
2023   11   6.7065
2023   12   18.4720
2024   01   9.8298
2024   02   17.8551
2024   03   9.0825
2024   04   0.7708
2024   05   2.4547
2024   06   2.2362
2024   07   1.0929
2024   08   0.9500
2024   09   2.9043
2024   10   3.3838
2024   11   3.7191
2024   11   3.7191
2024   12   4.9599
2025   01   8.6274
2025   02   22.8407
2025   03   3.9659
2025   04   0.9035
2025   05   2.0390
2025   06   2.4312
