1991   01   29.8793
1991   02   30.1266
1991   03   73.8498
1991   04   163.6783
1991   05   294.5807
1991   06   186.1454
1991   07   215.6394
1991   08   170.9007
1991   09   145.4625
1991   10   72.0764
1991   11   58.8863
1991   12   159.4246
1992   01   18.3507
1992   02   26.5703
1992   03   158.4809
1992   04   146.9683
1992   05   257.9493
1992   06   286.3593
1992   07   90.3101
1992   08   163.5042
1992   09   161.7606
1992   10   132.3057
1992   11   35.8898
1992   12   88.5393
1993   01   63.3367
1993   02   20.5110
1993   03   253.2863
1993   04   192.6213
1993   05   365.4760
1993   06   296.2041
1993   07   281.8926
1993   08   141.8344
1993   09   65.7571
1993   10   96.1024
1993   11   98.1632
1993   12   61.0023
1994   01   21.5432
1994   02   19.7441
1994   03   70.0834
1994   04   142.8775
1994   05   155.5980
1994   06   287.0905
1994   07   173.6423
1994   08   172.0206
1994   09   136.3398
1994   10   144.1211
1994   11   110.0172
1994   12   97.1866
1995   01   147.1267
1995   02   13.9729
1995   03   39.8085
1995   04   201.2323
1995   05   140.2844
1995   06   391.7510
1995   07   188.8744
1995   08   235.1714
1995   09   81.9832
1995   10   55.1137
1995   11   35.7128
1995   12   13.8898
1996   01   24.8366
1996   02   44.4681
1996   03   93.9157
1996   04   85.9881
1996   05   224.7296
1996   06   126.9801
1996   07   85.2835
1996   08   180.0336
1996   09   58.8676
1996   10   55.4052
1996   11   56.8368
1996   12   34.9629
1997   01   89.2228
1997   02   32.3269
1997   03   25.8040
1997   04   269.0518
1997   05   152.1555
1997   06   409.2717
1997   07   306.5608
1997   08   145.7722
1997   09   140.4370
1997   10   96.6912
1997   11   172.3005
1997   12   40.6099
1998   01   15.5197
1998   02   19.3758
1998   03   57.1251
1998   04   128.2305
1998   05   142.4175
1998   06   136.4412
1998   07   155.0516
1998   08   176.1219
1998   09   92.8165
1998   10   12.8822
1998   11   37.1993
1998   12   47.6137
1999   01   17.3510
1999   02   35.8162
1999   03   100.0322
1999   04   88.6685
1999   05   203.2272
1999   06   310.4620
1999   07   173.0393
1999   08   248.9918
1999   09   83.7222
1999   10   13.1930
1999   11   54.3518
1999   12   33.0129
2000   01   44.2134
2000   02   175.6810
2000   03   67.0105
2000   04   157.3527
2000   05   90.0734
2000   06   471.0284
2000   07   223.9747
2000   08   118.5251
2000   09   145.8694
2000   10   80.6559
2000   11   63.3840
2000   12   58.2511
2001   01   115.5893
2001   02   27.0318
2001   03   108.6670
2001   04   72.7114
2001   05   267.3386
2001   06   223.4431
2001   07   311.3987
2001   08   156.4404
2001   09   71.6155
2001   10   61.7987
2001   11   83.5767
2001   12   21.8629
2002   01   25.7314
2002   02   57.3680
2002   03   133.1589
2002   04   112.5260
2002   05   298.0525
2002   06   167.0262
2002   07   146.9202
2002   08   200.1749
2002   09   190.9962
2002   10   252.5924
2002   11   127.5283
2002   12   102.6420
2003   01   23.7025
2003   02   23.9745
2003   03   81.8841
2003   04   71.1848
2003   05   91.1571
2003   06   346.5866
2003   07   173.8749
2003   08   147.5982
2003   09   179.7878
2003   10   82.6120
2003   11   93.1874
2003   12   71.7777
2004   01   19.8485
2004   02   37.0308
2004   03   70.0140
2004   04   264.5203
2004   05   89.8610
2004   06   331.7529
2004   07   221.7305
2004   08   296.1364
2004   09   140.9186
2004   10   184.6579
2004   11   117.1164
2004   12   63.2702
2005   01   23.7328
2005   02   42.6461
2005   03   106.8987
2005   04   59.8097
2005   05   475.1815
2005   06   343.8851
2005   07   188.3708
2005   08   254.9064
2005   09   84.4664
2005   10   61.4264
2005   11   122.8244
2005   12   42.9170
2006   01   91.7785
2006   02   34.2829
2006   03   92.7641
2006   04   191.8550
2006   05   144.9057
2006   06   300.3631
2006   07   278.8765
2006   08   175.3325
2006   09   129.9503
2006   10   113.8673
2006   11   33.6828
2006   12   105.9690
2007   01   31.2308
2007   02   54.3578
2007   03   52.9645
2007   04   129.8673
2007   05   66.9694
2007   06   115.5456
2007   07   197.6949
2007   08   146.1303
2007   09   140.5818
2007   10   75.7332
2007   11   42.2862
2007   12   33.8538
2008   01   21.0237
2008   02   27.7252
2008   03   44.6851
2008   04   63.3893
2008   05   307.3387
2008   06   120.7065
2008   07   299.2039
2008   08   251.4166
2008   09   37.2138
2008   10   46.1824
2008   11   68.3020
2008   12   35.6478
2009   01   25.4544
2009   02   54.4216
2009   03   54.5433
2009   04   98.4898
2009   05   282.1654
2009   06   210.7670
2009   07   116.9217
2009   08   322.9502
2009   09   77.0943
2009   10   93.6066
2009   11   86.7421
2009   12   80.9067
2010   01   34.3883
2010   02   97.4724
2010   03   68.4215
2010   04   31.6608
2010   05   105.2514
2010   06   203.9255
2010   07   138.4304
2010   08   214.0141
2010   09   48.6006
2010   10   67.1092
2010   11   58.7958
2010   12   65.6864
2011   01   73.9624
2011   02   28.1537
2011   03   99.5328
2011   04   184.8616
2011   05   167.7719
2011   06   187.6396
2011   07   156.2453
2011   08   223.1043
2011   09   195.8572
2011   10   53.0312
2011   11   44.7518
2011   12   24.2272
2012   01   41.8015
2012   02   98.1350
2012   03   58.3701
2012   04   55.5996
2012   05   234.2664
2012   06   238.1031
2012   07   135.0304
2012   08   204.2697
2012   09   89.1951
2012   10   33.7197
2012   11   60.3744
2012   12   176.7378
2013   01   15.5060
2013   02   72.7224
2013   03   42.7025
2013   04   141.3678
2013   05   203.0547
2013   06   126.7524
2013   07   112.4391
2013   08   198.9883
2013   09   140.3640
2013   10   68.6980
2013   11   62.7806
2013   12   25.8127
2014   01   33.1744
2014   02   30.1972
2014   03   76.8634
2014   04   79.3228
2014   05   194.7856
2014   06   288.4055
2014   07   285.8102
2014   08   161.2673
2014   09   117.0785
2014   10   101.8705
2014   11   58.0794
2014   12   31.1698
2015   01   7.8111
2015   02   24.0177
2015   03   32.7534
2015   04   123.0840
2015   05   268.3019
2015   06   254.4101
2015   07   328.0115
2015   08   270.3950
2015   09   89.4408
2015   10   51.9865
2015   11   37.3951
2015   12   44.4015
2016   01   32.7537
2016   02   30.9496
2016   03   37.7263
2016   04   145.9677
2016   05   134.9266
2016   06   36.6617
2016   07   209.2060
2016   08   204.1289
2016   09   69.6416
2016   10   105.5732
2016   11   74.6222
2016   12   84.7239
2017   01   49.1965
2017   02   63.4094
2017   03   79.5821
2017   04   123.9143
2017   05   189.4017
2017   06   234.1233
2017   07   114.4286
2017   08   309.3731
2017   09   124.6999
2017   10   159.1738
2017   11   43.9230
2017   12   47.4761
2018   01   43.7197
2018   02   24.1307
2018   03   211.8213
2018   04   243.4266
2018   05   132.6653
2018   06   162.4878
2018   07   97.9134
2018   08   206.7301
2018   09   152.7247
2018   10   77.7260
2018   11   108.8883
2018   12   46.6508
2019   01   12.8992
2019   02   17.7824
2019   03   35.7588
2019   04   48.3686
2019   05   175.9438
2019   06   199.9321
2019   07   189.2770
2019   08   133.8844
2019   09   53.4186
2019   10   64.3363
2019   11   81.7424
2019   12   36.1007
2020   01   16.9925
2020   02   27.4302
2020   03   59.2674
2020   04   156.4476
2020   05   150.3538
2020   06   299.4883
2020   07   291.7327
2020   08   160.7278
2020   09   67.4945
2020   10   35.0869
2020   11   51.9679
2020   12   33.7691
2021   01   37.2080
2021   02   10.4593
2021   03   36.2298
2021   04   144.2580
2021   05   87.9360
2021   06   211.8843
2021   07   76.0034
2021   08   180.8040
2021   09   55.5884
2021   10   56.9033
2021   11   58.9975
2021   12   30.2245
2022   01   47.2080
2022   02   31.1493
2022   03   96.6899
2022   04   172.7298
2022   05   116.9991
2022   06   228.4579
2022   07   239.3781
2022   08   134.9368
2022   09   82.3034
2022   10   80.5499
2022   11   47.6708
2022   12   26.5696
2023   01   22.0640
2023   02   19.9944
2023   03   89.8700
2023   04   102.0081
2023   05   134.6615
2023   06   176.3500
2023   07   202.1598
2023   08   167.6496
2023   09   72.4921
2023   10   42.3984
2023   11   84.2122
2023   12   18.8874
2024   01   5.8460
2024   02   22.1450
2024   03   117.7618
2024   04   116.6139
2024   05   106.2833
2024   06   256.1695
2024   07   79.9300
2024   08   101.9084
2024   09   153.0442
2024   10   16.4968
2024   11   82.9255
2024   11   82.9255
2024   12   14.8378
2025   01   33.1544
2025   02   30.1316
2025   03   96.2735
2025   04   149.9474
2025   05   157.3324
2025   06   164.3532
