1991   01   27.4653
1991   02   14.9950
1991   03   46.9046
1991   04   128.4813
1991   05   250.2203
1991   06   162.0210
1991   07   276.7156
1991   08   138.6694
1991   09   146.3618
1991   10   61.5471
1991   11   56.8461
1991   12   80.0711
1992   01   12.6380
1992   02   24.5676
1992   03   98.0323
1992   04   80.1701
1992   05   325.6461
1992   06   301.5955
1992   07   108.8156
1992   08   174.1170
1992   09   131.2831
1992   10   83.4385
1992   11   31.9947
1992   12   81.1572
1993   01   18.4995
1993   02   17.0513
1993   03   60.5229
1993   04   138.5574
1993   05   434.7106
1993   06   304.0323
1993   07   262.4358
1993   08   144.1528
1993   09   38.5505
1993   10   57.8834
1993   11   57.0798
1993   12   28.6654
1994   01   19.1051
1994   02   13.8588
1994   03   42.5676
1994   04   104.7104
1994   05   118.3587
1994   06   295.3856
1994   07   220.2836
1994   08   83.5352
1994   09   135.0766
1994   10   75.8273
1994   11   42.6838
1994   12   61.2884
1995   01   36.6551
1995   02   14.3754
1995   03   28.1511
1995   04   121.6794
1995   05   115.7878
1995   06   334.4611
1995   07   292.2673
1995   08   285.1130
1995   09   46.7245
1995   10   73.4542
1995   11   21.8731
1995   12   10.9416
1996   01   18.9573
1996   02   30.1148
1996   03   45.9120
1996   04   61.3816
1996   05   186.2996
1996   06   183.1445
1996   07   97.5867
1996   08   245.5111
1996   09   37.7129
1996   10   36.8828
1996   11   47.1298
1996   12   40.0098
1997   01   31.0350
1997   02   21.7688
1997   03   15.7385
1997   04   188.8907
1997   05   229.0721
1997   06   400.9128
1997   07   294.6769
1997   08   180.7604
1997   09   130.2236
1997   10   147.1291
1997   11   134.4477
1997   12   26.7424
1998   01   11.1359
1998   02   35.1542
1998   03   28.0870
1998   04   68.2475
1998   05   133.7959
1998   06   138.1753
1998   07   107.1610
1998   08   168.9112
1998   09   68.4741
1998   10   20.1208
1998   11   29.8250
1998   12   25.7204
1999   01   19.3502
1999   02   27.2991
1999   03   49.2551
1999   04   23.4677
1999   05   265.5763
1999   06   316.6552
1999   07   145.8240
1999   08   204.0302
1999   09   185.8046
1999   10   20.7594
1999   11   20.6943
1999   12   17.5494
2000   01   13.6276
2000   02   100.1126
2000   03   41.3853
2000   04   71.5723
2000   05   136.7335
2000   06   644.3428
2000   07   168.3382
2000   08   218.5366
2000   09   170.3905
2000   10   51.2077
2000   11   51.1886
2000   12   24.5545
2001   01   59.9314
2001   02   18.4212
2001   03   56.2626
2001   04   52.5751
2001   05   312.1200
2001   06   234.1130
2001   07   403.4260
2001   08   162.6022
2001   09   60.3172
2001   10   43.3487
2001   11   51.0066
2001   12   10.9944
2002   01   27.6372
2002   02   25.6355
2002   03   113.5253
2002   04   65.1046
2002   05   237.4618
2002   06   135.1421
2002   07   168.8664
2002   08   244.1747
2002   09   147.1729
2002   10   195.6327
2002   11   121.2619
2002   12   45.7980
2003   01   17.1535
2003   02   11.2659
2003   03   37.4054
2003   04   47.1219
2003   05   104.3813
2003   06   447.3704
2003   07   184.7060
2003   08   117.7124
2003   09   140.1239
2003   10   68.5757
2003   11   90.5156
2003   12   25.9341
2004   01   12.4227
2004   02   24.4898
2004   03   68.1858
2004   04   141.5570
2004   05   62.8057
2004   06   292.1086
2004   07   241.1730
2004   08   188.7597
2004   09   89.9810
2004   10   139.1228
2004   11   84.9798
2004   12   40.4816
2005   01   21.2780
2005   02   9.6195
2005   03   62.1285
2005   04   40.4188
2005   05   401.5365
2005   06   350.6983
2005   07   190.1246
2005   08   252.9939
2005   09   109.5766
2005   10   59.6457
2005   11   116.6907
2005   12   47.7255
2006   01   55.5084
2006   02   22.2537
2006   03   44.5447
2006   04   97.7336
2006   05   120.3645
2006   06   419.5836
2006   07   284.4167
2006   08   203.7449
2006   09   125.6210
2006   10   84.6331
2006   11   31.0813
2006   12   57.2624
2007   01   22.2299
2007   02   38.3643
2007   03   37.0868
2007   04   81.7533
2007   05   62.1760
2007   06   169.5423
2007   07   252.8597
2007   08   169.5228
2007   09   92.2065
2007   10   66.6335
2007   11   27.5158
2007   12   30.0797
2008   01   13.6010
2008   02   11.8678
2008   03   32.3524
2008   04   54.9696
2008   05   281.3011
2008   06   116.0399
2008   07   273.5591
2008   08   267.4317
2008   09   60.1751
2008   10   35.2351
2008   11   33.9573
2008   12   20.5729
2009   01   14.9038
2009   02   21.7506
2009   03   22.9595
2009   04   40.5483
2009   05   231.3637
2009   06   247.2433
2009   07   149.2583
2009   08   313.8341
2009   09   78.2543
2009   10   127.8219
2009   11   76.7557
2009   12   36.7524
2010   01   32.3771
2010   02   46.8994
2010   03   37.7404
2010   04   17.4303
2010   05   80.5089
2010   06   208.3842
2010   07   185.5675
2010   08   167.6086
2010   09   30.6028
2010   10   50.0319
2010   11   45.3107
2010   12   32.3715
2011   01   29.5547
2011   02   20.7517
2011   03   59.1173
2011   04   80.1578
2011   05   135.1259
2011   06   143.2979
2011   07   146.1075
2011   08   193.6837
2011   09   133.0202
2011   10   44.0220
2011   11   64.0642
2011   12   13.3713
2012   01   18.5397
2012   02   55.3818
2012   03   41.2456
2012   04   25.8063
2012   05   210.6074
2012   06   275.6494
2012   07   103.3899
2012   08   147.0947
2012   09   55.8251
2012   10   57.9872
2012   11   55.5336
2012   12   61.4304
2013   01   14.4870
2013   02   32.3522
2013   03   26.8076
2013   04   36.9347
2013   05   168.5911
2013   06   111.1107
2013   07   85.1067
2013   08   214.2942
2013   09   104.9183
2013   10   37.9380
2013   11   41.7539
2013   12   12.2574
2014   01   37.3460
2014   02   16.1624
2014   03   55.9682
2014   04   43.4356
2014   05   150.9784
2014   06   266.3815
2014   07   246.5677
2014   08   133.6228
2014   09   119.2554
2014   10   36.4698
2014   11   29.1932
2014   12   24.7111
2015   01   8.7955
2015   02   14.9665
2015   03   18.0972
2015   04   55.5831
2015   05   202.6251
2015   06   214.9080
2015   07   239.5855
2015   08   270.1265
2015   09   131.5380
2015   10   63.3128
2015   11   27.7672
2015   12   22.6045
2016   01   34.4071
2016   02   11.7593
2016   03   29.3897
2016   04   71.2065
2016   05   144.0493
2016   06   40.0092
2016   07   239.0645
2016   08   148.8876
2016   09   43.8538
2016   10   65.0744
2016   11   25.3673
2016   12   38.9809
2017   01   16.8246
2017   02   35.4642
2017   03   52.3119
2017   04   56.7190
2017   05   113.5302
2017   06   269.5370
2017   07   108.2674
2017   08   277.9230
2017   09   114.0360
2017   10   68.6815
2017   11   25.0009
2017   12   24.1077
2018   01   16.8372
2018   02   21.8592
2018   03   76.1005
2018   04   93.2252
2018   05   126.9379
2018   06   116.8148
2018   07   105.9518
2018   08   130.7554
2018   09   119.2097
2018   10   62.6664
2018   11   47.0040
2018   12   20.3551
2019   01   12.2632
2019   02   11.1665
2019   03   31.4052
2019   04   31.5973
2019   05   135.5308
2019   06   259.8030
2019   07   169.3866
2019   08   115.7055
2019   09   48.9649
2019   10   60.1046
2019   11   20.0058
2019   12   10.5886
2020   01   13.7714
2020   02   14.6792
2020   03   37.9816
2020   04   77.9801
2020   05   94.7443
2020   06   278.0379
2020   07   185.2461
2020   08   137.9039
2020   09   57.4599
2020   10   39.4238
2020   11   11.1521
2020   12   22.8529
2021   01   39.5476
2021   02   6.6621
2021   03   21.3073
2021   04   81.5878
2021   05   186.8332
2021   06   151.4532
2021   07   123.4330
2021   08   146.9080
2021   09   68.5057
2021   10   28.3840
2021   11   13.1106
2021   12   8.0449
2022   01   29.6689
2022   02   12.4451
2022   03   55.4844
2022   04   127.4158
2022   05   123.5138
2022   06   274.5924
2022   07   186.0523
2022   08   129.0562
2022   09   41.1567
2022   10   52.6226
2022   11   20.8701
2022   12   14.4396
2023   01   11.9885
2023   02   7.2707
2023   03   39.5893
2023   04   68.3438
2023   05   84.0673
2023   06   219.8483
2023   07   212.4937
2023   08   252.2761
2023   09   68.7262
2023   10   29.5252
2023   11   43.1788
2023   12   14.1951
2024   01   5.9574
2024   02   8.8112
2024   03   77.2447
2024   04   105.7407
2024   05   141.3858
2024   06   362.6885
2024   07   59.6473
2024   08   128.5986
2024   09   157.0152
2024   10   24.5200
2024   11   57.1446
2024   11   57.1446
2024   12   10.0342
2025   01   10.8090
2025   02   9.8243
2025   03   71.2343
2025   04   106.6873
2025   05   102.2219
2025   06   179.6212
