1991   01   11.9123
1991   02   8.3917
1991   03   13.9615
1991   04   61.0201
1991   05   274.9569
1991   06   179.6223
1991   07   304.7304
1991   08   116.2665
1991   09   129.7833
1991   10   54.6560
1991   11   37.2603
1991   12   58.4042
1992   01   10.7463
1992   02   21.6087
1992   03   15.0999
1992   04   64.3083
1992   05   521.7246
1992   06   522.5914
1992   07   69.7251
1992   08   177.6717
1992   09   49.3199
1992   10   30.5395
1992   11   47.4280
1992   12   21.5623
1993   01   8.4374
1993   02   20.3093
1993   03   14.9962
1993   04   86.3805
1993   05   380.3157
1993   06   339.9193
1993   07   208.7594
1993   08   82.6180
1993   09   39.1848
1993   10   46.2471
1993   11   42.8969
1993   12   16.0740
1994   01   7.9588
1994   02   8.6270
1994   03   14.6848
1994   04   103.4025
1994   05   174.1929
1994   06   315.8424
1994   07   250.5471
1994   08   54.9325
1994   09   113.8442
1994   10   57.1764
1994   11   17.2793
1994   12   21.0376
1995   01   11.0583
1995   02   11.3657
1995   03   12.1488
1995   04   104.7826
1995   05   53.2932
1995   06   274.7690
1995   07   190.0417
1995   08   159.3579
1995   09   23.9266
1995   10   32.1247
1995   11   18.9499
1995   12   12.2137
1996   01   8.2654
1996   02   9.4036
1996   03   18.7314
1996   04   67.9549
1996   05   111.5851
1996   06   193.2374
1996   07   80.4472
1996   08   204.1174
1996   09   22.0511
1996   10   21.8330
1996   11   28.8560
1996   12   22.7137
1997   01   11.8131
1997   02   10.5764
1997   03   13.4528
1997   04   82.3738
1997   05   201.0330
1997   06   442.9985
1997   07   189.9041
1997   08   184.2303
1997   09   104.0361
1997   10   93.8313
1997   11   40.5153
1997   12   20.6232
1998   01   11.5606
1998   02   19.2513
1998   03   14.5653
1998   04   59.0662
1998   05   96.7667
1998   06   90.0665
1998   07   54.6590
1998   08   75.6307
1998   09   52.0136
1998   10   12.8717
1998   11   20.7477
1998   12   18.6295
1999   01   9.0705
1999   02   9.7612
1999   03   35.9753
1999   04   43.4602
1999   05   78.4693
1999   06   218.1160
1999   07   134.8215
1999   08   223.6991
1999   09   157.8936
1999   10   30.0176
1999   11   21.6106
1999   12   13.8888
2000   01   8.6241
2000   02   24.0055
2000   03   17.4653
2000   04   55.3486
2000   05   96.4575
2000   06   668.9516
2000   07   94.7009
2000   08   106.9729
2000   09   242.8081
2000   10   34.8480
2000   11   40.9208
2000   12   11.6588
2001   01   19.3634
2001   02   7.5928
2001   03   23.5219
2001   04   45.6273
2001   05   503.2253
2001   06   157.1396
2001   07   476.8580
2001   08   290.2996
2001   09   58.3058
2001   10   30.2352
2001   11   24.8185
2001   12   12.2960
2002   01   11.0547
2002   02   11.3413
2002   03   46.5170
2002   04   37.4439
2002   05   397.8219
2002   06   350.8726
2002   07   191.8180
2002   08   416.3025
2002   09   88.7122
2002   10   78.6634
2002   11   28.2136
2002   12   26.2228
2003   01   12.3044
2003   02   4.3437
2003   03   17.0254
2003   04   29.3423
2003   05   163.0359
2003   06   323.0232
2003   07   134.1070
2003   08   67.3316
2003   09   94.9191
2003   10   32.6129
2003   11   78.8737
2003   12   16.8679
2004   01   8.5878
2004   02   16.5626
2004   03   33.8495
2004   04   78.5218
2004   05   65.9642
2004   06   249.7594
2004   07   215.3819
2004   08   262.7444
2004   09   87.0268
2004   10   50.6456
2004   11   103.5315
2004   12   22.9395
2005   01   6.1400
2005   02   7.5665
2005   03   38.8173
2005   04   24.0486
2005   05   385.4425
2005   06   534.7253
2005   07   166.3927
2005   08   400.2898
2005   09   53.6651
2005   10   30.9969
2005   11   54.4008
2005   12   21.5677
2006   01   8.8817
2006   02   7.7510
2006   03   15.8693
2006   04   38.1337
2006   05   147.6105
2006   06   339.3781
2006   07   444.8937
2006   08   226.7515
2006   09   59.1011
2006   10   74.3157
2006   11   18.6734
2006   12   23.0051
2007   01   9.1514
2007   02   22.2840
2007   03   26.2505
2007   04   43.1268
2007   05   114.3232
2007   06   202.0888
2007   07   144.6556
2007   08   156.7109
2007   09   49.4447
2007   10   31.9369
2007   11   15.9761
2007   12   13.4065
2008   01   6.2101
2008   02   6.7220
2008   03   15.7240
2008   04   36.3243
2008   05   326.0110
2008   06   171.6147
2008   07   174.5595
2008   08   211.6587
2008   09   42.9110
2008   10   18.4707
2008   11   18.5757
2008   12   17.0396
2009   01   10.3073
2009   02   9.7285
2009   03   11.5835
2009   04   17.6116
2009   05   156.1044
2009   06   265.7915
2009   07   106.1085
2009   08   253.9993
2009   09   119.7338
2009   10   44.6238
2009   11   49.8120
2009   12   13.9988
2010   01   12.9011
2010   02   18.0417
2010   03   13.5889
2010   04   16.7925
2010   05   120.6095
2010   06   347.9641
2010   07   198.4137
2010   08   100.3579
2010   09   23.5002
2010   10   30.8416
2010   11   23.1389
2010   12   22.0486
2011   01   11.0213
2011   02   6.9478
2011   03   30.1719
2011   04   68.2801
2011   05   62.3400
2011   06   166.7938
2011   07   187.2247
2011   08   193.9950
2011   09   47.0911
2011   10   27.6977
2011   11   31.1786
2011   12   15.4448
2012   01   11.7308
2012   02   11.9857
2012   03   12.3915
2012   04   22.8237
2012   05   352.0946
2012   06   291.6716
2012   07   71.4080
2012   08   156.2226
2012   09   41.7639
2012   10   68.7324
2012   11   40.7449
2012   12   31.0401
2013   01   12.1703
2013   02   10.4033
2013   03   20.3007
2013   04   21.2638
2013   05   180.0583
2013   06   88.8314
2013   07   170.3631
2013   08   90.4921
2013   09   84.4507
2013   10   29.2444
2013   11   31.0311
2013   12   14.0364
2014   01   8.8166
2014   02   19.1713
2014   03   38.2364
2014   04   40.0994
2014   05   148.6932
2014   06   245.5212
2014   07   113.1542
2014   08   114.4897
2014   09   123.2033
2014   10   19.3990
2014   11   44.7816
2014   12   29.0995
2015   01   7.9695
2015   02   8.9809
2015   03   33.5966
2015   04   32.1211
2015   05   76.6449
2015   06   99.4408
2015   07   226.3009
2015   08   298.9407
2015   09   145.4394
2015   10   62.6903
2015   11   36.8649
2015   12   23.2746
2016   01   18.5477
2016   02   16.9027
2016   03   19.0858
2016   04   176.7760
2016   05   160.2393
2016   06   61.0313
2016   07   178.8421
2016   08   67.6147
2016   09   35.0645
2016   10   63.1379
2016   11   43.9416
2016   12   20.5589
2017   01   8.4447
2017   02   25.6346
2017   03   26.7633
2017   04   55.6198
2017   05   179.3679
2017   06   276.7766
2017   07   107.7999
2017   08   195.9715
2017   09   72.3241
2017   10   71.6386
2017   11   42.6970
2017   12   16.1843
2018   01   15.3162
2018   02   16.1080
2018   03   35.7955
2018   04   38.3660
2018   05   149.9428
2018   06   173.8859
2018   07   117.2206
2018   08   77.0650
2018   09   120.3625
2018   10   53.5462
2018   11   49.2879
2018   12   17.8304
2019   01   11.8913
2019   02   9.6062
2019   03   23.5567
2019   04   24.3067
2019   05   149.8093
2019   06   244.4150
2019   07   75.9902
2019   08   70.2587
2019   09   48.8349
2019   10   37.7251
2019   11   14.3194
2019   12   9.5054
2020   01   8.3347
2020   02   9.4289
2020   03   11.4167
2020   04   46.7615
2020   05   62.9374
2020   06   370.9394
2020   07   136.4903
2020   08   99.2245
2020   09   24.9887
2020   10   13.5215
2020   11   15.9792
2020   12   15.8637
2021   01   50.7059
2021   02   12.4500
2021   03   11.4542
2021   04   26.5391
2021   05   130.4784
2021   06   82.7472
2021   07   51.6375
2021   08   142.7051
2021   09   59.2580
2021   10   19.0268
2021   11   13.2468
2021   12   14.5327
2022   01   6.3644
2022   02   11.2700
2022   03   9.7151
2022   04   136.8025
2022   05   80.0048
2022   06   159.7586
2022   07   148.4495
2022   08   103.7574
2022   09   25.5953
2022   10   15.4853
2022   11   23.6461
2022   12   10.4373
2023   01   10.5828
2023   02   6.6623
2023   03   10.7212
2023   04   68.5269
2023   05   71.2986
2023   06   235.9692
2023   07   117.9813
2023   08   441.1944
2023   09   116.6732
2023   10   33.8421
2023   11   54.9896
2023   12   10.6754
2024   01   6.2104
2024   02   16.4014
2024   03   14.0387
2024   04   78.0316
2024   05   172.3766
2024   06   298.3250
2024   07   62.5196
2024   08   163.1116
2024   09   77.7398
2024   10   29.5250
2024   11   14.2979
2024   11   14.2979
2024   12   8.1815
2025   01   10.1884
2025   02   8.2557
2025   03   30.0848
2025   04   35.1836
2025   05   152.4657
2025   06   133.1873
