Estacion,Lat,Lon,meses:1,3,6,9,12,24,36,48
E000V00003,-17.595,-69.478,-0.64,-0.73,-0.66,-1.19,-1.07,-0.17,-0.12,-0.18
E000V00002,-18.197,-69.554,0.03,0.26,0.83,-0.33,-0.01,0.57,0.49,0.63
E000180005,-18.356,-70.340,0.96,1.03,0.81,0.69,0.64,-0.06,0.19,0.93
E000V00001,-19.011,-69.857,-0.70,-0.56,-0.17,-0.36,0.15,0.21,0.26,0.43
E000V00006,-19.276,-68.638,-1.28,-1.01,-0.27,-1.41,-0.96,0.21,0.05,0.04
E000V00005,-19.313,-69.427,-0.75,-0.37,0.02,-0.53,0.07,0.56,0.35,0.54
E000V00007,-19.996,-69.767,-2.29,-2.14,-1.38,-1.49,-1.03,-1.11,-0.93,-0.98
E000V00004,-20.250,-70.117,-1.39,-1.19,-1.10,-1.10,-1.04,-0.73,-0.54,-0.52
E000V00008,-20.501,-69.342,-1.59,-1.36,-1.02,-1.28,-0.88,-0.74,-0.78,-0.67
E000200006,-20.549,-70.181,1.68,0.81,0.39,0.33,0.30,-0.48,0.06,0.45
E000V00011,-21.224,-68.255,-0.27,-0.27,0.18,-1.19,-0.79,-0.75,-0.72,-0.65
E000V00013,-22.091,-70.200,-0.55,-0.16,-0.12,-0.40,0.40,0.14,0.01,0.11
E000V00014,-22.350,-69.666,-0.64,-0.11,-0.11,0.38,1.16,0.67,0.44,0.43
E000220002,-22.498,-68.892,1.32,0.41,-0.02,0.07,-0.01,-0.06,-0.57,0.20
E000V00009,-22.892,-69.320,-0.66,-0.52,-0.38,-0.32,0.03,-0.13,-0.29,-0.28
E000V00012,-22.932,-68.213,-1.44,-1.26,-0.57,-1.10,0.41,-0.13,-0.40,-0.08
E000230001,-23.454,-70.445,0.61,0.42,-0.01,-0.02,-0.13,-0.80,-0.54,-1.02
E000V00166,-23.600,-67.440,-0.28,-0.52,-0.25,-0.35,0.57,0.09,-0.27,-0.09
E000V00165,-23.940,-68.570,-0.71,-0.47,-0.42,-0.13,0.59,0.70,0.54,0.56
E000V00164,-24.510,-69.690,-0.40,-0.01,-0.12,-0.15,0.76,0.42,0.26,0.18
E000V00167,-25.000,-69.300,-0.58,-0.19,0.25,0.08,0.44,0.32,0.24,0.25
E000V00010,-25.411,-70.484,-0.73,-0.41,-0.42,-0.33,-0.25,-0.10,-0.24,-0.18
E000V00168,-25.700,-69.270,-0.90,-0.42,-0.39,0.56,0.61,0.50,0.46,0.46
E000V00169,-26.250,-68.990,0.66,0.33,-0.17,0.07,0.18,0.21,0.00,-0.03
E000V00016,-26.332,-70.611,-1.33,0.52,0.27,0.29,0.19,0.30,0.08,0.25
E000V00017,-26.391,-70.046,-1.32,0.34,0.04,0.05,0.03,0.08,-0.31,-0.09
E000V00170,-27.070,-69.330,-1.13,0.14,-0.37,0.04,0.21,0.27,0.12,0.27
E000270008,-27.254,-70.781,1.58,-0.27,-0.44,-0.40,-0.35,0.38,-0.11,-0.61
E000270009,-27.359,-70.353,0.98,-0.34,-0.81,-0.81,-0.87,-0.73,-0.50,-1.03
E000V00171,-27.980,-69.810,-0.37,0.88,0.31,0.23,0.20,0.21,0.05,0.28
E000V00019,-28.463,-71.225,-1.00,-1.29,-1.54,-1.54,-1.44,-0.71,-1.00,-0.54
E000V00018,-28.768,-70.449,-0.81,-1.76,-2.21,-2.20,-2.09,-1.46,-1.42,-0.94
E000V00015,-28.976,-70.000,-0.27,-1.38,-1.75,-0.73,-0.71,-0.65,-0.59,-0.27
E000V00021,-29.372,-71.116,-0.98,-1.44,-1.85,-1.78,-1.74,-1.71,-1.88,-1.25
E000290004,-29.914,-71.207,-0.39,-0.64,-1.59,-1.60,-1.56,-0.69,-1.62,-1.90
E000V00022,-30.031,-70.721,-0.14,-1.46,-2.04,-2.04,-1.90,-1.86,-1.83,-1.15
E000V00020,-30.234,-71.082,-0.28,-1.15,-1.79,-1.75,-1.66,-1.35,-1.55,-1.05
E000V00172,-30.380,-71.720,-1.65,-0.69,-1.47,-1.45,-1.39,-1.52,-1.99,-1.92
E000V00027,-30.746,-70.937,-0.24,-1.24,-1.86,-1.85,-1.78,-1.13,-1.40,-1.08
E000V00028,-30.838,-71.256,-0.81,-0.69,-1.62,-1.61,-1.56,-1.47,-1.87,-1.75
E000V00026,-31.188,-70.999,-0.70,-0.99,-1.68,-1.68,-1.66,-1.10,-1.47,-1.38
E000V00024,-31.390,-71.413,-0.37,0.19,-0.75,-0.75,-0.74,-1.27,-1.99,-1.99
E000V00023,-31.633,-71.152,-0.36,0.23,-0.63,-0.64,-0.66,-0.96,-1.39,-1.38
E000V00025,-31.783,-70.970,-0.10,-0.20,-0.76,-0.76,-0.75,-0.48,-0.92,-0.84
E000320019,-32.076,-70.707,0.88,0.06,-0.75,-0.62,-0.76,-1.38,-1.60,-1.71
E000V00035,-32.251,-70.926,-0.50,-0.27,-1.02,-1.03,-1.05,-0.94,-1.50,-1.48
E000V00174,-32.343,-70.464,-1.11,-0.37,-1.12,-1.09,-1.08,-0.99,-1.16,-1.13
E000V00033,-32.362,-70.819,-0.26,0.09,-0.62,-0.64,-0.69,-0.84,-1.39,-1.30
E000V00034,-32.505,-71.441,1.27,0.59,-0.35,-0.37,-0.42,-0.90,-1.62,-1.72
E000V00175,-32.540,-71.014,0.54,0.35,-0.44,-0.47,-0.52,-0.84,-1.55,-1.67
E000V00041,-32.594,-70.725,-0.05,0.04,-0.79,-0.81,-0.89,-1.15,-1.68,-1.55
E000V00176,-32.618,-70.368,-0.50,0.15,-0.62,-0.62,-0.76,-0.95,-1.27,-1.23
E000V00040,-32.757,-70.809,0.73,0.16,-0.59,-0.62,-0.70,-0.97,-1.68,-1.70
E000V00031,-32.789,-71.526,1.11,0.45,-0.28,-0.29,-0.33,-0.87,-1.63,-1.60
E000V00037,-32.790,-71.173,0.90,0.57,-0.40,-0.41,-0.46,-1.02,-1.72,-1.72
E000320028,-32.828,-71.227,1.06,0.69,-0.04,-0.08,-0.20,-0.83,-1.34,-1.43
E000V00032,-32.890,-70.382,0.87,0.33,-0.68,-0.70,-0.78,-1.14,-1.47,-1.35
E000V00036,-32.893,-71.207,0.99,0.67,-0.27,-0.29,-0.33,-0.86,-1.63,-1.54
E000V00030,-32.917,-71.517,0.79,0.43,-0.39,-0.41,-0.47,-0.93,-1.69,-1.61
E000V00042,-32.994,-71.261,1.00,0.64,-0.33,-0.35,-0.40,-0.96,-1.71,-1.68
E000330002,-33.023,-71.648,1.08,0.36,-0.05,-0.08,-0.17,-0.65,-1.50,-1.64
E000330007,-33.065,-71.556,0.92,0.50,0.11,0.09,0.03,-0.60,-1.23,-1.30
E000V00029,-33.083,-71.400,0.64,0.67,-0.34,-0.35,-0.40,-0.99,-1.72,-1.73
E000V00051,-33.121,-70.834,2.39,0.71,-0.26,-0.30,-0.37,-0.90,-1.60,-1.53
E000V00050,-33.147,-70.660,2.33,0.50,-0.46,-0.49,-0.58,-0.98,-1.66,-1.44
E000V00177,-33.230,-71.460,0.75,0.40,-0.43,-0.45,-0.51,-1.00,-1.77,-1.57
E000V00178,-33.287,-71.155,1.52,0.82,-0.24,-0.26,-0.32,-0.96,-1.77,-1.67
E000V00046,-33.353,-70.502,2.93,0.89,-0.15,-0.16,-0.28,-0.71,-1.36,-1.22
E000330021,-33.378,-70.787,1.72,0.72,-0.04,-0.10,-0.24,-0.84,-1.36,-1.39
E000V00043,-33.420,-70.733,2.83,0.80,-0.22,-0.23,-0.33,-0.99,-1.75,-1.53
E000V00055,-33.439,-71.026,2.05,0.95,-0.06,-0.10,-0.19,-0.88,-1.52,-1.59
E000V00038,-33.439,-71.624,0.88,0.32,-0.44,-0.46,-0.53,-0.81,-1.58,-1.41
E000330020,-33.445,-70.683,1.67,0.91,0.19,0.13,0.01,-0.75,-1.33,-1.42
E000330019,-33.455,-70.549,1.31,0.88,0.28,0.22,0.08,-0.82,-1.37,-1.58
E000V00044,-33.467,-70.700,2.92,0.75,-0.27,-0.28,-0.33,-0.95,-1.66,-1.43
E000V00047,-33.517,-70.766,2.53,0.73,-0.29,-0.30,-0.36,-0.98,-1.64,-1.54
E000V00039,-33.543,-71.596,1.08,0.36,-0.41,-0.44,-0.50,-0.83,-1.56,-1.52
E000V00045,-33.545,-70.548,2.86,1.15,0.04,-0.05,-0.25,-0.80,-1.11,-1.11
E000V00058,-33.608,-70.902,2.06,0.69,-0.23,-0.24,-0.31,-0.95,-1.63,-1.56
E000V00048,-33.617,-70.567,2.78,1.50,0.17,0.16,0.09,-0.75,-1.33,-1.39
E000330031,-33.636,-78.833,1.74,0.49,-0.05,-0.25,-0.42,-0.72,-0.73,-0.76
E000330030,-33.656,-71.613,0.55,0.34,-0.02,-0.06,-0.18,-0.89,-1.58,-1.67
E000V00049,-33.676,-70.089,2.98,1.10,-0.11,-0.16,-0.44,-0.84,-1.13,-1.11
E000V00057,-33.692,-71.101,1.26,0.82,-0.09,-0.11,-0.20,-0.87,-1.59,-1.46
E000V00052,-33.707,-70.707,2.50,1.19,0.02,-0.00,-0.09,-0.87,-1.50,-1.53
E000V00053,-33.862,-70.639,2.13,1.25,0.18,0.15,0.04,-0.76,-1.44,-1.46
E000V00179,-33.878,-70.220,2.52,1.52,0.37,0.35,-0.02,-0.83,-1.26,-1.19
E000V00056,-33.941,-71.394,0.90,0.60,-0.14,-0.16,-0.23,-0.81,-1.46,-1.52
E000V00068,-33.959,-71.825,1.02,0.91,0.05,0.02,-0.07,-0.71,-1.42,-1.38
E000V00064,-33.983,-70.717,1.72,0.97,-0.00,-0.03,-0.13,-0.82,-1.56,-1.43
E000V00054,-34.029,-70.995,1.52,0.83,-0.09,-0.12,-0.21,-0.91,-1.60,-1.59
E000V00059,-34.169,-70.772,1.48,0.78,-0.06,-0.09,-0.19,-0.92,-1.55,-1.56
E000V00180,-34.203,-70.402,1.38,1.25,0.31,0.27,0.11,-0.74,-1.30,-1.20
E000V00061,-34.215,-70.997,1.42,0.89,0.05,0.02,-0.08,-0.85,-1.50,-1.51
E000V00062,-34.217,-71.300,1.04,0.65,-0.15,-0.17,-0.26,-0.96,-1.57,-1.63
E000V00060,-34.261,-70.948,1.30,0.75,-0.05,-0.09,-0.21,-0.96,-1.61,-1.66
E000V00066,-34.279,-70.812,1.35,0.91,0.05,0.02,-0.11,-0.89,-1.51,-1.62
E000V00065,-34.322,-70.834,1.28,0.75,-0.01,-0.05,-0.17,-0.90,-1.49,-1.57
E000V00067,-34.394,-72.019,1.03,0.62,-0.38,-0.41,-0.48,-1.08,-1.61,-1.62
E000V00063,-34.411,-70.210,1.44,1.74,0.90,0.83,0.48,-0.50,-0.81,-0.88
E000V00071,-34.485,-71.463,0.99,0.66,-0.07,-0.10,-0.18,-0.90,-1.54,-1.54
E000V00069,-34.645,-71.898,0.42,0.66,-0.25,-0.28,-0.39,-1.12,-1.62,-1.68
E000V00072,-34.691,-71.400,1.05,0.89,-0.01,-0.05,-0.16,-0.89,-1.52,-1.48
E000V00070,-34.714,-71.630,0.53,0.83,-0.16,-0.19,-0.31,-1.00,-1.65,-1.64
E000340044,-34.721,-71.020,0.95,0.59,-0.18,-0.27,-0.44,-1.39,-2.29,-2.06
E000V00181,-34.781,-70.520,1.08,1.11,0.32,0.28,0.11,-0.80,-1.26,-1.34
E000V00086,-34.855,-72.026,0.17,0.55,-0.38,-0.41,-0.55,-1.21,-1.75,-1.81
E000V00084,-34.960,-71.125,0.60,1.00,0.11,0.07,-0.07,-0.84,-1.53,-1.43
E000V00083,-34.968,-71.832,0.21,0.67,-0.22,-0.26,-0.38,-1.00,-1.55,-1.60
E000340031,-34.969,-71.217,0.94,1.36,0.52,0.45,0.28,-0.69,-1.34,-1.44
E000V00085,-35.000,-70.811,0.62,1.01,0.22,0.17,0.02,-0.78,-1.42,-1.32
E000V00076,-35.128,-71.956,-0.13,0.67,-0.25,-0.28,-0.39,-1.01,-1.69,-1.63
E000V00182,-35.398,-70.830,0.72,1.34,0.51,0.45,0.22,-0.62,-1.20,-1.25
E000V00079,-35.419,-71.467,0.04,0.98,0.01,-0.05,-0.21,-0.92,-1.54,-1.42
E000V00078,-35.533,-71.700,0.14,0.82,-0.10,-0.15,-0.28,-0.88,-1.46,-1.35
E000V00074,-35.663,-71.454,0.72,1.04,-0.02,-0.09,-0.24,-0.85,-1.26,-1.19
E000V00077,-35.672,-72.082,0.14,0.54,-0.25,-0.31,-0.43,-1.00,-1.53,-1.41
E000V00080,-35.699,-71.062,0.93,1.49,0.52,0.46,0.31,-0.48,-0.98,-0.98
E000V00081,-35.707,-72.511,0.29,0.41,-0.29,-0.36,-0.50,-1.14,-1.59,-1.34
E000V00075,-35.753,-71.631,0.65,1.07,0.00,-0.06,-0.21,-0.84,-1.26,-1.21
E000V00082,-35.836,-72.587,0.52,0.70,-0.21,-0.29,-0.48,-1.01,-1.31,-1.14
E000V00183,-36.060,-71.050,0.93,1.33,0.48,0.40,0.02,-0.80,-1.18,-1.19
E000V00087,-36.133,-72.783,0.76,0.64,-0.33,-0.43,-0.60,-1.28,-1.47,-1.37
E000V00073,-36.257,-71.548,0.80,1.13,0.08,-0.00,-0.20,-0.66,-1.09,-1.03
E000V00091,-36.292,-71.900,0.81,1.06,-0.08,-0.18,-0.39,-1.03,-1.43,-1.26
E000V00090,-36.430,-72.640,0.71,0.87,-0.13,-0.22,-0.38,-0.91,-1.22,-1.15
E000V00088,-36.492,-72.699,0.83,1.14,0.08,0.00,-0.15,-0.72,-1.04,-0.96
E000V00092,-36.560,-71.549,0.81,1.39,0.30,0.20,-0.06,-0.62,-1.07,-1.04
E000360011,-36.586,-72.037,1.87,1.15,0.10,-0.08,-0.39,-1.17,-1.61,-1.69
E000V00089,-36.625,-72.603,0.68,0.95,-0.14,-0.26,-0.43,-0.89,-1.10,-1.05
E000V00099,-36.672,-72.965,0.77,1.24,0.25,0.14,-0.04,-0.64,-0.93,-1.00
E000V00096,-36.697,-72.704,0.85,1.08,-0.10,-0.22,-0.37,-0.72,-0.99,-1.02
E000V00098,-36.733,-72.983,0.83,1.29,0.40,0.27,0.11,-0.50,-0.85,-0.96
E000360019,-36.781,-73.066,0.87,-0.07,-0.67,-0.83,-1.07,-1.29,-1.75,-1.45
E000V00184,-36.880,-71.500,0.85,1.47,0.35,0.24,0.01,-0.51,-0.83,-0.83
E000V00093,-36.977,-72.099,0.41,0.73,-0.27,-0.40,-0.61,-0.85,-1.12,-1.16
E000V00095,-37.005,-73.140,0.57,0.86,-0.26,-0.39,-0.58,-1.04,-1.34,-1.34
E000V00106,-37.035,-72.403,0.64,1.04,-0.19,-0.32,-0.52,-0.77,-1.06,-1.09
E000V00097,-37.092,-73.155,0.82,1.10,-0.18,-0.31,-0.44,-1.02,-1.33,-1.33
E000V00105,-37.111,-71.245,0.34,1.36,0.62,0.44,0.17,-0.48,-0.80,-0.80
E000V00094,-37.141,-72.012,0.40,1.01,-0.18,-0.32,-0.53,-0.77,-1.05,-1.12
E000V00108,-37.167,-72.946,0.58,0.96,-0.10,-0.22,-0.39,-0.73,-1.01,-1.00
E000V00107,-37.213,-72.328,0.60,1.24,-0.05,-0.20,-0.39,-0.58,-0.86,-0.93
E000V00111,-37.293,-71.949,0.40,1.12,0.00,-0.15,-0.36,-0.53,-0.89,-0.94
E000V00100,-37.305,-73.437,-0.46,0.74,-0.11,-0.23,-0.43,-0.73,-1.03,-0.99
E000V00185,-37.323,-71.566,0.26,1.16,0.27,0.09,-0.07,-0.33,-0.63,-0.77
E000370033,-37.397,-72.424,0.76,0.43,0.10,-0.02,-0.07,-0.11,-0.47,-0.28
E000V00186,-37.418,-72.830,-0.56,0.63,-0.23,-0.35,-0.48,-0.73,-0.95,-0.99
E000V00103,-37.485,-73.330,-0.40,0.81,0.02,-0.13,-0.29,-0.47,-0.74,-0.74
E000V00110,-37.536,-71.875,0.07,0.62,-0.21,-0.36,-0.59,-0.63,-0.99,-1.03
E000V00104,-37.627,-73.462,-0.22,1.00,0.00,-0.13,-0.40,-0.60,-0.79,-0.76
E000V00109,-37.685,-72.007,0.08,0.83,-0.11,-0.27,-0.50,-0.51,-0.89,-0.92
E000V00116,-37.726,-72.605,-0.58,0.77,-0.20,-0.32,-0.44,-0.47,-0.75,-0.80
E000V00101,-37.892,-73.412,-0.58,0.68,-0.15,-0.30,-0.50,-0.61,-0.75,-0.72
E000V00102,-37.950,-73.097,-0.54,0.59,-0.24,-0.38,-0.53,-0.74,-0.85,-0.83
E000V00112,-38.057,-71.435,-0.11,0.80,0.05,-0.10,-0.26,-0.41,-0.80,-0.80
E000V00114,-38.146,-72.298,-0.84,0.77,-0.35,-0.49,-0.69,-0.59,-0.83,-0.94
E000V00117,-38.228,-72.273,-0.77,0.86,-0.33,-0.49,-0.71,-0.58,-0.79,-0.90
E000V00113,-38.250,-71.233,-0.15,1.01,0.20,0.05,-0.09,-0.31,-0.67,-0.67
E000V00188,-38.207,-72.956,-0.49,0.56,-0.31,-0.42,-0.58,-0.63,-0.81,-0.82
E000V00187,-38.414,-71.750,-0.42,0.52,-0.42,-0.53,-0.73,-0.74,-0.95,-0.95
E000V00121,-38.435,-72.399,-0.84,0.69,-0.38,-0.54,-0.75,-0.63,-0.81,-0.87
E000V00129,-38.446,-72.850,-0.47,0.59,-0.43,-0.54,-0.70,-0.58,-0.81,-0.81
E000V00126,-38.675,-72.224,-0.24,0.49,-0.58,-0.71,-0.90,-0.71,-0.86,-0.84
E000V00115,-38.732,-71.141,0.47,1.35,0.50,0.37,0.20,-0.12,-0.48,-0.56
E000380013,-38.768,-72.460,1.33,1.29,-0.42,-0.68,-0.99,-0.96,-1.48,-1.42
E000V00120,-38.834,-71.683,0.88,0.91,-0.12,-0.24,-0.48,-0.44,-0.73,-0.73
E000V00128,-39.022,-72.787,0.37,-0.19,-1.06,-1.03,-1.04,-0.90,-1.04,-0.96
E000V00127,-39.007,-72.252,0.62,0.07,-0.85,-0.94,-1.02,-0.77,-1.01,-0.97
E000V00122,-39.071,-72.922,0.29,-0.23,-1.04,-1.02,-1.04,-1.00,-1.13,-1.01
E000V00118,-39.103,-72.615,0.44,-0.17,-0.96,-0.97,-1.03,-0.88,-1.02,-0.90
E000V00124,-39.165,-73.133,0.18,-0.14,-0.84,-0.78,-0.81,-0.89,-1.05,-0.94
E000V00125,-39.196,-72.261,1.17,0.31,-0.58,-0.66,-0.73,-0.53,-0.85,-0.82
E000V00119,-39.262,-71.868,1.38,0.51,-0.34,-0.43,-0.56,-0.48,-0.86,-0.84
E000V00123,-39.289,-71.926,1.46,0.42,-0.37,-0.48,-0.61,-0.50,-0.87,-0.83
E000V00189,-39.373,-72.550,0.63,-0.16,-0.84,-0.85,-0.92,-0.77,-1.00,-0.87
E000V00190,-39.390,-73.177,-0.12,-0.26,-0.94,-0.92,-0.93,-0.93,-1.15,-1.00
E000V00131,-39.632,-72.950,0.02,-0.13,-0.87,-0.87,-0.94,-0.90,-1.12,-0.98
E000390006,-39.657,-73.087,1.18,0.39,-0.71,-0.75,-1.12,-1.22,-1.75,-1.47
E000V00130,-39.863,-72.501,0.52,-0.06,-0.73,-0.72,-0.76,-0.60,-0.89,-0.77
E000V00191,-39.880,-71.910,1.76,0.82,0.03,-0.07,-0.26,-0.16,-0.60,-0.60
E000V00132,-40.096,-72.927,-0.26,-0.39,-0.74,-0.76,-0.76,-0.47,-0.82,-0.66
E000V00134,-40.134,-72.415,0.72,0.34,-0.40,-0.52,-0.65,-0.47,-0.88,-0.73
E000V00193,-40.168,-73.647,-0.91,-0.45,-0.85,-0.79,-0.83,-0.78,-1.04,-0.82
E000V00133,-40.317,-73.024,-0.61,-0.41,-0.76,-0.73,-0.73,-0.47,-0.79,-0.59
E000V00135,-40.323,-72.979,-0.71,-0.35,-0.72,-0.74,-0.80,-0.57,-0.91,-0.69
E000V00139,-40.348,-73.308,-0.74,-0.44,-0.86,-0.86,-0.91,-0.64,-0.94,-0.70
E000V00192,-40.520,-72.000,1.16,1.00,0.08,-0.04,-0.35,-0.44,-0.94,-0.94
E000400009,-40.614,-73.058,1.02,0.88,0.07,-0.10,-0.53,-0.85,-1.33,-1.00
E000V00194,-40.623,-72.116,1.03,0.97,0.11,0.03,-0.20,-0.31,-0.78,-0.78
E000V00136,-40.765,-73.152,-0.55,0.01,-0.57,-0.63,-0.73,-0.53,-0.90,-0.71
E000V00138,-40.861,-73.157,-0.61,0.08,-0.45,-0.51,-0.65,-0.52,-0.85,-0.70
E000V00195,-40.873,-73.815,-0.21,0.54,-0.02,-0.08,-0.27,-0.28,-0.67,-0.48
E000V00137,-40.957,-72.886,-0.59,0.02,-0.48,-0.59,-0.70,-0.46,-0.81,-0.65
E000V00142,-41.115,-73.377,-0.61,-0.02,-0.39,-0.41,-0.56,-0.62,-0.89,-0.67
E000V00197,-41.142,-72.339,0.30,0.57,-0.16,-0.30,-0.44,-0.27,-0.27,-0.27
E000V00143,-41.259,-73.009,-0.53,0.10,-0.42,-0.55,-0.66,-0.54,-0.90,-0.67
E000V00196,-41.359,-73.809,-0.14,0.46,-0.22,-0.33,-0.55,-0.60,-0.91,-0.66
E000410005,-41.448,-73.096,1.12,0.34,-0.44,-0.77,-1.10,-1.40,-1.63,-1.32
E000V00198,-41.579,-72.275,0.29,0.74,-0.05,-0.31,-0.44,-0.36,-0.78,-0.78
E000V00144,-41.710,-73.672,-0.68,0.79,-0.02,-0.18,-0.33,-0.38,-0.71,-0.53
E000V00140,-41.938,-72.435,0.49,0.88,-0.01,-0.18,-0.34,-0.25,-0.61,-0.61
E000V00141,-42.075,-71.865,0.88,1.25,0.51,0.28,0.07,0.05,-0.46,-0.46
E000V00151,-42.100,-72.417,0.36,0.94,0.16,-0.05,-0.19,-0.18,-0.58,-0.58
E000V00149,-42.157,-73.490,-0.52,1.04,0.18,0.09,-0.10,-0.26,-0.60,-0.38
E000V00199,-42.285,-74.078,0.43,1.69,0.67,0.63,0.50,0.23,-0.06,0.17
E000V00201,-42.355,-72.663,-0.03,1.06,0.22,0.13,-0.14,-0.26,-0.65,-0.65
E000V00147,-42.404,-73.568,0.09,1.00,0.25,0.18,-0.00,-0.23,-0.58,-0.39
E000V00148,-42.583,-73.633,0.13,1.26,0.42,0.33,0.08,-0.17,-0.49,-0.36
E000V00146,-42.704,-73.789,0.65,1.30,0.54,0.55,0.32,-0.07,-0.42,-0.28
E000V00145,-42.883,-72.717,0.91,1.40,0.69,0.58,0.32,0.03,-0.42,-0.42
E000430002,-43.189,-71.852,0.68,1.46,0.72,0.35,-0.06,-0.40,-1.01,-0.77
E000V00200,-43.208,-74.295,0.62,1.39,0.50,0.46,0.39,0.17,-0.13,0.03
E000V00202,-43.364,-72.850,0.51,1.51,0.48,0.53,0.23,-0.06,-0.47,-0.47
E000V00150,-43.474,-72.126,0.69,2.02,0.82,0.76,0.37,0.13,-0.33,-0.33
E000430004,-43.612,-71.801,-0.16,-0.68,-0.77,-1.23,-1.65,-2.14,-2.50,-2.92
E000V00153,-43.890,-73.740,-0.01,1.33,0.45,0.64,0.45,-0.25,-0.64,-0.64
E000V00152,-43.917,-72.387,0.51,1.61,0.73,0.84,0.57,0.20,0.20,0.20
E000V00154,-44.240,-71.847,0.57,1.66,0.81,0.66,0.37,0.16,-0.34,-0.43
E000V00203,-44.729,-73.097,-0.42,0.95,0.32,0.80,0.48,-0.01,-0.52,-0.45
E000450001,-45.399,-72.677,0.11,0.56,0.14,0.15,-0.17,-0.61,-0.79,-0.79
E000450004,-45.591,-72.102,0.12,1.23,0.54,0.67,0.30,-0.26,-0.71,-0.40
E000450005,-45.918,-71.678,-0.24,1.26,0.46,0.26,-0.04,-0.86,-1.42,-1.32
E000V00157,-46.278,-71.941,-0.43,2.02,1.40,1.32,0.87,0.60,0.43,0.46
E000V00205,-46.355,-74.778,0.05,1.68,0.88,1.15,0.71,0.51,0.42,0.47
E000V00204,-46.569,-73.336,-0.15,0.89,0.89,-0.13,-0.10,-0.22,-0.32,-0.08
E000460001,-46.585,-71.685,0.66,0.69,0.04,0.28,-0.06,-0.18,-0.86,-0.45
E000470001,-47.244,-72.583,-0.02,0.70,-0.08,0.09,-0.01,-0.64,-1.00,-1.02
E000V00156,-47.800,-73.536,0.01,0.66,-0.01,0.24,0.26,0.23,0.22,0.22
E000V00155,-48.471,-72.560,0.18,0.60,0.44,0.27,0.25,0.18,0.21,0.26
E000V00206,-48.958,-73.941,0.84,0.92,0.10,0.07,0.13,0.22,0.26,0.27
E000V00207,-51.070,-73.570,0.14,0.26,0.10,0.12,0.21,0.12,0.15,0.19
E000V00158,-51.184,-72.967,0.46,1.34,0.88,0.88,0.80,0.61,0.46,0.40
E000V00159,-52.309,-71.164,-0.02,1.18,0.62,0.37,0.23,0.22,0.17,0.46
E000V00161,-52.432,-70.361,0.02,0.37,0.01,-0.05,-0.09,0.07,0.01,0.43
E000V00160,-52.601,-71.505,0.53,1.23,1.14,0.93,0.64,0.41,0.41,0.52
E000V00162,-52.800,-69.270,0.00,-0.03,0.11,0.09,-0.01,0.06,0.03,0.23
E000520006,-53.002,-70.839,-0.70,-0.45,-0.69,-1.22,-1.73,-2.40,-1.83,-1.62
E000530005,-53.254,-70.326,0.96,0.64,0.62,0.29,-0.28,0.61,1.42,1.42
E000V00208,-53.800,-71.380,0.65,0.45,0.78,0.53,0.28,0.11,0.03,0.10
E000V00163,-54.051,-68.804,0.13,0.07,-0.02,-0.04,-0.08,-0.15,-0.13,0.14
E000550001,-54.932,-67.616,0.26,0.53,-0.17,-0.28,-0.83,-0.15,0.61,0.86
