Estacion,Lat,Lon,meses:1,3,6,9,12,24,36,48
E000V00003,-17.595,-69.478,-0.12,-0.04,0.37,0.41,-0.04,-0.25,-0.68,-0.19
E000V00002,-18.197,-69.554,0.10,0.50,0.64,0.79,0.52,0.49,0.34,0.57
E000180005,-18.356,-70.340,0.84,0.29,0.00,-0.41,-0.54,-0.33,-0.47,-0.83
E000V00001,-19.011,-69.857,0.06,0.03,-0.04,-0.08,-0.23,0.01,0.06,0.11
E000V00006,-19.276,-68.638,-0.39,-0.30,0.03,0.12,-0.43,-0.10,-0.47,0.06
E000V00005,-19.313,-69.427,0.10,-0.10,-0.01,0.07,-0.43,-0.13,-0.09,0.23
E000V00007,-19.996,-69.767,-1.31,-2.07,-2.15,-1.60,-1.56,-1.50,-1.33,-1.18
E000V00004,-20.250,-70.117,-2.52,-2.52,-5.52,-1.06,-0.50,-0.78,-0.66,-0.54
E000V00008,-20.501,-69.342,-0.65,-1.70,-1.85,-1.45,-2.08,-1.50,-1.26,-1.09
E000200006,-20.549,-70.181,-2.52,1.49,1.21,0.47,0.35,-0.39,-0.97,-0.15
E000V00011,-21.224,-68.255,-0.30,-1.50,-1.16,-1.11,-1.42,-0.96,-0.90,-0.85
E000V00013,-22.091,-70.200,-0.32,-1.54,0.04,-0.23,-0.29,0.01,0.17,0.10
E000V00014,-22.350,-69.666,-1.93,-2.29,0.72,0.57,0.09,0.03,0.44,0.37
E000220002,-22.498,-68.892,0.76,0.35,0.29,-0.47,-0.68,-0.59,-0.60,-0.81
E000V00009,-22.892,-69.320,-1.60,-2.31,-2.20,-1.96,-1.50,-1.21,-0.70,-0.58
E000V00012,-22.932,-68.213,1.21,-1.17,-1.37,-1.34,-1.61,-0.97,-0.46,-0.49
E000230001,-23.454,-70.445,2.01,1.34,0.47,-0.15,-0.06,-0.05,-0.53,-0.93
E000V00166,-23.600,-67.440,1.26,-0.26,-0.29,-0.37,-0.45,-0.27,0.01,-0.09
E000V00165,-23.940,-68.570,1.95,-0.47,-0.24,-0.39,-0.60,-0.13,0.13,0.31
E000V00164,-24.510,-69.690,0.05,-0.55,0.58,-0.14,0.15,0.00,0.24,0.22
E000V00167,-25.000,-69.300,0.33,0.22,0.74,0.17,0.18,0.23,0.27,0.26
E000V00010,-25.411,-70.484,-0.38,-0.06,-1.63,-1.10,-0.95,-0.61,-0.37,-0.42
E000V00168,-25.700,-69.270,0.33,0.74,1.47,0.48,0.56,0.44,0.48,0.48
E000V00169,-26.250,-68.990,2.34,0.08,0.46,-0.34,-0.10,-0.15,-0.06,0.03
E000V00016,-26.332,-70.611,0.16,0.76,-1.27,-0.99,-0.47,-0.16,0.04,-0.10
E000V00017,-26.391,-70.046,0.68,0.70,-3.29,-1.83,-1.10,-0.52,-0.30,-0.52
E000V00170,-27.070,-69.330,0.37,0.74,0.78,-1.54,-0.73,-0.32,-0.18,-0.12
E000270008,-27.254,-70.781,1.35,1.22,0.70,-0.45,-0.04,-0.65,0.05,-0.41
E000270009,-27.359,-70.353,2.01,1.49,0.54,-0.58,0.05,-0.70,-0.82,-0.76
E000V00171,-27.980,-69.810,-0.04,-0.18,-0.49,-2.88,-1.22,-0.48,-0.27,-0.24
E000V00019,-28.463,-71.225,-2.52,-2.52,-3.78,-1.20,-0.34,-0.87,-0.59,-0.83
E000V00018,-28.768,-70.449,-2.52,-2.52,-2.66,-2.17,-0.14,-1.03,-0.99,-1.08
E000V00015,-28.976,-70.000,1.17,0.73,0.50,-1.16,1.30,0.36,0.08,-0.04
E000V00021,-29.372,-71.116,-0.01,-0.02,-0.68,-1.04,-0.02,-1.04,-1.17,-1.37
E000290004,-29.914,-71.207,0.84,0.40,-0.73,-0.36,-0.53,-1.58,-1.06,-1.93
E000V00022,-30.031,-70.721,-2.52,-0.19,-0.19,-1.42,0.60,-0.77,-0.91,-1.11
E000V00020,-30.234,-71.082,0.04,0.02,-0.20,-1.34,1.00,-0.28,-0.38,-0.74
E000V00172,-30.380,-71.720,-0.19,-0.00,0.25,-0.64,0.38,-0.56,-0.95,-1.30
E000V00027,-30.746,-70.937,-0.07,0.00,0.60,-1.06,1.47,0.08,-0.02,-0.46
E000V00028,-30.838,-71.256,0.03,0.02,-0.80,-0.75,1.16,-0.07,-0.37,-0.85
E000V00026,-31.188,-70.999,-0.06,0.02,-0.76,-0.76,1.45,0.10,-0.11,-0.58
E000V00024,-31.390,-71.413,0.02,0.03,-0.85,-0.07,1.46,0.58,-0.11,-0.72
E000V00023,-31.633,-71.152,-0.03,-0.06,-0.65,0.11,1.68,0.82,0.25,-0.31
E000V00025,-31.783,-70.970,-0.33,-0.02,-0.37,-0.56,1.53,0.59,0.33,-0.15
E000320019,-32.076,-70.707,1.42,1.72,0.21,0.05,0.21,-0.42,-0.88,-1.29
E000V00035,-32.251,-70.926,-0.56,-0.52,-2.43,-0.99,1.46,0.49,0.13,-0.43
E000V00174,-32.343,-70.464,-1.32,-0.89,-2.74,-1.06,1.93,0.62,0.13,-0.23
E000V00033,-32.362,-70.819,-0.51,-0.46,-1.82,-0.70,1.58,0.77,0.26,-0.31
E000V00034,-32.505,-71.441,-0.70,-0.61,-2.13,-0.43,1.02,0.44,-0.12,-0.77
E000V00175,-32.540,-71.014,-0.62,-0.60,-1.30,-0.32,1.12,0.47,-0.04,-0.68
E000V00041,-32.594,-70.725,-0.71,-0.69,-1.64,-0.95,1.73,0.78,0.16,-0.40
E000V00176,-32.618,-70.368,-0.19,-0.27,-0.92,-0.60,1.39,0.50,-0.05,-0.45
E000V00040,-32.757,-70.809,-0.72,-0.66,-1.40,-0.62,1.25,0.52,-0.02,-0.71
E000V00031,-32.789,-71.526,-0.76,-0.67,-2.02,-0.56,0.67,0.25,-0.31,-0.96
E000V00037,-32.790,-71.173,-0.80,-0.72,-2.22,-0.55,1.49,0.78,0.12,-0.55
E000320028,-32.828,-71.227,0.76,-0.07,-1.37,-0.63,-0.61,-0.41,-0.84,-1.26
E000V00032,-32.890,-70.382,-1.16,-1.31,-2.19,-1.16,1.57,0.66,0.02,-0.45
E000V00036,-32.893,-71.207,-0.86,-0.77,-1.94,-0.50,1.39,0.76,0.14,-0.55
E000V00030,-32.917,-71.517,-0.79,-0.78,-2.17,-0.87,0.74,0.23,-0.31,-0.95
E000V00042,-32.994,-71.261,-0.87,-0.79,-2.04,-0.65,1.07,0.49,-0.13,-0.80
E000330002,-33.023,-71.648,0.70,0.11,-1.22,-0.48,-0.73,-0.50,-0.82,-1.59
E000330007,-33.065,-71.556,0.37,-0.46,-1.12,-0.60,-0.69,-0.34,-0.76,-1.30
E000V00029,-33.083,-71.400,-0.96,-0.95,-1.85,-0.75,0.78,0.27,-0.34,-0.96
E000V00051,-33.121,-70.834,-0.91,-0.98,-1.77,-0.82,1.13,0.55,-0.09,-0.73
E000V00050,-33.147,-70.660,-1.08,-1.31,-1.77,-1.21,1.36,0.63,0.02,-0.59
E000V00177,-33.230,-71.460,-1.19,-1.05,-2.07,-0.91,0.66,0.15,-0.38,-1.03
E000V00178,-33.287,-71.155,-0.72,-0.82,-1.57,-0.73,1.02,0.50,-0.14,-0.83
E000V00046,-33.353,-70.502,-1.23,-0.91,-1.42,-1.25,1.10,0.61,0.06,-0.55
E000330021,-33.378,-70.787,0.76,-0.06,-1.59,-0.28,0.02,-0.12,-0.59,-1.12
E000V00043,-33.420,-70.733,-1.17,-1.33,-1.61,-1.18,1.09,0.56,-0.11,-0.81
E000V00055,-33.439,-71.026,-0.96,-1.05,-1.42,-0.68,0.90,0.51,-0.17,-0.73
E000V00038,-33.439,-71.624,-1.29,-1.34,-1.87,-0.95,0.53,0.08,-0.32,-0.97
E000330020,-33.445,-70.683,0.56,-0.29,-1.69,-0.37,-0.17,-0.05,-0.61,-1.18
E000330019,-33.455,-70.549,0.69,-0.29,-2.14,-0.79,-0.81,-0.42,-1.06,-1.60
E000V00044,-33.467,-70.700,-2.52,-0.99,-1.70,-1.18,1.14,0.58,-0.06,-0.72
E000V00047,-33.517,-70.766,-2.52,-0.90,-1.44,-1.16,0.90,0.43,-0.19,-0.81
E000V00039,-33.543,-71.596,-1.23,-1.38,-1.88,-0.87,0.42,-0.00,-0.41,-1.02
E000V00045,-33.545,-70.548,-1.28,-1.00,-1.67,-1.28,0.80,0.55,-0.09,-0.60
E000V00058,-33.608,-70.902,-0.86,-1.34,-1.33,-1.03,0.89,0.44,-0.19,-0.80
E000V00048,-33.617,-70.567,-0.87,-1.25,-1.95,-1.08,1.25,0.85,0.11,-0.45
E000330031,-33.636,-78.833,-1.89,-2.63,-3.42,-3.27,-2.17,-1.09,-1.19,-1.07
E000330030,-33.656,-71.613,0.76,-0.05,-1.40,-1.81,-1.91,-1.11,-1.47,-1.99
E000V00049,-33.676,-70.089,-1.17,-0.80,-1.44,-1.40,1.38,0.74,0.08,-0.37
E000V00057,-33.692,-71.101,-1.41,-1.31,-1.63,-1.00,0.79,0.42,-0.21,-0.83
E000V00052,-33.707,-70.707,-1.13,-1.38,-1.86,-1.14,1.23,0.78,0.06,-0.57
E000V00053,-33.862,-70.639,-1.17,-1.66,-1.74,-1.32,0.94,0.67,-0.02,-0.65
E000V00179,-33.878,-70.220,-1.73,-1.45,-1.39,-1.27,1.27,1.01,0.18,-0.35
E000V00056,-33.941,-71.394,-1.25,-1.20,-1.70,-1.22,0.33,0.11,-0.40,-0.96
E000V00068,-33.959,-71.825,-1.26,-1.24,-2.04,-1.28,0.31,0.20,-0.34,-0.95
E000V00064,-33.983,-70.717,-1.23,-1.60,-1.59,-1.42,0.95,0.58,-0.06,-0.70
E000V00054,-34.029,-70.995,-1.23,-1.57,-1.69,-1.42,0.78,0.42,-0.22,-0.85
E000V00059,-34.169,-70.772,-1.38,-1.28,-1.65,-1.50,0.59,0.32,-0.31,-0.90
E000V00180,-34.203,-70.402,-1.67,-1.40,-1.91,-1.62,1.00,0.79,0.06,-0.50
E000V00061,-34.215,-70.997,-1.46,-1.83,-1.87,-1.56,0.38,0.25,-0.37,-0.96
E000V00062,-34.217,-71.300,-1.17,-1.49,-1.90,-1.52,0.01,-0.09,-0.66,-1.19
E000V00060,-34.261,-70.948,-1.38,-2.00,-1.98,-1.70,0.17,0.07,-0.54,-1.12
E000V00066,-34.279,-70.812,-1.40,-1.74,-2.02,-1.61,0.20,0.14,-0.47,-1.03
E000V00065,-34.322,-70.834,-1.63,-1.82,-1.88,-1.63,0.06,0.03,-0.53,-1.08
E000V00067,-34.394,-72.019,-0.78,-1.04,-1.79,-1.37,-0.21,-0.38,-0.85,-1.28
E000V00063,-34.411,-70.210,-1.59,-1.45,-2.07,-1.37,0.95,1.01,0.23,-0.27
E000V00071,-34.485,-71.463,-1.15,-1.62,-2.07,-1.62,-0.05,-0.09,-0.63,-1.20
E000V00069,-34.645,-71.898,-0.98,-1.67,-2.16,-1.56,-0.26,-0.32,-0.86,-1.31
E000V00072,-34.691,-71.400,-1.31,-1.60,-1.80,-1.65,0.06,0.03,-0.54,-1.11
E000V00070,-34.714,-71.630,-1.17,-1.35,-1.80,-1.70,-0.06,-0.15,-0.70,-1.27
E000340044,-34.721,-71.020,0.56,-0.47,-1.01,-1.15,-1.24,-0.97,-1.59,-2.33
E000V00181,-34.781,-70.520,-1.29,-1.13,-2.48,-1.61,-0.10,0.12,-0.53,-0.97
E000V00086,-34.855,-72.026,-1.04,-1.53,-1.77,-1.64,-0.18,-0.35,-0.89,-1.37
E000V00084,-34.960,-71.125,-1.31,-1.59,-1.40,-1.64,-0.05,0.07,-0.51,-1.11
E000V00083,-34.968,-71.832,-1.19,-1.88,-1.74,-1.58,-0.23,-0.28,-0.76,-1.24
E000340031,-34.969,-71.217,0.37,-0.83,-0.80,-1.21,-1.39,-0.48,-1.15,-1.73
E000V00085,-35.000,-70.811,-1.29,-1.40,-1.93,-1.80,-0.03,0.12,-0.47,-1.00
E000V00076,-35.128,-71.956,-1.13,-1.78,-1.73,-1.68,-0.08,-0.21,-0.69,-1.31
E000V00182,-35.398,-70.830,-1.25,-1.99,-2.07,-1.71,-0.13,0.19,-0.39,-0.87
E000V00079,-35.419,-71.467,-1.36,-1.68,-1.55,-1.93,-0.34,-0.24,-0.76,-1.25
E000V00078,-35.533,-71.700,-1.41,-1.71,-1.45,-1.81,-0.27,-0.27,-0.71,-1.16
E000V00074,-35.663,-71.454,-1.32,-1.79,-1.63,-1.93,-0.37,-0.30,-0.66,-1.04
E000V00077,-35.672,-72.082,-1.25,-1.83,-1.04,-1.71,-0.32,-0.39,-0.80,-1.24
E000V00080,-35.699,-71.062,-0.81,-1.48,-1.84,-1.87,-0.35,0.07,-0.39,-0.83
E000V00081,-35.707,-72.511,-1.55,-1.76,-1.57,-1.96,0.11,-0.19,-0.65,-1.13
E000V00075,-35.753,-71.631,-1.32,-2.02,-1.69,-1.76,-0.24,-0.24,-0.63,-1.02
E000V00082,-35.836,-72.587,-1.38,-1.98,-1.62,-2.00,0.05,-0.22,-0.57,-0.97
E000V00183,-36.060,-71.050,-1.39,-1.77,-1.99,-1.87,-0.65,-0.26,-0.71,-1.07
E000V00087,-36.133,-72.783,-1.22,-1.91,-1.54,-1.90,0.13,-0.21,-0.68,-1.02
E000V00073,-36.257,-71.548,-1.17,-1.99,-1.84,-1.90,-0.41,-0.34,-0.56,-0.95
E000V00091,-36.292,-71.900,-1.39,-1.97,-1.71,-1.97,-0.35,-0.42,-0.82,-1.19
E000V00090,-36.430,-72.640,-1.26,-1.67,-1.78,-1.89,0.14,-0.09,-0.45,-0.82
E000V00088,-36.492,-72.699,-1.18,-1.68,-2.05,-2.01,0.29,0.10,-0.29,-0.65
E000V00092,-36.560,-71.549,-1.45,-2.12,-1.86,-1.91,-0.46,-0.29,-0.55,-0.93
E000360011,-36.586,-72.037,-0.69,-1.69,-2.70,-1.80,-2.11,-1.30,-1.61,-1.90
E000V00089,-36.625,-72.603,-1.28,-1.92,-2.17,-2.29,-0.18,-0.28,-0.59,-0.85
E000V00099,-36.672,-72.965,-1.27,-1.80,-1.75,-2.10,-0.21,-0.09,-0.43,-0.72
E000V00096,-36.697,-72.704,-1.22,-2.03,-1.98,-2.26,-0.27,-0.34,-0.53,-0.80
E000V00098,-36.733,-72.983,-1.26,-1.69,-1.96,-2.20,-0.18,-0.01,-0.32,-0.64
E000360019,-36.781,-73.066,-0.82,-1.41,-1.98,-2.13,-2.42,-1.96,-1.75,-2.06
E000V00184,-36.880,-71.500,-1.41,-1.92,-1.89,-1.68,-0.58,-0.23,-0.45,-0.45
E000V00093,-36.977,-72.099,-1.52,-1.93,-1.74,-2.25,-0.45,-0.55,-0.67,-0.96
E000V00095,-37.005,-73.140,-1.30,-1.84,-1.87,-2.18,-0.43,-0.59,-0.80,-1.09
E000V00106,-37.035,-72.403,-1.45,-1.97,-1.77,-2.39,-0.38,-0.45,-0.58,-0.89
E000V00097,-37.092,-73.155,-1.24,-1.80,-1.82,-2.23,-0.35,-0.47,-0.79,-1.07
E000V00105,-37.111,-71.245,-1.56,-2.10,-2.45,-1.66,-0.59,-0.14,-0.44,-0.44
E000V00094,-37.141,-72.012,-1.44,-2.01,-1.99,-2.34,-0.44,-0.45,-0.61,-0.89
E000V00108,-37.167,-72.946,-1.29,-1.88,-2.12,-2.34,-0.20,-0.32,-0.51,-0.79
E000V00107,-37.213,-72.328,-1.50,-2.08,-2.08,-2.44,-0.32,-0.29,-0.42,-0.72
E000V00111,-37.293,-71.949,-1.46,-2.14,-2.20,-2.43,-0.47,-0.37,-0.47,-0.78
E000V00100,-37.305,-73.437,-1.37,-1.71,-1.56,-2.26,-0.36,-0.37,-0.55,-0.82
E000V00185,-37.323,-71.566,-1.33,-2.06,-2.26,-1.93,-0.45,-0.17,-0.29,-0.57
E000370033,-37.397,-72.424,-0.20,-0.76,-0.34,-0.30,-0.35,-0.03,0.04,-0.17
E000V00186,-37.418,-72.830,-1.34,-2.02,-2.02,-2.37,-0.32,-0.40,-0.56,-0.79
E000V00103,-37.485,-73.330,-1.39,-2.00,-1.73,-2.26,-0.23,-0.23,-0.34,-0.57
E000V00110,-37.536,-71.875,-1.47,-2.22,-2.31,-2.37,-0.58,-0.54,-0.57,-0.87
E000V00104,-37.627,-73.462,-1.38,-1.75,-1.11,-2.03,-0.20,-0.25,-0.40,-0.61
E000V00109,-37.685,-72.007,-1.39,-2.26,-2.00,-2.28,-0.39,-0.33,-0.38,-0.73
E000V00116,-37.726,-72.605,-1.43,-2.18,-2.03,-2.36,-0.26,-0.29,-0.35,-0.60
E000V00101,-37.892,-73.412,-1.24,-1.56,-1.23,-2.16,-0.17,-0.31,-0.39,-0.57
E000V00102,-37.950,-73.097,-1.18,-1.81,-1.50,-2.43,-0.40,-0.43,-0.57,-0.71
E000V00112,-38.057,-71.435,-1.37,-2.46,-2.71,-1.98,-0.49,-0.31,-0.37,-0.37
E000V00114,-38.146,-72.298,-1.30,-2.32,-1.71,-2.00,-0.09,-0.29,-0.38,-0.60
E000V00117,-38.228,-72.273,-1.12,-2.16,-1.89,-2.05,-0.19,-0.34,-0.42,-0.60
E000V00113,-38.250,-71.233,-1.52,-2.56,-2.57,-1.78,-0.43,-0.22,-0.30,-0.30
E000V00188,-38.207,-72.956,-1.04,-1.91,-1.26,-2.07,-0.29,-0.37,-0.46,-0.63
E000V00187,-38.414,-71.750,-1.10,-2.31,-2.15,-1.29,-0.03,-0.28,-0.42,-0.42
E000V00121,-38.435,-72.399,-1.05,-2.06,-1.68,-1.74,-0.04,-0.28,-0.41,-0.58
E000V00129,-38.446,-72.850,-0.96,-1.83,-1.41,-2.15,-0.42,-0.50,-0.53,-0.66
E000V00126,-38.675,-72.224,-0.94,-2.06,-1.47,-1.82,-0.24,-0.47,-0.54,-0.66
E000V00115,-38.732,-71.141,-1.50,-2.31,-2.51,-1.92,-0.08,0.08,-0.09,-0.36
E000380013,-38.768,-72.460,-1.31,-3.17,-2.19,-3.09,-2.81,-1.78,-1.59,-1.85
E000V00120,-38.834,-71.683,-1.06,-2.06,-2.00,-0.92,0.09,-0.12,-0.24,-0.24
E000V00128,-39.022,-72.787,-0.88,-1.73,-1.49,-2.20,-0.82,-0.94,-0.88,-0.97
E000V00127,-39.007,-72.252,-1.01,-1.81,-1.63,-1.99,-0.59,-0.76,-0.70,-0.87
E000V00122,-39.071,-72.922,-0.78,-1.61,-1.40,-2.21,-0.95,-1.00,-0.99,-1.02
E000V00118,-39.103,-72.615,-0.85,-1.77,-1.58,-2.26,-0.74,-0.86,-0.84,-0.91
E000V00124,-39.165,-73.133,-0.60,-1.66,-1.11,-2.24,-0.95,-0.84,-0.87,-0.92
E000V00125,-39.196,-72.261,-0.81,-1.72,-1.70,-2.06,-0.48,-0.59,-0.54,-0.74
E000V00119,-39.262,-71.868,-1.12,-1.74,-2.08,-1.98,-0.45,-0.51,-0.50,-0.71
E000V00123,-39.289,-71.926,-1.05,-1.68,-2.16,-2.03,-0.52,-0.56,-0.52,-0.74
E000V00189,-39.373,-72.550,-0.63,-1.60,-1.44,-2.10,-0.78,-0.86,-0.81,-0.92
E000V00190,-39.390,-73.177,-0.68,-1.49,-0.93,-2.15,-0.94,-0.93,-0.93,-1.01
E000V00131,-39.632,-72.950,-0.62,-1.47,-1.22,-2.20,-0.97,-0.94,-0.92,-1.01
E000390006,-39.657,-73.087,-0.83,-1.95,-1.55,-2.92,-2.86,-1.70,-1.70,-1.95
E000V00130,-39.863,-72.501,-0.86,-1.59,-1.60,-2.17,-1.01,-0.95,-0.81,-0.88
E000V00191,-39.880,-71.910,-1.07,-1.68,-1.97,-2.25,-0.66,-0.43,-0.37,-0.37
E000V00132,-40.096,-72.927,-0.72,-1.61,-1.26,-2.24,-1.05,-0.95,-0.75,-0.84
E000V00134,-40.134,-72.415,-1.07,-1.79,-1.80,-2.34,-1.09,-0.86,-0.74,-0.88
E000V00193,-40.168,-73.647,-0.74,-0.99,-1.14,-2.16,-1.20,-1.02,-0.90,-0.96
E000V00133,-40.317,-73.024,-0.48,-1.05,-1.03,-1.93,-0.64,-0.70,-0.61,-0.71
E000V00135,-40.323,-72.979,-0.82,-1.42,-1.85,-2.45,-0.95,-0.88,-0.75,-0.87
E000V00139,-40.348,-73.308,-0.26,-1.02,-1.23,-2.12,-1.13,-1.01,-0.83,-0.90
E000V00192,-40.520,-72.000,-1.40,-1.97,-1.34,-2.38,-1.11,-0.55,-0.62,-0.62
E000400009,-40.614,-73.058,-1.26,-2.65,-1.99,-3.39,-3.59,-1.68,-1.68,-1.79
E000V00194,-40.623,-72.116,-1.27,-2.01,-1.16,-1.79,-0.80,-0.41,-0.45,-0.45
E000V00136,-40.765,-73.152,-0.93,-1.45,1.28,-0.63,-0.22,-0.47,-0.45,-0.64
E000V00138,-40.861,-73.157,-0.83,-1.36,1.45,-0.50,-0.22,-0.37,-0.42,-0.60
E000V00195,-40.873,-73.815,-0.70,-1.22,0.99,-0.52,-0.25,-0.24,-0.28,-0.43
E000V00137,-40.957,-72.886,-0.87,-1.65,0.83,-0.47,-0.22,-0.41,-0.47,-0.61
E000V00142,-41.115,-73.377,-0.92,-1.64,1.40,-0.35,-0.40,-0.42,-0.54,-0.65
E000V00197,-41.142,-72.339,-0.97,-1.72,1.35,-0.19,0.21,-0.07,-0.07,-0.07
E000V00143,-41.259,-73.009,-0.77,-1.56,1.75,0.24,0.18,-0.15,-0.34,-0.49
E000V00196,-41.359,-73.809,-0.60,-0.78,0.80,-0.69,-0.51,-0.42,-0.57,-0.69
E000410005,-41.448,-73.096,-0.69,-2.28,-1.81,-2.91,-2.79,-1.71,-1.79,-1.88
E000V00198,-41.579,-72.275,-1.04,-1.45,1.38,-0.14,0.08,0.01,-0.14,-0.14
E000V00144,-41.710,-73.672,-0.75,-0.91,1.98,0.31,0.22,0.02,-0.20,-0.35
E000V00140,-41.938,-72.435,-0.91,-1.30,1.60,0.21,0.26,0.08,-0.07,-0.07
E000V00141,-42.075,-71.865,-1.11,-0.97,2.77,1.60,1.24,0.81,0.58,0.58
E000V00151,-42.100,-72.417,-0.91,-1.36,1.77,0.43,0.44,0.19,0.03,0.03
E000V00149,-42.157,-73.490,-0.62,-1.38,1.75,0.11,0.17,0.01,-0.14,-0.34
E000V00199,-42.285,-74.078,-0.32,-0.96,2.97,0.78,0.59,0.49,0.34,0.17
E000V00201,-42.355,-72.663,-0.62,-1.10,1.67,0.35,0.14,0.08,-0.09,-0.09
E000V00147,-42.404,-73.568,-0.78,-1.42,1.95,0.15,0.26,0.10,-0.07,-0.29
E000V00148,-42.583,-73.633,-0.93,-1.33,1.70,0.19,0.28,0.21,0.00,-0.20
E000V00146,-42.704,-73.789,-1.17,-1.06,2.20,0.88,0.66,0.54,0.26,0.00
E000V00145,-42.883,-72.717,-0.58,-1.08,-0.54,-1.09,-0.67,-0.10,-0.13,-0.13
E000430002,-43.189,-71.852,-0.63,-1.94,-1.23,-3.03,-2.54,-1.06,-1.12,-1.34
E000V00200,-43.208,-74.295,-0.71,-0.97,2.89,1.25,1.05,0.63,0.48,0.22
E000V00202,-43.364,-72.850,-0.78,-1.31,-0.80,-1.29,-0.97,-0.30,-0.24,-0.24
E000V00150,-43.474,-72.126,-0.04,-0.72,-0.01,-0.57,-0.60,-0.06,-0.05,-0.05
E000430004,-43.612,-71.801,-0.46,-2.00,-1.27,-2.45,-2.51,-2.42,-2.61,-2.70
E000V00153,-43.890,-73.740,-0.83,-1.10,-0.82,-1.47,-1.10,-0.57,-0.52,-0.52
E000V00152,-43.917,-72.387,-0.20,-1.19,-1.01,-1.65,-1.25,-0.39,-0.39,-0.39
E000V00154,-44.240,-71.847,0.89,-0.62,-0.58,-1.30,-0.94,-0.31,-0.24,-0.39
E000V00203,-44.729,-73.097,-0.15,-0.95,-0.94,-1.94,-1.64,-0.72,-0.42,-0.56
E000450001,-45.399,-72.677,0.13,-0.77,-0.69,-1.18,-1.05,-0.47,-0.74,-0.74
E000450004,-45.591,-72.102,0.21,-1.57,-1.61,-2.62,-2.52,-0.84,-0.96,-1.08
E000450005,-45.918,-71.678,0.90,-0.87,-0.91,-1.93,-2.33,-1.11,-1.23,-1.65
E000V00157,-46.278,-71.941,1.87,0.57,0.76,0.09,0.50,0.65,0.58,0.50
E000V00205,-46.355,-74.778,0.48,0.10,0.30,-0.06,-0.14,0.29,0.42,0.42
E000V00204,-46.569,-73.336,0.80,0.62,0.59,0.42,0.35,0.19,0.17,0.14
E000460001,-46.585,-71.685,0.73,0.68,0.28,-1.24,-1.84,-1.08,-1.12,-1.15
E000470001,-47.244,-72.583,0.19,-1.66,-2.26,-2.74,-3.34,-1.92,-1.72,-1.64
E000V00156,-47.800,-73.536,0.78,0.16,0.06,-0.10,-0.06,0.07,0.18,0.18
E000V00155,-48.471,-72.560,0.01,0.64,0.11,-0.28,0.32,0.32,0.25,0.24
E000V00206,-48.958,-73.941,0.20,0.62,0.31,0.13,-0.05,0.12,0.17,0.24
E000520006,-53.002,-70.839,-2.05,-1.63,-1.97,-2.31,-2.46,-1.80,-2.28,-2.04
E000530005,-53.254,-70.326,-0.60,-0.92,-0.88,-0.01,-0.03,0.51,0.41,0.94
E000550001,-54.932,-67.616,-0.29,-1.54,-1.36,-1.46,-1.05,-0.80,-0.54,0.16
